%说明:以下是K氏温度值与象素灰度值的对照表, 灰度值0对应于温度值334.66，灰度值1对应于温度值334.58，以此类推。


  334.66  334.58  334.49  334.41  334.33  334.24  334.16  334.07
  333.99  333.90  333.82  333.73  333.65  333.56  333.48  333.39
  333.30  333.22  333.13  333.05  332.96  332.88  332.79  332.71
  332.62  332.54  332.45  332.36  332.28  332.19  332.11  332.02
  331.93  331.85  331.76  331.68  331.59  331.50  331.42  331.33
  331.24  331.16  331.07  330.98  330.90  330.81  330.73  330.64
  330.55  330.46  330.38  330.29  330.20  330.12  330.03  329.94
  329.86  329.77  329.68  329.59  329.51  329.42  329.33  329.24
  329.16  329.07  328.98  328.89  328.80  328.72  328.63  328.54
  328.45  328.37  328.28  328.19  328.10  328.01  327.92  327.84
  327.75  327.66  327.57  327.48  327.39  327.30  327.22  327.13
  327.04  326.95  326.86  326.77  326.68  326.59  326.50  326.42
  326.33  326.24  326.15  326.06  325.97  325.88  325.79  325.70
  325.61  325.52  325.43  325.34  325.20  325.11  325.02  324.93
  324.84  324.75  324.66  324.57  324.48  324.39  324.30  324.21
  324.12  324.03  323.94  323.85  323.75  323.66  323.57  323.48
  323.39  323.30  323.21  323.12  323.03  322.93  322.84  322.75
  322.66  322.57  322.48  322.39  322.29  322.20  322.11  322.02
  321.93  321.83  321.74  321.65  321.56  321.47  321.37  321.28
  321.19  321.10  321.00  320.91  320.82  320.73  320.63  320.54
  320.45  320.35  320.26  320.17  320.07  319.98  319.89  319.80
  319.70  319.61  319.51  319.42  319.33  319.23  319.14  319.05
  318.95  318.86  318.76  318.67  318.58  318.48  318.39  318.29
  318.20  318.10  318.01  317.91  317.82  317.73  317.63  317.54
  317.44  317.35  317.25  317.15  317.06  316.96  316.87  316.77
  316.68  316.58  316.49  316.39  316.30  316.20  316.10  316.01
  315.91  315.82  315.72  315.62  315.53  315.43  315.33  315.24
  315.14  315.05  314.95  314.85  314.75  314.66  314.56  314.46
  314.37  314.27  314.17  314.08  313.98  313.88  313.78  313.68
  313.59  313.49  313.39  313.29  313.20  313.10  313.00  312.90
  312.80  312.70  312.61  312.51  312.41  312.31  312.21  312.11
  312.01  311.92  311.82  311.72  311.62  311.52  311.42  311.32
  311.22  311.12  311.02  310.92  310.82  310.72  310.62  310.52
  310.42  310.32  310.22  310.12  310.02  309.92  309.82  309.72
  309.62  309.52  309.42  309.32  309.22  309.11  309.01  308.91
  308.81  308.71  308.61  308.51  308.40  308.30  308.20  308.10
  308.00  307.89  307.79  307.69  307.59  307.49  307.38  307.28
  307.18  307.08  306.97  306.87  306.77  306.66  306.56  306.46
  306.36  306.25  306.15  306.04  305.94  305.84  305.73  305.63
  305.52  305.42  305.32  305.21  305.11  305.00  304.90  304.80
  304.69  304.58  304.48  304.38  304.27  304.17  304.06  303.95
  303.85  303.74  303.64  303.53  303.43  303.32  303.21  303.11
  303.00  302.90  302.79  302.68  302.58  302.47  302.36  302.26
  302.15  302.04  301.94  301.83  301.72  301.61  301.51  301.40
  301.29  301.18  301.08  300.97  300.86  300.75  300.64  300.54
  300.43  300.32  300.21  300.10  299.99  299.88  299.77  299.67
  299.56  299.45  299.34  299.23  299.12  299.01  298.90  298.79
  298.68  298.57  298.46  298.35  298.24  298.13  298.02  297.90
  297.80  297.68  297.57  297.46  297.35  297.24  297.13  297.02
  296.90  296.79  296.68  296.57  296.46  296.34  296.23  296.12
  296.01  295.89  295.78  295.67  295.55  295.44  295.33  295.21
  295.10  294.99  294.87  294.76  294.65  294.53  294.42  294.30
  294.19  294.07  293.96  293.85  293.73  293.61  293.50  293.39
  293.27  293.15  293.04  292.92  292.81  292.69  292.58  292.46
  292.34  292.23  292.11  291.99  291.88  291.76  291.64  291.52
  291.41  291.29  291.17  291.05  290.94  290.82  290.70  290.58
  290.46  290.35  290.23  290.11  289.99  289.87  289.75  289.63
  289.51  289.39  289.27  289.15  289.03  288.91  288.79  288.67
  288.55  288.43  288.31  288.19  288.07  287.95  287.83  287.71
  287.58  287.46  287.34  287.22  287.10  286.98  286.85  286.73
  286.61  286.48  286.36  286.24  286.12  285.99  285.87  285.74
  285.62  285.50  285.37  285.25  285.12  285.00  284.88  284.75
  284.63  284.50  284.38  284.25  284.12  284.00  283.87  283.75
  283.62  283.49  283.37  283.24  283.11  282.99  282.86  282.73
  282.60  282.48  282.35  282.22  282.09  281.96  281.84  281.66
  281.53  281.40  281.27  281.14  281.01  280.88  280.75  280.62
  280.49  280.36  280.23  280.10  279.97  279.84  279.71  279.58
  279.45  279.31  279.18  279.05  278.92  278.79  278.65  278.52
  278.39  278.25  278.12  277.99  277.85  277.72  277.58  277.45
  277.32  277.18  277.05  276.91  276.78  276.64  276.51  276.37
  276.23  276.10  275.96  275.83  275.69  275.55  275.42  275.28
  275.14  275.00  274.86  274.73  274.59  274.45  274.31  274.17
  274.03  273.89  273.75  273.61  273.47  273.33  273.19  273.05
  272.91  272.77  272.63  272.49  272.35  272.20  272.06  271.92
  271.78  271.64  271.49  271.35  271.21  271.06  270.92  270.77
  270.63  270.48  270.34  270.20  270.05  269.90  269.76  269.61
  269.47  269.32  269.17  269.03  268.88  268.73  268.58  268.44
  268.29  268.14  267.99  267.84  267.69  267.54  267.39  267.24
  267.10  266.94  266.79  266.64  266.49  266.34  266.19  266.04
  265.88  265.73  265.58  265.43  265.27  265.12  264.96  264.81
  264.66  264.50  264.35  264.19  264.04  263.88  263.72  263.57
  263.41  263.25  263.10  262.94  262.78  262.62  262.46  262.31
  262.15  261.99  261.83  261.67  261.51  261.35  261.18  261.02
  260.86  260.70  260.54  260.38  260.21  260.05  259.89  259.72
  259.56  259.40  259.23  259.07  258.90  258.73  258.57  258.40
  258.23  258.07  257.90  257.73  257.57  257.40  257.23  257.06
  256.89  256.72  256.55  256.38  256.16  255.99  255.81  255.64
  255.47  255.30  255.12  254.95  254.77  254.60  254.43  254.25
  254.07  253.90  253.72  253.54  253.37  253.19  253.01  252.83
  252.65  252.48  252.29  252.11  251.93  251.75  251.57  251.39
  251.21  251.02  250.84  250.66  250.47  250.29  250.10  249.92
  249.73  249.54  249.36  249.17  248.98  248.79  248.60  248.42
  248.23  248.04  247.85  247.65  247.46  247.27  247.08  246.88
  246.69  246.49  246.30  246.10  245.91  245.71  245.51  245.32
  245.12  244.92  244.72  244.52  244.32  244.12  243.92  243.71
  243.51  243.31  243.10  242.90  242.69  242.49  242.28  242.07
  241.87  241.66  241.45  241.24  241.03  240.82  240.61  240.40
  240.18  239.97  239.75  239.54  239.32  239.11  238.89  238.67
  238.45  238.23  238.01  237.79  237.57  237.35  237.13  236.90
  236.68  236.45  236.18  235.95  235.72  235.49  235.26  235.04
  234.80  234.57  234.34  234.11  233.87  233.64  233.40  233.16
  232.93  232.69  232.45  232.21  231.96  231.72  231.48  231.23
  230.99  230.74  230.49  230.24  229.99  229.74  229.49  229.24
  228.99  228.73  228.48  228.22  227.96  227.70  227.44  227.18
  226.91  226.65  226.39  226.12  225.85  225.58  225.31  225.04
  224.77  224.49  224.22  223.94  223.66  223.38  223.10  222.82
  222.54  222.25  221.97  221.68  221.39  221.10  220.80  220.51
  220.21  219.92  219.57  219.27  218.96  218.66  218.35  218.04
  217.74  217.42  217.11  216.79  216.48  216.16  215.84  215.51
  215.19  214.86  214.53  214.20  213.87  213.53  213.19  212.85
  212.51  212.16  211.82  211.47  211.12  210.76  210.40  210.04
  209.68  209.31  208.94  208.57  208.20  207.82  207.44  207.06
  206.67  206.28  205.88  205.49  205.09  204.63  204.23  203.82
  203.40  202.98  202.56  202.13  201.70  201.27  200.83  200.38
  199.93  199.48  199.02  198.56  198.09  197.61  197.13  196.65
  196.16  195.66  195.16  194.65  194.13  193.61  193.08  192.54
  192.00  191.45  190.84  190.27  189.69  189.11  188.51  187.91
  187.29  186.67  186.03  185.38  184.73  184.05  183.37  182.67
  181.96  181.23  180.48  180.00  180.00  180.00  180.00  180.00
  180.00  180.00  180.00  180.00  180.00  180.00  180.00  180.00
  180.00  180.00  180.00  180.00  180.00  180.00  180.00  180.00
  180.00  180.00  180.00  180.00  180.00  180.00  180.00  180.00
  180.00  180.00  180.00  180.00  180.00  180.00  180.00  180.00
  180.00  180.00  180.00  180.00  180.00  180.00  180.00  180.00
  180.00  180.00  180.00  180.00  180.00  180.00  180.00  180.00
  180.00  180.00  180.00  180.00  180.00  180.00  180.00  180.00
  180.00  180.00  180.00  180.00  180.00  180.00  180.00  180.00
  180.00  180.00  180.00  180.00  180.00  180.00  180.00  180.00
  296.97  296.92  296.88  296.84  296.80  296.75  296.71  296.67
  296.62  296.58  296.53  296.48  296.44  296.40  296.35  296.31
  296.27  296.22  296.18  296.14  296.09  296.05  296.00  295.96
  295.92  295.87  295.83  295.79  295.74  295.70  295.65  295.61
  295.57  295.52  295.47  295.42  295.38  295.33  295.29  295.25
  295.20  295.16  295.11  295.07  295.02  294.98  294.93  294.89
  294.85  294.80  294.76  294.71  294.67  294.62  294.58  294.53
  294.49  294.44  294.39  294.34  294.30  294.25  294.21  294.16
  294.12  294.07  294.03  293.98  293.94  293.89  293.85  293.80
  293.76  293.71  293.67  293.62  293.57  293.53  293.48  293.44
  293.39  293.35  293.29  293.24  293.20  293.15  293.11  293.06
  293.01  292.97  292.92  292.88  292.83  292.78  292.74  292.69
  292.64  292.60  292.55  292.51  292.46  292.41  292.37  292.32
  292.26  292.22  292.17  292.12  292.08  292.03  291.98  291.94
  291.89  291.84  291.80  291.75  291.70  291.65  291.61  291.56
  291.51  291.46  291.42  291.37  291.32  291.28  291.23  291.17
  291.12  291.08  291.03  290.98  290.93  290.89  290.84  290.79
  290.74  290.69  290.65  290.60  290.55  290.50  290.45  290.40
  290.36  290.31  290.26  290.21  290.16  290.11  290.06  290.01
  289.96  289.91  289.86  289.81  289.77  289.72  289.67  289.62
  289.57  289.52  289.47  289.42  289.37  289.33  289.28  289.23
  289.18  289.13  289.07  289.02  288.97  288.92  288.87  288.82
  288.77  288.72  288.67  288.62  288.57  288.52  288.47  288.42
  288.37  288.32  288.27  288.22  288.17  288.12  288.07  288.01
  287.96  287.91  287.86  287.81  287.76  287.71  287.66  287.61
  287.56  287.51  287.46  287.41  287.36  287.30  287.25  287.20
  287.15  287.10  287.05  286.99  286.94  286.89  286.83  286.78
  286.73  286.68  286.63  286.58  286.53  286.47  286.42  286.37
  286.32  286.27  286.21  286.16  286.11  286.06  286.01  285.95
  285.89  285.84  285.79  285.74  285.68  285.63  285.58  285.53
  285.47  285.42  285.37  285.32  285.26  285.21  285.16  285.10
  285.05  285.00  284.94  284.88  284.83  284.77  284.72  284.67
  284.61  284.56  284.51  284.45  284.40  284.35  284.29  284.24
  284.18  284.13  284.08  284.02  283.97  283.91  283.85  283.80
  283.74  283.69  283.63  283.58  283.52  283.47  283.41  283.36
  283.30  283.25  283.20  283.14  283.08  283.03  282.98  282.92
  282.86  282.80  282.74  282.69  282.63  282.58  282.52  282.47
  282.41  282.35  282.30  282.24  282.19  282.13  282.08  282.02
  281.96  281.91  281.85  281.78  281.73  281.67  281.61  281.56
  281.50  281.44  281.39  281.33  281.27  281.22  281.16  281.10
  281.05  280.99  280.93  280.87  280.82  280.75  280.69  280.63
  280.58  280.52  280.46  280.40  280.34  280.29  280.23  280.17
  280.11  280.05  279.99  279.94  279.88  279.82  279.75  279.69
  279.63  279.57  279.52  279.46  279.40  279.34  279.28  279.22
  279.16  279.10  279.04  278.98  278.92  278.86  278.80  278.73
  278.67  278.61  278.55  278.49  278.43  278.37  278.31  278.25
  278.19  278.13  278.07  278.01  277.95  277.89  277.83  277.77
  277.70  277.64  277.57  277.51  277.45  277.39  277.33  277.27
  277.21  277.14  277.08  277.02  276.96  276.90  276.83  276.77
  276.70  276.64  276.58  276.51  276.45  276.39  276.33  276.26
  276.20  276.14  276.07  276.01  275.95  275.88  275.82  275.76
  275.68  275.62  275.56  275.49  275.43  275.37  275.30  275.24
  275.17  275.11  275.05  274.98  274.92  274.85  274.79  274.71
  274.65  274.58  274.52  274.45  274.39  274.32  274.26  274.19
  274.13  274.06  273.99  273.93  273.86  273.80  273.72  273.65
  273.59  273.52  273.46  273.39  273.32  273.26  273.19  273.12
  273.06  272.99  272.92  272.85  272.79  272.71  272.64  272.57
  272.51  272.44  272.37  272.30  272.23  272.17  272.10  272.03
  271.96  271.89  271.82  271.76  271.68  271.61  271.54  271.47
  271.40  271.33  271.26  271.19  271.12  271.05  270.98  270.91
  270.84  270.77  270.69  270.62  270.55  270.48  270.41  270.34
  270.27  270.20  270.13  270.05  269.98  269.91  269.84  269.76
  269.69  269.61  269.54  269.47  269.40  269.33  269.25  269.18
  269.11  269.04  268.96  268.89  268.82  268.73  268.66  268.59
  268.51  268.44  268.37  268.29  268.22  268.14  268.07  267.99
  267.92  267.85  267.76  267.69  267.61  267.54  267.46  267.39
  267.31  267.23  267.16  267.08  267.01  266.93  266.86  266.77
  266.69  266.61  266.54  266.46  266.39  266.31  266.23  266.15
  266.08  266.00  265.92  265.83  265.75  265.68  265.60  265.52
  265.44  265.36  265.28  265.20  265.13  265.05  264.97  264.89
  264.80  264.72  264.64  264.56  264.48  264.40  264.32  264.23
  264.15  264.07  263.99  263.90  263.82  263.74  263.66  263.57
  263.49  263.41  263.33  263.24  263.16  263.08  263.00  262.90
  262.82  262.74  262.65  262.57  262.49  262.40  262.32  262.23
  262.15  262.06  261.97  261.88  261.80  261.71  261.63  261.54
  261.46  261.37  261.28  261.20  261.11  261.02  260.93  260.84
  260.75  260.67  260.58  260.49  260.40  260.32  260.23  260.14
  260.04  259.95  259.86  259.77  259.68  259.59  259.50  259.41
  259.32  259.23  259.14  259.04  258.95  258.86  258.77  258.68
  258.59  258.49  258.40  258.31  258.22  258.11  258.02  257.93
  257.83  257.74  257.65  257.55  257.46  257.37  257.27  257.17
  257.07  256.98  256.88  256.79  256.69  256.59  256.50  256.40
  256.30  256.20  256.10  256.00  255.90  255.81  255.71  255.61
  255.51  255.41  255.30  255.21  255.11  255.01  254.91  254.81
  254.71  254.60  254.50  254.40  254.29  254.19  254.09  253.99
  253.88  253.78  253.68  253.57  253.47  253.36  253.25  253.15
  253.04  252.94  252.84  252.73  252.62  252.52  252.40  252.30
  252.19  252.08  251.98  251.87  251.76  251.65  251.53  251.42
  251.32  251.21  251.10  250.99  250.88  250.76  250.65  250.54
  250.43  250.32  250.21  250.10  249.98  249.87  249.76  249.64
  249.53  249.41  249.30  249.18  249.07  248.95  248.84  248.72
  248.60  248.49  248.37  248.25  248.13  248.01  247.90  247.78
  247.66  247.54  247.42  247.30  247.18  247.05  246.93  246.81
  246.69  246.56  246.44  246.32  246.19  246.07  245.94  245.82
  245.69  245.56  245.44  245.31  245.18  245.05  244.93  244.80
  244.67  244.54  244.41  244.28  244.15  244.01  243.88  243.75
  243.62  243.48  243.35  243.21  243.08  242.95  242.81  242.67
  242.54  242.40  242.26  242.12  241.98  241.84  241.70  241.56
  241.42  241.28  241.14  240.99  240.85  240.71  240.56  240.42
  240.27  240.13  239.98  239.83  239.68  239.53  239.38  239.24
  239.08  238.93  238.78  238.63  238.48  238.32  238.17  238.01
  237.86  237.70  237.54  237.38  237.23  237.07  236.91  236.74
  236.58  236.42  236.26  236.09  235.93  235.76  235.60  235.43
  235.26  235.09  234.93  234.75  234.58  234.41  234.24  234.06
  233.89  233.71  233.54  233.36  233.18  233.00  232.82  232.64
  232.46  232.27  232.09  231.90  231.72  231.53  231.34  231.15
  230.96  230.77  230.58  230.38  230.19  229.99  229.79  229.60
  229.40  229.20  228.99  228.79  228.58  228.38  228.17  227.96
  227.75  227.54  227.32  227.11  226.89  226.68  226.46  226.24
  226.01  225.79  225.57  225.34  225.11  224.88  224.65  224.41
  224.18  223.94  223.70  223.46  223.22  222.97  222.73  222.48
  222.22  221.97  221.72  221.46  221.20  220.94  220.67  220.40
  220.14  219.86  219.59  219.31  219.03  218.75  218.47  218.18
  217.89  217.59  217.30  217.00  216.70  216.39  216.08  215.77
  215.45  215.13  214.81  214.48  214.15  213.81  213.47  213.13
  212.78  212.43  212.07  211.71  211.34  210.97  210.60  210.21
  209.82  209.43  209.03  208.63  208.21  207.79  207.37  206.93
  206.49  206.05  205.59  205.13  204.65  204.17  203.68  203.18
  202.66  202.14  201.61  201.06  200.50  199.93  199.34  198.74
  198.12  197.49  196.84  196.17  195.47  194.76  194.02  193.26
  192.47  191.65  190.80  190.00  190.00  190.00  190.00  190.00
  190.00  190.00  190.00  190.00  190.00  190.00  190.00  190.00
  190.00  190.00  190.00  190.00  190.00  190.00  190.00  190.00
  190.00  190.00  190.00  190.00  190.00  190.00  190.00  190.00
  190.00  190.00  190.00  190.00  190.00  190.00  190.00  190.00
  190.00  190.00  190.00  190.00  190.00  190.00  190.00  190.00
  190.00  190.00  190.00  190.00  190.00  190.00  190.00  190.00
  190.00  190.00  190.00  190.00  190.00  190.00  190.00  190.00
