307
1	14418	8046
2	11664	8010
3	8118	7974
4	9162	7992
5	9630	7992
6	7398	7956
7	4716	7956
8	6750	7956
9	1602	7938
10	3528	7902
11	5616	7920
12	2502	7902
13	8118	7668
14	1566	7650
15	9144	7650
16	9594	7650
17	10332	7650
18	7452	7596
19	6534	7290
20	5598	7254
21	11574	7164
22	6750	7146
23	8064	7146
24	10296	7182
25	9162	7146
26	2484	7110
27	4644	7110
28	6480	7128
29	7380	7128
30	3510	7110
31	5022	7110
32	1458	7092
33	2106	7074
34	5616	7110
35	14544	7020
36	1404	6984
37	13302	6984
38	2268	6858
39	14040	6840
40	14418	6840
41	8460	6642
42	8100	6606
43	1314	6480
44	9180	6318
45	11376	6318
46	2772	6282
47	8478	6300
48	9810	6300
49	10242	6318
50	6732	6282
51	7380	6264
52	8118	6282
53	5040	6264
54	5580	6246
55	5238	6210
56	6372	6210
57	4518	6192
58	4158	6084
59	3888	6066
60	3726	6012
61	9846	5976
62	3096	5958
63	10242	5922
64	5238	5886
65	4104	5868
66	1692	5832
67	1224	5814
68	4626	5814
69	4104	5688
70	4554	5634
71	1728	5652
72	5094	5634
73	3042	5508
74	4500	5508
75	5058	5454
76	4914	5346
77	13050	5346
78	9846	5292
79	13266	5292
80	4194	5238
81	11142	5274
82	3474	5238
83	7434	5256
84	9162	5256
85	9972	5256
86	10458	5238
87	5616	5220
88	8118	5220
89	3042	5220
90	5274	5202
91	6372	5220
92	1080	5202
93	4050	5202
94	1548	5184
95	2394	5184
96	4716	5184
97	2196	5166
98	4932	5184
99	5292	5058
100	4104	5004
101	5130	4968
102	2160	4950
103	4986	4896
104	4662	4878
105	5508	4878
106	5634	4860
107	6408	4860
108	7398	4842
109	1566	4788
110	5274	4788
111	990	4752
112	4968	4680
113	2124	4662
114	6390	4662
115	8082	4662
116	9162	4662
117	7398	4662
118	5562	4608
119	5346	4572
120	5886	4554
121	4986	4572
122	10008	4446
123	9198	4392
124	4590	4356
125	5598	4356
126	5994	4356
127	5472	4356
128	900	4338
129	5004	4302
130	1278	4266
131	2088	4266
132	4140	4284
133	5292	4284
134	5832	4284
135	4338	4248
136	9954	4230
137	10422	4230
138	8046	4104
139	7416	4104
140	6390	4086
141	9180	4086
142	5508	4068
143	5616	4050
144	5922	4050
145	6678	4050
146	6030	4050
147	6984	4050
148	9882	4032
149	7452	3888
150	6642	3852
151	8316	3888
152	6408	3852
153	5868	3834
154	7020	3852
155	6840	3726
156	5580	3780
157	810	3762
158	1242	3744
159	3114	3762
160	4140	3744
161	4644	3762
162	5166	3780
163	6174	3726
164	6552	3690
165	7722	3636
166	8262	3654
167	1962	3636
168	8802	3618
169	7506	3618
170	10152	3618
171	7110	3582
172	6840	3546
173	7830	3528
174	3186	3366
175	4932	3348
176	3438	3330
177	3852	3330
178	4104	3348
179	5166	3330
180	3312	3348
181	4356	3348
182	4644	3330
183	5580	3312
184	7110	3276
185	7308	3186
186	3168	3186
187	3474	3186
188	4950	3186
189	5148	3168
190	4500	3150
191	4140	3132
192	7848	3132
193	630	3024
194	7452	2988
195	3456	2988
196	5364	2952
197	8352	2970
198	3132	2916
199	3798	2952
200	4626	2934
201	5976	2952
202	6768	2952
203	8118	2952
204	4518	2934
205	5166	2934
206	5544	2916
207	6516	2934
208	4104	2916
209	5058	2916
210	7812	2898
211	1818	2898
212	4104	2808
213	7308	2844
214	7128	2844
215	9162	2790
216	6696	2754
217	3456	2808
218	3132	2772
219	4608	2736
220	8118	2736
221	5022	2736
222	6516	2718
223	7074	2718
224	6858	2664
225	7740	2628
226	9180	2664
227	8082	2628
228	10188	2628
229	5004	2556
230	6282	2538
231	3114	2502
232	3456	2502
233	4590	2502
234	4104	2484
235	11970	2466
236	11376	2448
237	13068	2430
238	7434	2376
239	6336	2358
240	7740	2340
241	8262	2358
242	9198	2340
243	5526	2340
244	6840	2322
245	3294	2250
246	3474	2250
247	4122	2250
248	4590	2250
249	6012	2214
250	6156	2142
251	11304	2160
252	6282	2142
253	11952	2142
254	5148	2124
255	432	2106
256	3294	2070
257	13050	2088
258	4086	2070
259	3096	2070
260	1674	2016
261	8298	1908
262	5184	1908
263	5508	1908
264	6030	1890
265	7452	1908
266	7722	1890
267	5058	1800
268	6840	1728
269	6120	1710
270	1638	1656
271	5652	1548
272	9198	1494
273	5976	1476
274	6390	1404
275	306	1386
276	4068	1386
277	7452	1368
278	6624	1332
279	6876	1350
280	8262	1314
281	4986	1260
282	6066	1278
283	6408	1278
284	5616	1278
285	7416	1116
286	6894	1062
287	1854	1008
288	5796	936
289	2178	864
290	6768	756
291	3960	738
292	5832	738
293	6624	738
294	7416	720
295	11880	702
296	12978	684
297	216	414
298	3798	360
299	8262	288
300	5832	288
301	6516	288
302	6642	270
303	7434	270
304	8748	252
305	10872	216
306	11880	198
307	12960	162

1	2
1	35
2	5
2	21
3	6
3	4
3	13
4	5
4	15
5	16
6	8
6	18
7	10
7	11
7	27
8	11
8	22
9	12
9	14
10	12
10	30
11	20
12	26
13	18
13	23
14	32
14	33
15	16
15	25
16	17
17	24
18	29
19	20
19	28
20	34
21	24
21	37
21	45
22	28
22	29
22	50
23	25
23	29
23	42
24	25
24	49
25	44
26	30
26	33
27	30
27	31
27	57
28	34
29	51
30	60
31	34
31	53
32	33
32	36
33	38
34	54
35	40
36	38
36	43
37	39
38	46
39	40
39	77
40	79
41	42
41	47
42	52
43	46
43	67
44	47
44	48
44	84
45	49
45	81
46	62
47	52
48	49
48	61
49	63
50	51
50	56
51	52
51	83
52	88
53	55
53	57
54	55
54	56
54	87
55	64
56	91
57	58
57	68
58	59
58	65
59	60
59	65
60	62
60	69
60	82
61	63
61	78
62	66
64	72
65	69
65	70
66	67
66	71
67	92
68	70
69	74
69	93
70	75
71	73
72	75
73	89
74	76
75	90
76	98
77	79
77	81
78	84
78	85
79	237
80	93
80	96
80	100
81	86
82	89
82	93
83	88
83	91
83	108
84	88
84	116
85	86
85	122
86	137
87	90
87	91
87	106
88	115
89	95
90	98
90	99
91	107
92	94
92	111
93	100
94	97
94	109
95	97
95	102
96	98
96	104
97	102
98	101
99	101
99	105
100	132
101	103
101	110
102	113
103	104
103	112
104	124
105	106
106	107
106	118
106	120
107	108
107	114
108	117
109	111
109	113
110	112
110	118
111	128
112	121
113	131
114	117
114	140
115	116
115	117
115	138
116	123
117	139
118	119
118	125
118	134
119	121
119	127
120	126
121	129
122	123
123	141
124	129
124	135
125	127
125	143
126	146
127	133
128	130
128	157
129	133
130	131
130	158
131	132
131	167
132	135
132	160
133	142
134	144
136	137
136	148
138	139
138	141
139	147
139	149
140	145
140	146
140	152
141	148
141	215
142	143
143	144
143	156
144	146
144	153
145	147
145	150
146	152
147	154
149	151
149	154
149	169
150	152
150	154
151	166
152	155
153	163
153	201
154	171
155	171
156	162
156	183
157	158
157	193
158	167
159	160
159	174
160	161
160	178
161	162
162	179
163	164
164	172
165	169
165	173
166	173
167	211
168	170
168	192
169	192
169	194
171	185
171	172
172	184
174	180
174	186
175	179
175	182
175	188
176	177
176	180
176	187
177	178
177	199
178	181
178	191
179	189
181	182
181	190
182	200
183	196
184	214
185	194
186	187
186	198
187	195
188	189
189	205
190	191
190	204
191	208
193	211
193	255
194	210
194	213
194	214
194	238
195	198
195	199
196	206
196	209
197	203
197	215
198	211
198	218
199	208
200	204
200	209
200	219
201	206
201	207
202	207
202	214
202	216
203	210
203	220
204	208
205	209
205	254
206	243
207	222
208	212
209	221
210	225
211	260
212	234
213	223
214	216
215	226
215	228
216	222
216	224
217	218
217	232
218	231
219	221
219	233
220	226
220	227
221	229
222	230
223	224
224	239
224	244
225	227
226	242
228	251
229	233
230	250
231	232
231	259
232	234
232	246
233	234
233	248
234	247
235	236
235	237
236	251
237	257
238	240
238	244
238	265
239	252
240	241
240	266
241	242
241	261
242	272
243	249
243	263
244	268
245	246
245	256
246	247
247	248
247	258
249	250
250	252
250	264
251	253
251	305
252	269
253	257
253	295
254	258
255	260
255	275
256	258
256	259
257	296
258	276
260	270
261	266
261	280
262	263
262	267
264	271
265	266
265	277
267	281
268	269
268	279
269	273
270	287
271	284
272	304
273	274
274	278
275	297
276	281
276	291
277	279
277	280
277	285
278	279
278	290
279	286
280	299
282	283
282	284
282	288
283	293
285	286
285	294
286	290
287	289
288	292
289	291
290	294
290	302
291	292
291	298
292	300
293	301
294	303
295	296
295	306
296	307
297	298
298	300
299	303
299	304
300	301
301	302
302	303
304	305
305	306
306	307