8
1 221
2 227
3 219
4 200
5 199
6 187
7 190
8 139

18
1 424
2 417
3 425
4 434
5 438
6 411
7 426
8 421
9 408
10 371
11 369
12 374
13 407
14 422
15 423
16 432
17 433
18 444

41
1 202
2 170
3 159
4 121
5 123
6 158
7 122
8 119
9 143
10 148
11 161
12 168
13 201
14 198
15 180
16 169
17 183
18 195
19 209
20 216
21 206
22 229
23 230
24 231
25 204
26 203
27 196
28 181
29 166
30 163
31 149
32 193
33 194
34 217
35 174
36 173
37 192
38 145
39 171
40 162
41 165

40
1 126
2 127
3 141
4 218
5 142
6 140
7 76
8 46
9 28
10 8
11 7
12 9
13 27
14 29
15 44
16 75
17 82
18 106
19 105
20 81
21 83
22 45
23 30
24 2
25 0
26 3
27 35
28 77
29 78
30 132
31 37
32 36
33 1
34 64
35 66
36 61
37 68
38 67
39 125
40 124

16
1 355
2 455
3 390
4 367
5 365
6 366
7 392
8 389
9 393
10 446
11 445
12 456
13 457
14 447
15 399
16 368

1
1 128

21
1 450
2 451
3 415
4 427
5 403
6 402
7 373
8 375
9 377
10 354
11 346
12 347
13 353
14 332
15 323
16 324
17 310
18 311
19 338
20 228
21 302

75
1 250
2 289
3 308
4 328
5 379
6 378
7 318
8 246
9 233
10 205
11 197
12 186
13 236
14 225
15 245
16 260
17 241
18 226
19 224
20 305
21 244
22 242
23 234
24 239
25 223
26 222
27 191
28 220
29 189
30 238
31 243
32 264
33 262
34 240
35 237
36 235
37 247
38 248
39 261
40 271
41 272
42 270
43 269
44 268
45 267
46 304
47 290
48 335
49 303
50 291
51 321
52 320
53 319
54 322
55 336
56 350
57 340
58 352
59 370
60 380
61 410
62 416
63 429
64 414
65 406
66 388
67 386
68 387
69 357
70 372
71 391
72 351
73 349
74 339
75 266

49
1 172
2 144
3 93
4 60
5 34
6 32
7 21
8 15
9 16
10 38
11 52
12 33
13 10
14 4
15 5
16 6
17 11
18 23
19 31
20 39
21 42
22 24
23 41
24 43
25 69
26 70
27 80
28 71
29 74
30 138
31 146
32 88
33 86
34 84
35 40
36 53
37 85
38 92
39 136
40 95
41 87
42 135
43 137
44 175
45 150
46 185
47 188
48 177
49 176

47
1 13
2 55
3 50
4 56
5 91
6 89
7 94
8 108
9 90
10 97
11 114
12 117
13 110
14 115
15 116
16 103
17 101
18 98
19 96
20 100
21 54
22 49
23 20
24 12
25 14
26 51
27 102
28 47
29 19
30 22
31 17
32 18
33 25
34 26
35 57
36 48
37 62
38 63
39 65
40 59
41 72
42 73
43 111
44 107
45 79
46 99
47 109

33
1 130
2 131
3 129
4 153
5 104
6 134
7 164
8 214
9 212
10 215
11 184
12 167
13 157
14 160
15 147
16 133
17 120
18 118
19 112
20 113
21 154
22 151
23 152
24 155
25 178
26 179
27 156
28 182
29 207
30 210
31 213
32 211
33 208

16
1 265
2 253
3 251
4 252
5 300
6 301
7 395
8 333
9 312
10 401
11 396
12 418
13 448
14 413
15 435
16 437

19
1 404
2 405
3 409
4 419
5 420
6 440
7 441
8 449
9 442
10 436
11 430
12 428
13 431
14 443
15 439
16 453
17 454
18 452
19 400

66
1 254
2 255
3 273
4 279
5 292
6 274
7 293
8 306
9 341
10 313
11 343
12 359
13 358
14 361
15 381
16 382
17 398
18 342
19 294
20 280
21 278
22 282
23 281
24 283
25 287
26 286
27 257
28 256
29 258
30 249
31 259
32 275
33 276
34 288
35 297
36 284
37 299
38 314
39 307
40 330
41 334
42 360
43 383
44 397
45 385
46 364
47 384
48 394
49 363
50 362
51 325
52 298
53 315
54 316
55 277
56 295
57 285
58 296
59 309
60 331
61 344
62 317
63 345
64 356
65 348
66 327