maxh2 =

    0.0017


xg2 =

    40

yg2 =

  Columns 1 through 17

     6     7     6     6     7     6     6     6     7     6     6     6     6     6     7     6     6

  Columns 18 through 34

     6     6     6     6     6     6     6     6     6     6     6     6     6     5     6     6     6

  Columns 35 through 51

     6     6     5     6     6     5     6     6     6     5     6     5     6     6     5     6     5

  Columns 52 through 68

     6     5     6     5     6     5     6     5     5     6     5     6     5     5     6     5     5

  Columns 69 through 85

     5     6     5     5     5     5     5     6     5     5     5     5     5     5     5     5     5

  Columns 86 through 102

     5     5     5     5     5     5     5     4     5     5     5     5     4     5     5     5     4

  Columns 103 through 119

     5     5     4     5     5     4     5     5     4     5     4     5     4     5     4     5     4

  Columns 120 through 136

     4     5     4     5     4     4     5     4     4     5     4     4     4     4     5     4     4

  Columns 137 through 153

     4     4     4     4     5     4     4     4     4     4     4     4     4     4     4     3     4

  Columns 154 through 170

     4     4     4     4     3     4     4     4     4     3     4     4     3     4     4     3     4

  Columns 171 through 187

     4     3     4     3     4     3     4     3     4     3     4     3     3     4     3     4     3

  Columns 188 through 204

     3     4     3     3     3     4     3     3     3     4     3     3     3     3     3     3     3

  Columns 205 through 221

     3     3     3     3     3     3     3     3     3     3     3     3     3     3     3     2     3

  Columns 222 through 238

     3     3     2     3     3     3     2     3     3     2     3     3     2     3     2     3     2

  Columns 239 through 255

     3     2     3     2     3     2     3     2     3     2     2     3     2     2     3     2     2

  Columns 256 through 272

     2     3     2     2     2     2     3     2     2     2     2     2     2     2     2     2     2

  Columns 273 through 289

     2     2     2     2     2     2     2     2     2     2     1     2     2     2     2     1     2

  Columns 290 through 306

     2     1     2     2     2     1     2     1     2     2     1     2     1     2     1     2     1

  Columns 307 through 323

     2     1     2     1     2     1     1     2     1     1     2     1     1     1     2     1     1

  Columns 324 through 340

     1     2     1     1     1     1     1     1     2     1     1     1     1     1     1     1     1

  Columns 341 through 357

     1     1     1     0     1     1     1     1     1     1     0     1     1     1     0     1     1

  Columns 358 through 374

     1     0     1     1     0     1     0     1     1     0     1     0     1     0     1     0     1

  Columns 375 through 391

     0     1     0     0     1     0     1     0     0     1     0     0     0     1     0     0     0

  Columns 392 through 408

     1     0     0     0     0     0     0     1     0     0     0     0     0     0     0     0     0

  Columns 409 through 425

     0     0     0     0    -1     0     0     0     0     0     0    -1     0     0     0    -1     0

  Columns 426 through 442

     0    -1     0     0    -1     0     0    -1     0     0    -1     0    -1     0    -1     0    -1

  Columns 443 through 459

     0    -1     0    -1    -1     0    -1     0    -1    -1     0    -1    -1     0    -1    -1    -1

  Columns 460 through 476

     0    -1    -1    -1    -1     0    -1    -1    -1    -1    -1    -1    -1    -1    -1    -1    -1

  Columns 477 through 493

    -1    -1    -1    -1    -1    -1    -1    -1    -1    -1    -1    -1    -2    -1    -1    -1    -1

  Columns 494 through 510

    -2    -1    -1    -1    -2    -1    -1    -2    -1    -1    -2    -1    -1    -2    -1    -2    -1

  Columns 511 through 527

    -2    -1    -2    -1    -2    -1    -2    -1    -2    -1    -2    -2    -1    -2    -1    -2    -2

  Columns 528 through 544

    -1    -2    -2    -2    -1    -2    -2    -2    -1    -2    -2    -2    -2    -1    -2    -2    -2

  Columns 545 through 561

    -2    -2    -2    -2    -2    -2    -2    -2    -2    -2    -2    -2    -2    -2    -2    -2    -2

  Columns 562 through 578

    -2    -2    -3    -2    -2    -2    -2    -3    -2    -2    -2    -3    -2    -2    -2    -3    -2

  Columns 579 through 595

    -2    -3    -2    -2    -3    -2    -3    -2    -2    -3    -2    -3    -2    -3    -2    -3    -2

  Columns 596 through 612

    -3    -2    -3    -3    -2    -3    -2    -3    -3    -2    -3    -3    -2    -3    -3    -3    -2

  Columns 613 through 629

    -3    -3    -3    -2    -3    -3    -3    -3    -2    -3    -3    -3    -3    -3    -3    -3    -3

  Columns 630 through 646

    -3    -3    -3    -3    -3    -3    -3    -3    -3    -3    -3    -3    -3    -3    -3    -3    -3

  Columns 647 through 663

    -4    -3    -3    -3    -3    -4    -3    -3    -3    -3    -4    -3    -3    -4    -3    -3    -4

  Columns 664 through 680

    -3    -3    -4    -3    -3    -4    -3    -4    -3    -4    -3    -3    -4    -3    -4    -3    -4

  Columns 681 through 697

    -4    -3    -4    -3    -4    -3    -4    -4    -3    -4    -4    -3    -4    -4    -3    -4    -4

  Columns 698 through 714

    -3    -4    -4    -4    -3    -4    -4    -4    -4    -3    -4    -4    -4    -4    -4    -4    -3

  Columns 715 through 731

    -4    -4    -4    -4    -4    -4    -4    -4    -4    -4    -4    -4    -4    -4    -4    -4    -4

  Columns 732 through 748

    -4    -4    -5    -4    -4    -4    -4    -4    -4    -5    -4    -4    -4    -4    -5    -4    -4

  Columns 749 through 765

    -4    -5    -4    -4    -4    -5    -4    -4    -5    -4    -4    -5    -4    -5    -4    -4    -5

  Columns 766 through 782

    -4    -5    -4    -5    -4    -5    -4    -4    -5    -5    -4    -5    -4    -5    -4    -5    -4

  Columns 783 through 799

    -5    -5    -4    -5    -4    -5    -5    -4    -5    -5    -4    -5    -5    -5    -4    -5    -5

  Columns 800 through 816

    -5    -4    -5    -5    -5    -4    -5    -5    -5    -5    -5    -4    -5    -5    -5    -5    -5

  Columns 817 through 833

    -5    -5    -5    -5    -4    -5    -5    -5    -5    -5    -5    -5    -5    -5    -5    -6    -5

  Columns 834 through 850

    -5    -5    -5    -5    -5    -5    -5    -5    -5    -6    -5    -5    -5    -5    -5    -6    -5

  Columns 851 through 867

    -5    -5    -5    -6    -5    -5    -5    -6    -5    -5    -6    -5    -5    -6    -5    -5    -6

  Columns 868 through 884

    -5    -5    -6    -5    -5    -6    -5    -6    -5    -5    -6    -5    -6    -5    -6    -5    -6

  Columns 885 through 901

    -5    -6    -5    -6    -5    -6    -5    -6    -5    -6    -6    -5    -6    -5    -6    -6    -5

  Columns 902 through 918

    -6    -5    -6    -6    -5    -6    -6    -5    -6    -6    -5    -6    -6    -6    -5    -6    -6

  Columns 919 through 935

    -6    -5    -6    -6    -6    -5    -6    -6    -6    -6    -6    -5    -6    -6    -6    -6    -6

  Columns 936 through 952

    -6    -5    -6    -6    -6    -6    -6    -6    -6    -6    -6    -6    -6    -6    -6    -6    -6

  Columns 953 through 969

    -6    -6    -6    -6    -6    -6    -6    -6    -6    -6    -6    -6    -6    -6    -6    -7    -6

  Columns 970 through 986

    -6    -6    -6    -6    -6    -6    -7    -6    -6    -6    -6    -6    -7    -6    -6    -6    -7

  Columns 987 through 1003

    -6    -6    -6    -6    -7    -6    -6    -7    -6    -6    -6    -7    -6    -6    -7    -6    -6

  Columns 1004 through 1020

    -7    -6    -6    -7    -6    -6    -7    -6    -7    -6    -6    -7    -6    -7    -6    -6    -7

  Columns 1021 through 1037

    -6    -7    -6    -7    -6    -7    -6    -6    -7    -6    -7    -6    -7    -6    -7    -6    -7

  Columns 1038 through 1054

    -7    -6    -7    -6    -7    -6    -7    -6    -7    -7    -6    -7    -6    -7    -7    -6    -7

  Columns 1055 through 1071

    -6    -7    -7    -6    -7    -7    -6    -7    -7    -6    -7    -7    -6    -7    -7    -7    -6

  Columns 1072 through 1088

    -7    -7    -6    -7    -7    -7    -6    -7    -7    -7    -6    -7    -7    -7    -6    -7    -7

  Columns 1089 through 1105

    -7    -7    -6    -7    -7    -7    -7    -7    -6    -7    -7    -7    -7    -7    -7    -6    -7

  Columns 1106 through 1122

    -7    -7    -7    -7    -7    -7    -7    -6    -7    -7    -7    -7    -7    -7    -7    -7    -7

  Columns 1123 through 1139

    -7    -7    -7    -7    -7    -7    -7    -7    -7    -7    -7    -7    -7    -7    -7    -7    -7

  Columns 1140 through 1156

    -7    -7    -7    -7    -7    -7    -7    -7    -7    -7    -7    -7    -7    -7    -7    -7    -7

  Columns 1157 through 1173

    -8    -7    -7    -7    -7    -7    -7    -7    -7    -7    -8    -7    -7    -7    -7    -7    -7

  Columns 1174 through 1190

    -8    -7    -7    -7    -7    -7    -7    -8    -7    -7    -7    -7    -8    -7    -7    -7    -7

  Columns 1191 through 1207

    -8    -7    -7    -7    -7    -8    -7    -7    -7    -7    -8    -7    -7    -7    -8    -7    -7

  Columns 1208 through 1224

    -7    -8    -7    -7    -7    -8    -7    -7    -8    -7    -7    -7    -8    -7    -7    -8    -7

  Columns 1225 through 1241

    -7    -7    -8    -7    -7    -8    -7    -7    -8    -7    -7    -8    -7    -7    -8    -7    -7

  Columns 1242 through 1258

    -8    -7    -7    -8    -7    -7    -8    -7    -7    -8    -7    -8    -7    -7    -8    -7    -7

  Columns 1259 through 1275

    -8    -7    -8    -7    -7    -8    -7    -8    -7    -7    -8    -7    -8    -7    -7    -8    -7

  Columns 1276 through 1292

    -8    -7    -7    -8    -7    -8    -7    -8    -7    -7    -8    -7    -8    -7    -8    -7    -7

  Columns 1293 through 1309

    -8    -7    -8    -7    -8    -7    -8    -7    -7    -8    -7    -8    -7    -8    -7    -8    -7

  Columns 1310 through 1326

    -8    -7    -8    -7    -8    -7    -7    -8    -7    -8    -7    -8    -7    -8    -7    -8    -7

  Columns 1327 through 1343

    -8    -7    -8    -7    -8    -7    -8    -7    -8    -7    -8    -7    -8    -7    -8    -7    -8

  Columns 1344 through 1360

    -7    -8    -7    -8    -7    -8    -7    -8    -7    -8    -7    -8    -7    -8    -7    -8    -7

  Columns 1361 through 1377

    -8    -7    -8    -7    -8    -7    -8    -7    -8    -8    -7    -8    -7    -8    -7    -8    -7

  Columns 1378 through 1394

    -8    -7    -8    -7    -8    -7    -8    -7    -8    -7    -8    -7    -8    -8    -7    -8    -7

  Columns 1395 through 1411

    -8    -7    -8    -7    -8    -7    -8    -7    -8    -7    -8    -7    -8    -7    -8    -7    -8

  Columns 1412 through 1428

    -8    -7    -8    -7    -8    -7    -8    -7    -8    -7    -8    -7    -8    -7    -8    -7    -8

  Columns 1429 through 1445

    -7    -8    -7    -8    -7    -8    -8    -7    -8    -7    -8    -7    -8    -7    -8    -7    -8

  Columns 1446 through 1462

    -7    -8    -7    -8    -7    -8    -7    -8    -7    -8    -7    -8    -7    -8    -7    -8    -7

  Columns 1463 through 1479

    -8    -7    -8    -7    -8    -7    -8    -7    -8    -7    -8    -7    -8    -7    -8    -7    -8

  Columns 1480 through 1496

    -7    -8    -7    -8    -7    -7    -8    -7    -8    -7    -8    -7    -8    -7    -8    -7    -8

  Columns 1497 through 1513

    -7    -8    -7    -7    -8    -7    -8    -7    -8    -7    -8    -7    -8    -7    -7    -8    -7

  Columns 1514 through 1530

    -8    -7    -8    -7    -7    -8    -7    -8    -7    -8    -7    -7    -8    -7    -8    -7    -7

  Columns 1531 through 1547

    -8    -7    -8    -7    -7    -8    -7    -8    -7    -7    -8    -7    -8    -7    -7    -8    -7

  Columns 1548 through 1564

    -8    -7    -7    -8    -7    -7    -8    -7    -7    -8    -7    -8    -7    -7    -8    -7    -7

  Columns 1565 through 1581

    -8    -7    -7    -8    -7    -7    -8    -7    -7    -8    -7    -7    -8    -7    -7    -7    -8

  Columns 1582 through 1598

    -7    -7    -8    -7    -7    -8    -7    -7    -7    -8    -7    -7    -7    -8    -7    -7    -8

  Columns 1599 through 1615

    -7    -7    -7    -8    -7    -7    -7    -8    -7    -7    -7    -7    -8    -7    -7    -7    -8

  Columns 1616 through 1632

    -7    -7    -7    -7    -8    -7    -7    -7    -7    -8    -7    -7    -7    -7    -7    -8    -7

  Columns 1633 through 1649

    -7    -7    -7    -7    -8    -7    -7    -7    -7    -7    -7    -8    -7    -7    -7    -7    -7

  Columns 1650 through 1666

    -7    -7    -7    -8    -7    -7    -7    -7    -7    -7    -7    -7    -7    -7    -7    -8    -7

  Columns 1667 through 1683

    -7    -7    -7    -7    -7    -7    -7    -7    -7    -7    -7    -7    -7    -7    -7    -7    -7

  Columns 1684 through 1700

    -7    -7    -7    -7    -7    -7    -7    -7    -7    -7    -7    -7    -7    -7    -7    -6    -7

  Columns 1701 through 1717

    -7    -7    -7    -7    -7    -7    -7    -7    -7    -7    -6    -7    -7    -7    -7    -7    -7

  Columns 1718 through 1734

    -7    -6    -7    -7    -7    -7    -7    -7    -6    -7    -7    -7    -7    -7    -6    -7    -7

  Columns 1735 through 1751

    -7    -7    -6    -7    -7    -7    -6    -7    -7    -7    -6    -7    -7    -7    -6    -7    -7

  Columns 1752 through 1768

    -7    -6    -7    -7    -7    -6    -7    -7    -6    -7    -7    -6    -7    -7    -6    -7    -7

  Columns 1769 through 1785

    -6    -7    -7    -6    -7    -7    -6    -7    -6    -7    -7    -6    -7    -6    -7    -7    -6

  Columns 1786 through 1802

    -7    -6    -7    -6    -7    -7    -6    -7    -6    -7    -6    -7    -6    -7    -6    -7    -6

  Columns 1803 through 1819

    -7    -6    -7    -6    -7    -6    -7    -6    -7    -6    -6    -7    -6    -7    -6    -7    -6

  Columns 1820 through 1836

    -6    -7    -6    -7    -6    -6    -7    -6    -7    -6    -6    -7    -6    -6    -7    -6    -6

  Columns 1837 through 1853

    -7    -6    -6    -7    -6    -6    -7    -6    -6    -6    -7    -6    -6    -7    -6    -6    -6

  Columns 1854 through 1870

    -7    -6    -6    -6    -6    -7    -6    -6    -6    -6    -7    -6    -6    -6    -6    -7    -6

  Columns 1871 through 1887

    -6    -6    -6    -6    -6    -7    -6    -6    -6    -6    -6    -6    -6    -6    -6    -6    -7

  Columns 1888 through 1904

    -6    -6    -6    -6    -6    -6    -6    -6    -6    -6    -6    -6    -6    -6    -6    -6    -6

  Columns 1905 through 1921

    -6    -6    -6    -6    -6    -5    -6    -6    -6    -6    -6    -6    -6    -6    -6    -6    -5

  Columns 1922 through 1938

    -6    -6    -6    -6    -6    -5    -6    -6    -6    -6    -6    -5    -6    -6    -6    -6    -5

  Columns 1939 through 1955

    -6    -6    -6    -5    -6    -6    -6    -5    -6    -6    -5    -6    -6    -6    -5    -6    -6

  Columns 1956 through 1972

    -5    -6    -6    -5    -6    -6    -5    -6    -5    -6    -6    -5    -6    -5    -6    -6    -5

  Columns 1973 through 1989

    -6    -5    -6    -5    -6    -5    -6    -6    -5    -6    -5    -6    -5    -6    -5    -5    -6

  Columns 1990 through 2006

    -5    -6    -5    -6    -5    -6    -5    -5    -6    -5    -6    -5    -5    -6    -5    -6    -5

  Columns 2007 through 2023

    -5    -6    -5    -5    -6    -5    -5    -6    -5    -5    -5    -6    -5    -5    -6    -5    -5

  Columns 2024 through 2040

    -5    -6    -5    -5    -5    -6    -5    -5    -5    -5    -5    -6    -5    -5    -5    -5    -5

  Columns 2041 through 2057

    -6    -5    -5    -5    -5    -5    -5    -5    -5    -6    -5    -5    -5    -5    -5    -5    -5

  Columns 2058 through 2074

    -5    -5    -5    -5    -5    -5    -5    -5    -5    -5    -5    -5    -5    -5    -5    -5    -4

  Columns 2075 through 2091

    -5    -5    -5    -5    -5    -5    -5    -5    -4    -5    -5    -5    -5    -5    -4    -5    -5

  Columns 2092 through 2108

    -5    -5    -4    -5    -5    -5    -5    -4    -5    -5    -4    -5    -5    -5    -4    -5    -5

  Columns 2109 through 2125

    -4    -5    -5    -4    -5    -5    -4    -5    -5    -4    -5    -4    -5    -5    -4    -5    -4

  Columns 2126 through 2142

    -5    -5    -4    -5    -4    -5    -4    -5    -4    -5    -4    -5    -4    -5    -4    -5    -4

  Columns 2143 through 2159

    -5    -4    -4    -5    -4    -5    -4    -5    -4    -4    -5    -4    -4    -5    -4    -5    -4

  Columns 2160 through 2176

    -4    -4    -5    -4    -4    -5    -4    -4    -5    -4    -4    -4    -5    -4    -4    -4    -5

  Columns 2177 through 2193

    -4    -4    -4    -4    -4    -5    -4    -4    -4    -4    -4    -5    -4    -4    -4    -4    -4

  Columns 2194 through 2210

    -4    -4    -4    -4    -5    -4    -4    -4    -4    -4    -4    -4    -4    -4    -4    -4    -4

  Columns 2211 through 2227

    -4    -4    -4    -4    -3    -4    -4    -4    -4    -4    -4    -4    -4    -4    -3    -4    -4

  Columns 2228 through 2244

    -4    -4    -4    -4    -3    -4    -4    -4    -4    -3    -4    -4    -4    -3    -4    -4    -4

  Columns 2245 through 2261

    -3    -4    -4    -3    -4    -4    -3    -4    -4    -3    -4    -4    -3    -4    -4    -3    -4

  Columns 2262 through 2278

    -3    -4    -4    -3    -4    -3    -4    -3    -4    -4    -3    -4    -3    -4    -3    -4    -3

  Columns 2279 through 2295

    -4    -3    -3    -4    -3    -4    -3    -4    -3    -4    -3    -3    -4    -3    -3    -4    -3

  Columns 2296 through 2312

    -4    -3    -3    -4    -3    -3    -3    -4    -3    -3    -4    -3    -3    -3    -4    -3    -3

  Columns 2313 through 2329

    -3    -4    -3    -3    -3    -3    -4    -3    -3    -3    -3    -3    -3    -4    -3    -3    -3

  Columns 2330 through 2346

    -3    -3    -3    -3    -3    -3    -3    -4    -3    -3    -3    -3    -3    -3    -3    -3    -3

  Columns 2347 through 2363

    -3    -3    -3    -2    -3    -3    -3    -3    -3    -3    -3    -3    -3    -3    -2    -3    -3

  Columns 2364 through 2380

    -3    -3    -3    -2    -3    -3    -3    -3    -3    -2    -3    -3    -3    -2    -3    -3    -3

  Columns 2381 through 2397

    -2    -3    -3    -2    -3    -3    -2    -3    -3    -2    -3    -3    -2    -3    -3    -2    -3

  Columns 2398 through 2414

    -2    -3    -3    -2    -3    -2    -3    -2    -3    -2    -3    -2    -3    -2    -3    -2    -3

  Columns 2415 through 2431

    -2    -3    -2    -3    -2    -3    -2    -2    -3    -2    -3    -2    -2    -3    -2    -3    -2

  Columns 2432 through 2448

    -2    -3    -2    -2    -2    -3    -2    -2    -3    -2    -2    -2    -3    -2    -2    -2    -3

  Columns 2449 through 2465

    -2    -2    -2    -2    -3    -2    -2    -2    -2    -3    -2    -2    -2    -2    -2    -2    -2

  Columns 2466 through 2482

    -2    -3    -2    -2    -2    -2    -2    -2    -2    -2    -2    -2    -2    -2    -2    -2    -2

  Columns 2483 through 2499

    -2    -2    -2    -2    -2    -2    -1    -2    -2    -2    -2    -2    -2    -2    -2    -1    -2

  Columns 2500 through 2516

    -2    -2    -2    -2    -1    -2    -2    -2    -2    -1    -2    -2    -2    -1    -2    -2    -2

  Columns 2517 through 2533

    -1    -2    -2    -1    -2    -2    -1    -2    -2    -1    -2    -2    -1    -2    -2    -1    -2

  Columns 2534 through 2550

    -1    -2    -2    -1    -2    -1    -2    -1    -2    -1    -2    -1    -2    -1    -2    -1    -2

  Columns 2551 through 2567

    -1    -2    -1    -2    -1    -2    -1    -1    -2    -1    -2    -1    -1    -2    -1    -1    -2

  Columns 2568 through 2584

    -1    -1    -2    -1    -1    -2    -1    -1    -2    -1    -1    -1    -2    -1    -1    -1    -2

  Columns 2585 through 2601

    -1    -1    -1    -2    -1    -1    -1    -1    -1    -2    -1    -1    -1    -1    -1    -1    -1

  Columns 2602 through 2618

    -2    -1    -1    -1    -1    -1    -1    -1    -1    -1    -1    -1    -1    -1    -1    -1    -1

  Columns 2619 through 2635

    -1    -1    -1    -1    -1    -1    -1    -1    -1    -1    -1     0    -1    -1    -1    -1    -1

  Columns 2636 through 2652

    -1    -1     0    -1    -1    -1    -1    -1     0    -1    -1    -1    -1     0    -1    -1    -1

  Columns 2653 through 2669

     0    -1    -1     0    -1    -1    -1     0    -1    -1     0    -1    -1     0    -1    -1     0

  Columns 2670 through 2686

    -1     0    -1    -1     0    -1     0    -1    -1     0    -1     0    -1     0    -1     0    -1

  Columns 2687 through 2703

     0    -1     0    -1     0    -1     0    -1     0    -1     0     0    -1     0    -1     0     0

  Columns 2704 through 2720

    -1     0    -1     0     0    -1     0     0    -1     0     0    -1     0     0    -1     0     0

  Columns 2721 through 2737

     0    -1     0     0     0    -1     0     0     0    -1     0     0     0     0    -1     0     0

  Columns 2738 through 2754

     0     0     0     0    -1     0     0     0     0     0     0     0     0     0    -1     0     0

  Columns 2755 through 2771

     0     0     0     0     0     0     0     0     0     0     0     0     0     0     0     0     0

  Columns 2772 through 2788

     1     0     0     0     0     0     0     0     0     0     1     0     0     0     0     0     0

  Columns 2789 through 2805

     1     0     0     0     0     1     0     0     0     1     0     0     0     1     0     0     0

  Columns 2806 through 2822

     1     0     0     0     1     0     0     1     0     0     1     0     1     0     0     1     0

  Columns 2823 through 2839

     0     1     0     1     0     0     1     0     1     0     1     0     1     0     1     0     1

  Columns 2840 through 2856

     0     1     0     1     0     1     0     1     0     1     0     1     0     1     1     0     1

  Columns 2857 through 2873

     0     1     1     0     1     1     0     1     0     1     1     0     1     1     1     0     1

  Columns 2874 through 2890

     1     0     1     1     1     0     1     1     0     1     1     1     1     0     1     1     1

  Columns 2891 through 2907

     1     0     1     1     1     1     1     0     1     1     1     1     1     1     0     1     1

  Columns 2908 through 2924

     1     1     1     1     1     1     1     1     1     1     1     1     1     1     1     0     1

  Columns 2925 through 2941

     2     1     1     1     1     1     1     1     1     1     1     1     1     1     1     1     1

  Columns 2942 through 2958

     1     2     1     1     1     1     1     1     2     1     1     1     1     1     2     1     1

  Columns 2959 through 2975

     1     1     2     1     1     1     1     2     1     1     1     2     1     1     1     2     1

  Columns 2976 through 2992

     1     2     1     1     2     1     1     1     2     1     2     1     1     2     1     1     2

  Columns 2993 through 3009

     1     1     2     1     2     1     1     2     1     2     1     2     1     2     1     1     2

  Columns 3010 through 3026

     1     2     1     2     1     2     1     2     1     2     1     2     1     2     2     1     2

  Columns 3027 through 3043

     1     2     1     2     2     1     2     1     2     2     1     2     1     2     2     1     2

  Columns 3044 through 3060

     2     1     2     2     1     2     2     1     2     2     1     2     2     1     2     2     2

  Columns 3061 through 3077

     1     2     2     2     1     2     2     2     1     2     2     2     1     2     2     2     2

  Columns 3078 through 3094

     1     2     2     2     2     2     1     2     2     2     2     2     2     1     2     2     2

  Columns 3095 through 3111

     2     2     2     2     2     2     1     2     2     2     2     2     2     2     2     2     2

  Columns 3112 through 3128

     2     2     2     2     2     2     2     2     2     2     2     2     2     2     2     2     2

  Columns 3129 through 3145

     2     2     2     2     2     2     3     2     2     2     2     2     2     2     2     2     3

  Columns 3146 through 3162

     2     2     2     2     2     2     2     3     2     2     2     2     2     3     2     2     2

  Columns 3163 through 3179

     2     3     2     2     2     2     3     2     2     2     3     2     2     2     3     2     2

  Columns 3180 through 3196

     2     3     2     2     3     2     2     2     3     2     2     3     2     2     3     2     2

  Columns 3197 through 3213

     3     2     2     3     2     2     3     2     2     3     2     3     2     2     3     2     2

  Columns 3214 through 3230

     3     2     3     2     3     2     2     3     2     3     2     3     2     2     3     2     3

  Columns 3231 through 3247

     2     3     2     3     2     3     2     3     2     3     2     3     2     3     2     3     2

  Columns 3248 through 3264

     3     2     3     2     3     2     3     3     2     3     2     3     2     3     3     2     3

  Columns 3265 through 3281

     2     3     3     2     3     2     3     3     2     3     2     3     3     2     3     3     2

  Columns 3282 through 3298

     3     3     2     3     2     3     3     3     2     3     3     2     3     3     2     3     3

  Columns 3299 through 3315

     2     3     3     3     2     3     3     2     3     3     3     2     3     3     3     2     3

  Columns 3316 through 3332

     3     3     2     3     3     3     2     3     3     3     3     2     3     3     3     3     2

  Columns 3333 through 3349

     3     3     3     3     2     3     3     3     3     3     2     3     3     3     3     3     3

  Columns 3350 through 3366

     2     3     3     3     3     3     3     3     2     3     3     3     3     3     3     3     3

  Columns 3367 through 3383

     2     3     3     3     3     3     3     3     3     3     3     3     3     3     2     3     3

  Columns 3384 through 3400

     3     3     3     3     3     3     3     3     3     3     3     3     3     3     3     3     3

  Columns 3401 through 3417

     3     3     3     3     3     3     3     3     3     3     3     3     3     3     3     3     3

  Columns 3418 through 3434

     3     3     3     3     3     3     4     3     3     3     3     3     3     3     3     3     3

  Columns 3435 through 3451

     3     3     3     3     4     3     3     3     3     3     3     3     3     3     4     3     3

  Columns 3452 through 3468

     3     3     3     3     3     3     4     3     3     3     3     3     3     4     3     3     3

  Columns 3469 through 3485

     3     3     3     4     3     3     3     3     3     4     3     3     3     3     3     4     3

  Columns 3486 through 3502

     3     3     3     4     3     3     3     3     4     3     3     3     3     4     3     3     3

  Columns 3503 through 3519

     3     4     3     3     3     3     4     3     3     3     4     3     3     3     4     3     3

  Columns 3520 through 3536

     3     4     3     3     3     3     4     3     3     4     3     3     3     4     3     3     3

  Columns 3537 through 3553

     4     3     3     3     4     3     3     4     3     3     3     4     3     3     4     3     3

  Columns 3554 through 3570

     3     4     3     3     4     3     3     3     4     3     3     4     3     3     4     3     3

  Columns 3571 through 3587

     4     3     3     4     3     3     4     3     3     3     4     3     3     4     3     3     4

  Columns 3588 through 3604

     3     3     4     3     4     3     3     4     3     3     4     3     3     4     3     3     4

  Columns 3605 through 3621

     3     3     4     3     3     4     3     4     3     3     4     3     3     4     3     3     4

  Columns 3622 through 3638

     3     4     3     3     4     3     3     4     3     4     3     3     4     3     4     3     3

  Columns 3639 through 3655

     4     3     3     4     3     4     3     3     4     3     4     3     3     4     3     4     3

  Columns 3656 through 3672

     3     4     3     4     3     3     4     3     4     3     3     4     3     4     3     3     4

  Columns 3673 through 3689

     3     4     3     3     4     3     4     3     3     4     3     4     3     4     3     3     4

  Columns 3690 through 3706

     3     4     3     3     4     3     4     3     4     3     3     4     3     4     3     4     3

  Columns 3707 through 3723

     3     4     3     4     3     3     4     3     4     3     4     3     3     4     3     4     3

  Columns 3724 through 3740

     4     3     3     4     3     4     3     4     3     3     4     3     4     3     4     3     3

  Columns 3741 through 3757

     4     3     4     3     4     3     3     4     3     4     3     4     3     4     3     3     4

  Columns 3758 through 3774

     3     4     3     4     3     3     4     3     4     3     4     3     3     4     3     4     3

  Columns 3775 through 3791

     4     3     3     4     3     4     3     4     3     3     4     3     4     3     4     3     3

  Columns 3792 through 3808

     4     3     4     3     4     3     3     4     3     4     3     4     3     3     4     3     4

  Columns 3809 through 3825

     3     4     3     3     4     3     4     3     3     4     3     4     3     4     3     3     4

  Columns 3826 through 3842

     3     4     3     3     4     3     4     3     4     3     3     4     3     4     3     3     4

  Columns 3843 through 3859

     3     4     3     3     4     3     4     3     3     4     3     4     3     3     4     3     4

  Columns 3860 through 3876

     3     3     4     3     4     3     3     4     3     4     3     3     4     3     4     3     3

  Columns 3877 through 3893

     4     3     3     4     3     4     3     3     4     3     4     3     3     4     3     3     4

  Columns 3894 through 3910

     3     3     4     3     4     3     3     4     3     3     4     3     4     3     3     4     3

  Columns 3911 through 3927

     3     4     3     3     4     3     3     4     3     3     4     3     4     3     3     4     3

  Columns 3928 through 3944

     3     4     3     3     4     3     3     4     3     3     4     3     3     4     3     3     4

  Columns 3945 through 3961

     3     3     3     4     3     3     4     3     3     4     3     3     4     3     3     4     3

  Columns 3962 through 3978

     3     3     4     3     3     4     3     3     3     4     3     3     4     3     3     3     4

  Columns 3979 through 3995

     3     3     4     3     3     3     4     3     3     4     3     3     3     4     3     3     3

  Columns 3996 through 4012

     4     3     3     3     4     3     3     3     4     3     3     3     4     3     3     3     4

  Columns 4013 through 4029

     3     3     3     3     4     3     3     3     4     3     3     3     3     4     3     3     3

  Columns 4030 through 4046

     3     4     3     3     3     3     4     3     3     3     3     4     3     3     3     3     4

  Columns 4047 through 4063

     3     3     3     3     3     4     3     3     3     3     3     4     3     3     3     3     3

  Columns 4064 through 4080

     3     4     3     3     3     3     3     3     4     3     3     3     3     3     3     3     4

  Columns 4081 through 4097

     3     3     3     3     3     3     3     3     4     3     3     3     3     3     3     3     3

  Columns 4098 through 4114

     3     4     3     3     3     3     3     3     3     3     3     3     3     3     3     4     3

  Columns 4115 through 4131

     3     3     3     3     3     3     3     3     3     3     3     3     3     3     3     3     3

  Columns 4132 through 4148

     3     3     3     3     3     3     3     3     3     3     3     3     3     3     3     3     3

  Columns 4149 through 4165

     3     3     3     3     3     3     3     3     3     3     3     3     3     3     3     3     3

  Columns 4166 through 4182

     3     3     2     3     3     3     3     3     3     3     3     3     3     3     3     3     2

  Columns 4183 through 4199

     3     3     3     3     3     3     3     3     3     2     3     3     3     3     3     3     3

  Columns 4200 through 4216

     2     3     3     3     3     3     3     2     3     3     3     3     3     3     2     3     3

  Columns 4217 through 4233

     3     3     3     2     3     3     3     3     2     3     3     3     3     2     3     3     3

  Columns 4234 through 4250

     3     2     3     3     3     2     3     3     3     3     2     3     3     3     2     3     3

  Columns 4251 through 4267

     3     2     3     3     3     2     3     3     2     3     3     3     2     3     3     2     3

  Columns 4268 through 4284

     3     3     2     3     3     2     3     3     2     3     3     2     3     3     2     3     3

  Columns 4285 through 4301

     2     3     3     2     3     3     2     3     3     2     3     2     3     3     2     3     3

  Columns 4302 through 4318

     2     3     2     3     3     2     3     2     3     3     2     3     2     3     2     3     3

  Columns 4319 through 4335

     2     3     2     3     2     3     3     2     3     2     3     2     3     2     3     2     3

  Columns 4336 through 4352

     2     3     2     3     2     3     2     3     2     3     2     3     2     3     2     3     2

  Columns 4353 through 4369

     3     2     3     2     3     2     3     2     2     3     2     3     2     3     2     2     3

  Columns 4370 through 4386

     2     3     2     3     2     2     3     2     3     2     2     3     2     3     2     2     3

  Columns 4387 through 4403

     2     2     3     2     3     2     2     3     2     2     3     2     2     3     2     2     3

  Columns 4404 through 4420

     2     2     3     2     2     3     2     2     2     3     2     2     3     2     2     2     3

  Columns 4421 through 4437

     2     2     2     3     2     2     3     2     2     2     3     2     2     2     2     3     2

  Columns 4438 through 4454

     2     2     3     2     2     2     2     3     2     2     2     2     2     3     2     2     2

  Columns 4455 through 4471

     2     3     2     2     2     2     2     2     3     2     2     2     2     2     2     3     2

  Columns 4472 through 4488

     2     2     2     2     2     2     2     2     3     2     2     2     2     2     2     2     2

  Columns 4489 through 4500

     2     2     2     2     2     2     3     2     2     2     2     2