12,0.9605,1,0.333,15.57,20305,96.17
0,(216,342),(4043,342),(7407,805),(7407,4632),(6058,7110),(2231,7110),(907,4106),(5031,2529),(5607,4356),(9990,5256),(11574,7164),(11952,2142)
1,(549,342),(4376,342),(7407,1138),(7407,4965),(5725,7110),(1898,7110),(847,3778),(5031,2862),(5607,4689),(9990,4923),(11574,7164),(11952,2142)
2,(883,342),(4710,342),(7407,1472),(7407,5299),(5391,7110),(1564,7110),(786,3450),(5166,3061),(5607,5023),(9990,4589),(11574,7164),(11952,2142)
3,(1216,342),(5043,342),(7407,1805),(7407,5632),(5058,7110),(1417,6887),(726,3123),(5120,3348),(5453,5202),(9827,4419),(11574,7164),(11952,2142)
4,(1549,342),(5376,342),(7407,2138),(7407,5965),(4725,7110),(1357,6559),(666,2795),(4787,3348),(5120,5202),(9494,4419),(11574,7164),(11952,2142)
5,(1883,342),(5710,342),(7407,2472),(7407,6299),(4391,7110),(1297,6231),(606,2467),(4453,3348),(4786,5202),(9180,4439),(11574,7164),(11952,2142)
6,(2216,342),(6043,342),(7407,2805),(7407,6632),(4058,7110),(1237,5903),(546,2139),(4120,3348),(4653,5002),(9180,4772),(11574,7164),(11952,2142)
7,(2549,342),(6376,342),(7407,3138),(7407,6965),(3725,7110),(1176,5575),(486,1811),(3787,3348),(4653,4669),(9180,5105),(11574,7164),(11952,2142)
8,(2883,342),(6710,342),(7407,3472),(7218,7110),(3391,7110),(1116,5247),(425,1483),(3453,3348),(4674,4356),(9363,5256),(11574,7164),(11952,2142)
9,(3216,342),(7043,342),(7407,3805),(6885,7110),(3058,7110),(1056,4920),(365,1155),(3150,3318),(5007,4356),(9696,5256),(11574,7164),(11952,2142)
10,(3549,342),(7376,342),(7407,4138),(6552,7110),(2725,7110),(996,4592),(305,828),(3150,2985),(5340,4356),(9990,5217),(11574,7164),(11952,2142)
11,(3883,342),(7407,645),(7407,4472),(6218,7110),(2391,7110),(936,4264),(245,500),(3150,2651),(5607,4423),(9990,4883),(11574,7164),(11952,2142)
12,(4216,342),(7407,978),(7407,4805),(5885,7110),(2058,7110),(876,3936),(389,342),(3361,2529),(5607,4756),(9990,4550),(11574,7164),(11952,2142)
13,(4549,342),(7407,1311),(7407,5138),(5552,7110),(1725,7110),(815,3608),(722,342),(3694,2529),(5607,5089),(9788,4419),(11574,7164),(11952,2142)
14,(4883,342),(7407,1645),(7407,5472),(5218,7110),(1446,7044),(755,3280),(1056,342),(4028,2529),(5386,5202),(9454,4419),(11574,7164),(11952,2142)
15,(5216,342),(7407,1978),(7407,5805),(4885,7110),(1386,6717),(695,2952),(1389,342),(4361,2529),(5053,5202),(9180,4478),(11574,7164),(11952,2142)
16,(5549,342),(7407,2311),(7407,6138),(4552,7110),(1326,6389),(635,2625),(1722,342),(4694,2529),(4720,5202),(9180,4811),(11574,7164),(11952,2142)
17,(5883,342),(7407,2645),(7407,6472),(4218,7110),(1265,6061),(575,2297),(2056,342),(5028,2529),(4653,4935),(9180,5145),(11574,7164),(11952,2142)
18,(6216,342),(7407,2978),(7407,6805),(3885,7110),(1205,5733),(515,1969),(2389,342),(5031,2859),(4653,4602),(9402,5256),(11574,7164),(11952,2142)
19,(6549,342),(7407,3311),(7379,7110),(3552,7110),(1145,5405),(454,1641),(2722,342),(5166,3057),(4740,4356),(9735,5256),(11574,7164),(11952,2142)
20,(6883,342),(7407,3645),(7045,7110),(3218,7110),(1085,5077),(394,1313),(3056,342),(5123,3348),(5074,4356),(9990,5177),(11574,7164),(11952,2142)
21,(7216,342),(7407,3978),(6712,7110),(2885,7110),(1025,4749),(334,985),(3389,342),(4790,3348),(5407,4356),(9990,4844),(11574,7164),(11952,2142)
22,(7407,484),(7407,4311),(6379,7110),(2552,7110),(965,4422),(274,657),(3722,342),(4457,3348),(5607,4489),(9990,4511),(11574,7164),(11952,2142)
23,(7407,818),(7407,4645),(6045,7110),(2218,7110),(904,4094),(229,342),(4056,342),(4123,3348),(5607,4823),(9748,4419),(11574,7164),(11952,2142)
24,(7407,1151),(7407,4978),(5712,7110),(1885,7110),(844,3766),(562,342),(4389,342),(3790,3348),(5607,5156),(9415,4419),(11574,7164),(11952,2142)
25,(7407,1484),(7407,5311),(5379,7110),(1552,7110),(784,3438),(895,342),(4722,342),(3457,3348),(5320,5202),(9180,4517),(11574,7164),(11952,2142)
26,(7407,1818),(7407,5645),(5045,7110),(1415,6874),(724,3110),(1229,342),(5056,342),(3150,3321),(4986,5202),(9180,4851),(11574,7164),(11952,2142)
27,(7407,2151),(7407,5978),(4712,7110),(1355,6546),(664,2782),(1562,342),(5389,342),(3150,2988),(4653,5202),(9180,5184),(11574,7164),(11952,2142)
28,(7407,2484),(7407,6311),(4379,7110),(1294,6219),(604,2454),(1895,342),(5722,342),(3150,2655),(4653,4869),(9441,5256),(11574,7164),(11952,2142)
29,(7407,2818),(7407,6645),(4045,7110),(1234,5891),(543,2127),(2229,342),(6056,342),(3358,2529),(4653,4535),(9775,5256),(11574,7164),(11952,2142)
30,(7407,3151),(7407,6978),(3712,7110),(1174,5563),(483,1799),(2562,342),(6389,342),(3691,2529),(4807,4356),(9990,5138),(11574,7164),(11952,2142)
31,(7407,3484),(7206,7110),(3379,7110),(1114,5235),(423,1471),(2895,342),(6722,342),(4024,2529),(5140,4356),(9990,4805),(11574,7164),(11952,2142)
32,(7407,3818),(6872,7110),(3045,7110),(1054,4907),(363,1143),(3229,342),(7056,342),(4358,2529),(5474,4356),(9990,4471),(11574,7164),(11952,2142)
33,(7407,4151),(6539,7110),(2712,7110),(994,4579),(303,815),(3562,342),(7389,342),(4691,2529),(5607,4556),(9709,4419),(11574,7164),(11952,2142)
34,(7407,4484),(6206,7110),(2379,7110),(933,4251),(243,487),(3895,342),(7407,657),(5024,2529),(5607,4889),(9376,4419),(11574,7164),(11952,2142)
35,(7407,4818),(5872,7110),(2045,7110),(873,3924),(402,342),(4229,342),(7407,991),(5031,2856),(5586,5202),(9180,4557),(11574,7164),(11952,2142)
36,(7407,5151),(5539,7110),(1712,7110),(813,3596),(735,342),(4562,342),(7407,1324),(5166,3054),(5253,5202),(9180,4890),(11574,7164),(11952,2142)
37,(7407,5484),(5206,7110),(1444,7032),(753,3268),(1068,342),(4895,342),(7407,1657),(5127,3348),(4920,5202),(9180,5223),(11574,7164),(11952,2142)
38,(7407,5818),(4872,7110),(1384,6704),(693,2940),(1402,342),(5229,342),(7407,1991),(4793,3348),(4653,5135),(9481,5256),(11574,7164),(11952,2142)
39,(7407,6151),(4539,7110),(1323,6376),(633,2612),(1735,342),(5562,342),(7407,2324),(4460,3348),(4653,4802),(9814,5256),(11574,7164),(11952,2142)
40,(7407,6484),(4206,7110),(1263,6048),(572,2284),(2068,342),(5895,342),(7407,2657),(4127,3348),(4653,4469),(9990,5099),(11574,7164),(11952,2142)
41,(7407,6818),(3872,7110),(1203,5721),(512,1956),(2402,342),(6229,342),(7407,2991),(3793,3348),(4874,4356),(9990,4765),(11574,7164),(11952,2142)
42,(7366,7110),(3539,7110),(1143,5393),(452,1629),(2735,342),(6562,342),(7407,3324),(3460,3348),(5207,4356),(9990,4432),(11574,7164),(11952,2142)
43,(7033,7110),(3206,7110),(1083,5065),(392,1301),(3068,342),(6895,342),(7407,3657),(3150,3325),(5540,4356),(9670,4419),(11574,7164),(11952,2142)
44,(6699,7110),(2872,7110),(1023,4737),(332,973),(3402,342),(7229,342),(7407,3991),(3150,2991),(5607,4623),(9336,4419),(11574,7164),(11952,2142)
45,(6366,7110),(2539,7110),(962,4409),(272,645),(3735,342),(7407,497),(7407,4324),(3150,2658),(5607,4956),(9180,4596),(11574,7164),(11952,2142)
46,(6033,7110),(2206,7110),(902,4081),(241,342),(4068,342),(7407,830),(7407,4657),(3354,2529),(5520,5202),(9180,4929),(11574,7164),(11952,2142)
47,(5699,7110),(1872,7110),(842,3753),(575,342),(4402,342),(7407,1164),(7407,4991),(3688,2529),(5186,5202),(9187,5256),(11574,7164),(11952,2142)
48,(5366,7110),(1539,7110),(782,3426),(908,342),(4735,342),(7407,1497),(7407,5324),(4021,2529),(4853,5202),(9520,5256),(11574,7164),(11952,2142)
49,(5033,7110),(1412,6862),(722,3098),(1241,342),(5068,342),(7407,1830),(7407,5657),(4354,2529),(4653,5069),(9853,5256),(11574,7164),(11952,2142)
50,(4699,7110),(1352,6534),(662,2770),(1575,342),(5402,342),(7407,2164),(7407,5991),(4688,2529),(4653,4735),(9990,5059),(11574,7164),(11952,2142)
51,(4366,7110),(1292,6206),(601,2442),(1908,342),(5735,342),(7407,2497),(7407,6324),(5021,2529),(4653,4402),(9990,4726),(11574,7164),(11952,2142)
52,(4033,7110),(1232,5878),(541,2114),(2241,342),(6068,342),(7407,2830),(7407,6657),(5031,2852),(4940,4356),(9964,4419),(11574,7164),(11952,2142)
53,(3699,7110),(1172,5550),(481,1786),(2575,342),(6402,342),(7407,3164),(7407,6991),(5166,3051),(5274,4356),(9630,4419),(11574,7164),(11952,2142)
54,(3366,7110),(1112,5223),(421,1458),(2908,342),(6735,342),(7407,3497),(7193,7110),(5130,3348),(5607,4356),(9297,4419),(11574,7164),(11952,2142)
55,(3033,7110),(1051,4895),(361,1131),(3241,342),(7068,342),(7407,3830),(6860,7110),(4797,3348),(5607,4689),(9180,4635),(11574,7164),(11952,2142)
56,(2699,7110),(991,4567),(301,803),(3575,342),(7407,337),(7407,4164),(6526,7110),(4463,3348),(5607,5023),(9180,4969),(11574,7164),(11952,2142)
57,(2366,7110),(931,4239),(240,475),(3908,342),(7407,670),(7407,4497),(6193,7110),(4130,3348),(5453,5202),(9226,5256),(11574,7164),(11952,2142)
58,(2033,7110),(871,3911),(414,342),(4241,342),(7407,1003),(7407,4830),(5860,7110),(3797,3348),(5120,5202),(9559,5256),(11574,7164),(11952,2142)
59,(1699,7110),(811,3583),(748,342),(4575,342),(7407,1337),(7407,5164),(5526,7110),(3463,3348),(4786,5202),(9893,5256),(11574,7164),(11952,2142)
60,(1441,7020),(751,3255),(1081,342),(4908,342),(7407,1670),(7407,5497),(5193,7110),(3150,3328),(4653,5002),(9990,5020),(11574,7164),(11952,2142)
61,(1381,6692),(690,2928),(1414,342),(5241,342),(7407,2003),(7407,5830),(4860,7110),(3150,2995),(4653,4669),(9990,4687),(11574,7164),(11952,2142)
62,(1321,6364),(630,2600),(1748,342),(5575,342),(7407,2337),(7407,6164),(4526,7110),(3150,2661),(4674,4356),(9924,4419),(11574,7164),(11952,2142)
63,(1261,6036),(570,2272),(2081,342),(5908,342),(7407,2670),(7407,6497),(4193,7110),(3351,2529),(5007,4356),(9591,4419),(11574,7164),(11952,2142)
64,(1201,5708),(510,1944),(2414,342),(6241,342),(7407,3003),(7407,6830),(3860,7110),(3684,2529),(5340,4356),(9258,4419),(11574,7164),(11952,2142)
65,(1141,5380),(450,1616),(2748,342),(6575,342),(7407,3337),(7353,7110),(3526,7110),(4018,2529),(5607,4423),(9180,4675),(11574,7164),(11952,2142)
66,(1080,5052),(390,1288),(3081,342),(6908,342),(7407,3670),(7020,7110),(3193,7110),(4351,2529),(5607,4756),(9180,5008),(11574,7164),(11952,2142)
67,(1020,4725),(329,960),(3414,342),(7241,342),(7407,4003),(6687,7110),(2860,7110),(4684,2529),(5607,5089),(9265,5256),(11574,7164),(11952,2142)
68,(960,4397),(269,633),(3748,342),(7407,510),(7407,4337),(6353,7110),(2526,7110),(5018,2529),(5386,5202),(9599,5256),(11574,7164),(11952,2142)
69,(900,4069),(254,342),(4081,342),(7407,843),(7407,4670),(6020,7110),(2193,7110),(5031,2849),(5053,5202),(9932,5256),(11574,7164),(11952,2142)
70,(840,3741),(587,342),(4414,342),(7407,1176),(7407,5003),(5687,7110),(1860,7110),(5166,3047),(4720,5202),(9990,4981),(11574,7164),(11952,2142)
71,(780,3413),(921,342),(4748,342),(7407,1510),(7407,5337),(5353,7110),(1526,7110),(5133,3348),(4653,4935),(9990,4647),(11574,7164),(11952,2142)
72,(719,3085),(1254,342),(5081,342),(7407,1843),(7407,5670),(5020,7110),(1410,6849),(4800,3348),(4653,4602),(9885,4419),(11574,7164),(11952,2142)
73,(659,2757),(1587,342),(5414,342),(7407,2176),(7407,6003),(4687,7110),(1350,6522),(4467,3348),(4740,4356),(9552,4419),(11574,7164),(11952,2142)
74,(599,2430),(1921,342),(5748,342),(7407,2510),(7407,6337),(4353,7110),(1290,6194),(4133,3348),(5074,4356),(9218,4419),(11574,7164),(11952,2142)
75,(539,2102),(2254,342),(6081,342),(7407,2843),(7407,6670),(4020,7110),(1230,5866),(3800,3348),(5407,4356),(9180,4714),(11574,7164),(11952,2142)
76,(479,1774),(2587,342),(6414,342),(7407,3176),(7407,7003),(3687,7110),(1170,5538),(3467,3348),(5607,4489),(9180,5047),(11574,7164),(11952,2142)
77,(419,1446),(2921,342),(6748,342),(7407,3510),(7180,7110),(3353,7110),(1109,5210),(3150,3331),(5607,4823),(9305,5256),(11574,7164),(11952,2142)
78,(358,1118),(3254,342),(7081,342),(7407,3843),(6847,7110),(3020,7110),(1049,4882),(3150,2998),(5607,5156),(9638,5256),(11574,7164),(11952,2142)
79,(298,790),(3587,342),(7407,349),(7407,4176),(6514,7110),(2687,7110),(989,4554),(3150,2665),(5320,5202),(9971,5256),(11574,7164),(11952,2142)
80,(238,462),(3921,342),(7407,683),(7407,4510),(6180,7110),(2353,7110),(929,4227),(3348,2529),(4986,5202),(9990,4941),(11574,7164),(11952,2142)
81,(427,342),(4254,342),(7407,1016),(7407,4843),(5847,7110),(2020,7110),(869,3899),(3681,2529),(4653,5202),(9990,4608),(11574,7164),(11952,2142)
82,(760,342),(4587,342),(7407,1349),(7407,5176),(5514,7110),(1687,7110),(809,3571),(4014,2529),(4653,4869),(9846,4419),(11574,7164),(11952,2142)
83,(1094,342),(4921,342),(7407,1683),(7407,5510),(5180,7110),(1439,7007),(748,3243),(4348,2529),(4653,4535),(9512,4419),(11574,7164),(11952,2142)
84,(1427,342),(5254,342),(7407,2016),(7407,5843),(4847,7110),(1379,6679),(688,2915),(4681,2529),(4807,4356),(9180,4420),(11574,7164),(11952,2142)
85,(1760,342),(5587,342),(7407,2349),(7407,6176),(4514,7110),(1319,6351),(628,2587),(5014,2529),(5140,4356),(9180,4753),(11574,7164),(11952,2142)
86,(2094,342),(5921,342),(7407,2683),(7407,6510),(4180,7110),(1259,6024),(568,2259),(5031,2846),(5474,4356),(9180,5087),(11574,7164),(11952,2142)
87,(2427,342),(6254,342),(7407,3016),(7407,6843),(3847,7110),(1198,5696),(508,1931),(5166,3044),(5607,4556),(9344,5256),(11574,7164),(11952,2142)
88,(2760,342),(6587,342),(7407,3349),(7341,7110),(3514,7110),(1138,5368),(448,1604),(5137,3348),(5607,4889),(9677,5256),(11574,7164),(11952,2142)
89,(3094,342),(6921,342),(7407,3683),(7007,7110),(3180,7110),(1078,5040),(387,1276),(4803,3348),(5586,5202),(9990,5235),(11574,7164),(11952,2142)
90,(3427,342),(7254,342),(7407,4016),(6674,7110),(2847,7110),(1018,4712),(327,948),(4470,3348),(5253,5202),(9990,4902),(11574,7164),(11952,2142)
91,(3760,342),(7407,522),(7407,4349),(6341,7110),(2514,7110),(958,4384),(267,620),(4137,3348),(4920,5202),(9990,4569),(11574,7164),(11952,2142)
92,(4094,342),(7407,856),(7407,4683),(6007,7110),(2180,7110),(898,4056),(267,342),(3803,3348),(4653,5135),(9806,4419),(11574,7164),(11952,2142)
93,(4427,342),(7407,1189),(7407,5016),(5674,7110),(1847,7110),(837,3728),(600,342),(3470,3348),(4653,4802),(9473,4419),(11574,7164),(11952,2142)
94,(4760,342),(7407,1522),(7407,5349),(5341,7110),(1514,7110),(777,3401),(933,342),(3150,3335),(4653,4469),(9180,4459),(11574,7164),(11952,2142)
95,(5094,342),(7407,1856),(7407,5683),(5007,7110),(1408,6837),(717,3073),(1267,342),(3150,3001),(4874,4356),(9180,4793),(11574,7164),(11952,2142)
96,(5427,342),(7407,2189),(7407,6016),(4674,7110),(1348,6509),(657,2745),(1600,342),(3150,2668),(5207,4356),(9180,5126),(11574,7164),(11952,2142)
97,(5760,342),(7407,2522),(7407,6349),(4341,7110),(1288,6181),(597,2417),(1933,342),(3344,2529),(5540,4356),(9383,5256),(11574,7164),(11952,2142)
98,(6094,342),(7407,2856),(7407,6683),(4007,7110),(1227,5853),(537,2089),(2267,342),(3678,2529),(5607,4623),(9717,5256),(11574,7164),(11952,2142)
99,(6427,342),(7407,3189),(7407,7016),(3674,7110),(1167,5525),(476,1761),(2600,342),(4011,2529),(5607,4956),(9990,5196),(11574,7164),(11952,2142)
100,(6760,342),(7407,3522),(7168,7110),(3341,7110),(1107,5198),(416,1433),(2933,342),(4344,2529),(5520,5202),(9990,4863),(11574,7164),(11952,2142)
101,(7094,342),(7407,3856),(6834,7110),(3007,7110),(1047,4870),(356,1106),(3267,342),(4678,2529),(5186,5202),(9990,4529),(11574,7164),(11952,2142)
102,(7407,362),(7407,4189),(6501,7110),(2674,7110),(987,4542),(296,778),(3600,342),(5011,2529),(4853,5202),(9767,4419),(11574,7164),(11952,2142)
103,(7407,695),(7407,4522),(6168,7110),(2341,7110),(927,4214),(236,450),(3933,342),(5031,2842),(4653,5069),(9434,4419),(11574,7164),(11952,2142)
104,(7407,1029),(7407,4856),(5834,7110),(2007,7110),(866,3886),(440,342),(4267,342),(5166,3041),(4653,4735),(9180,4499),(11574,7164),(11952,2142)
105,(7407,1362),(7407,5189),(5501,7110),(1674,7110),(806,3558),(773,342),(4600,342),(5140,3348),(4653,4402),(9180,4832),(11574,7164),(11952,2142)
106,(7407,1695),(7407,5522),(5168,7110),(1437,6995),(746,3230),(1106,342),(4933,342),(4807,3348),(4940,4356),(9180,5165),(11574,7164),(11952,2142)
107,(7407,2029),(7407,5856),(4834,7110),(1377,6667),(686,2903),(1440,342),(5267,342),(4473,3348),(5274,4356),(9423,5256),(11574,7164),(11952,2142)
108,(7407,2362),(7407,6189),(4501,7110),(1316,6339),(626,2575),(1773,342),(5600,342),(4140,3348),(5607,4356),(9756,5256),(11574,7164),(11952,2142)
109,(7407,2695),(7407,6522),(4168,7110),(1256,6011),(566,2247),(2106,342),(5933,342),(3807,3348),(5607,4689),(9990,5157),(11574,7164),(11952,2142)
110,(7407,3029),(7407,6856),(3834,7110),(1196,5683),(505,1919),(2440,342),(6267,342),(3473,3348),(5607,5023),(9990,4823),(11574,7164),(11952,2142)
111,(7407,3362),(7328,7110),(3501,7110),(1136,5355),(445,1591),(2773,342),(6600,342),(3150,3338),(5453,5202),(9990,4490),(11574,7164),(11952,2142)
112,(7407,3695),(6995,7110),(3168,7110),(1076,5027),(385,1263),(3106,342),(6933,342),(3150,3005),(5120,5202),(9728,4419),(11574,7164),(11952,2142)
113,(7407,4029),(6661,7110),(2834,7110),(1016,4700),(325,935),(3440,342),(7267,342),(3150,2671),(4786,5202),(9394,4419),(11574,7164),(11952,2142)
114,(7407,4362),(6328,7110),(2501,7110),(956,4372),(265,608),(3773,342),(7407,535),(3341,2529),(4653,5002),(9180,4538),(11574,7164),(11952,2142)
115,(7407,4695),(5995,7110),(2168,7110),(895,4044),(279,342),(4106,342),(7407,868),(3674,2529),(4653,4669),(9180,4871),(11574,7164),(11952,2142)
116,(7407,5029),(5661,7110),(1834,7110),(835,3716),(613,342),(4440,342),(7407,1202),(4008,2529),(4674,4356),(9180,5205),(11574,7164),(11952,2142)
117,(7407,5362),(5328,7110),(1501,7110),(775,3388),(946,342),(4773,342),(7407,1535),(4341,2529),(5007,4356),(9462,5256),(11574,7164),(11952,2142)
118,(7407,5695),(4995,7110),(1406,6824),(715,3060),(1279,342),(5106,342),(7407,1868),(4674,2529),(5340,4356),(9795,5256),(11574,7164),(11952,2142)
119,(7407,6029),(4661,7110),(1345,6497),(655,2732),(1613,342),(5440,342),(7407,2202),(5008,2529),(5607,4423),(9990,5117),(11574,7164),(11952,2142)
120,(7407,6362),(4328,7110),(1285,6169),(595,2405),(1946,342),(5773,342),(7407,2535),(5031,2839),(5607,4756),(9990,4784),(11574,7164),(11952,2142)
121,(7407,6695),(3995,7110),(1225,5841),(534,2077),(2279,342),(6106,342),(7407,2868),(5166,3037),(5607,5089),(9990,4451),(11574,7164),(11952,2142)
122,(7407,7029),(3661,7110),(1165,5513),(474,1749),(2613,342),(6440,342),(7407,3202),(5143,3348),(5386,5202),(9688,4419),(11574,7164),(11952,2142)
123,(7155,7110),(3328,7110),(1105,5185),(414,1421),(2946,342),(6773,342),(7407,3535),(4810,3348),(5053,5202),(9355,4419),(11574,7164),(11952,2142)
124,(6822,7110),(2995,7110),(1045,4857),(354,1093),(3279,342),(7106,342),(7407,3868),(4477,3348),(4720,5202),(9180,4577),(11574,7164),(11952,2142)
125,(6488,7110),(2661,7110),(984,4529),(294,765),(3613,342),(7407,375),(7407,4202),(4143,3348),(4653,4935),(9180,4911),(11574,7164),(11952,2142)
126,(6155,7110),(2328,7110),(924,4202),(234,437),(3946,342),(7407,708),(7407,4535),(3810,3348),(4653,4602),(9180,5244),(11574,7164),(11952,2142)
127,(5822,7110),(1995,7110),(864,3874),(452,342),(4279,342),(7407,1041),(7407,4868),(3477,3348),(4740,4356),(9501,5256),(11574,7164),(11952,2142)
128,(5488,7110),(1661,7110),(804,3546),(786,342),(4613,342),(7407,1375),(7407,5202),(3150,3341),(5074,4356),(9835,5256),(11574,7164),(11952,2142)
129,(5155,7110),(1435,6982),(744,3218),(1119,342),(4946,342),(7407,1708),(7407,5535),(3150,3008),(5407,4356),(9990,5078),(11574,7164),(11952,2142)
130,(4822,7110),(1374,6654),(684,2890),(1452,342),(5279,342),(7407,2041),(7407,5868),(3150,2675),(5607,4489),(9990,4745),(11574,7164),(11952,2142)
131,(4488,7110),(1314,6326),(623,2562),(1786,342),(5613,342),(7407,2375),(7407,6202),(3338,2529),(5607,4823),(9982,4419),(11574,7164),(11952,2142)
132,(4155,7110),(1254,5999),(563,2234),(2119,342),(5946,342),(7407,2708),(7407,6535),(3671,2529),(5607,5156),(9649,4419),(11574,7164),(11952,2142)
133,(3822,7110),(1194,5671),(503,1907),(2452,342),(6279,342),(7407,3041),(7407,6868),(4004,2529),(5320,5202),(9316,4419),(11574,7164),(11952,2142)
134,(3488,7110),(1134,5343),(443,1579),(2786,342),(6613,342),(7407,3375),(7315,7110),(4338,2529),(4986,5202),(9180,4617),(11574,7164),(11952,2142)
135,(3155,7110),(1074,5015),(383,1251),(3119,342),(6946,342),(7407,3708),(6982,7110),(4671,2529),(4653,5202),(9180,4950),(11574,7164),(11952,2142)
136,(2822,7110),(1013,4687),(323,923),(3452,342),(7279,342),(7407,4041),(6649,7110),(5004,2529),(4653,4869),(9207,5256),(11574,7164),(11952,2142)
137,(2488,7110),(953,4359),(262,595),(3786,342),(7407,548),(7407,4375),(6315,7110),(5031,2836),(4653,4535),(9541,5256),(11574,7164),(11952,2142)
138,(2155,7110),(893,4031),(292,342),(4119,342),(7407,881),(7407,4708),(5982,7110),(5166,3034),(4807,4356),(9874,5256),(11574,7164),(11952,2142)
139,(1822,7110),(833,3704),(625,342),(4452,342),(7407,1214),(7407,5041),(5649,7110),(5147,3348),(5140,4356),(9990,5039),(11574,7164),(11952,2142)
140,(1488,7110),(773,3376),(959,342),(4786,342),(7407,1548),(7407,5375),(5315,7110),(4813,3348),(5474,4356),(9990,4705),(11574,7164),(11952,2142)
141,(1403,6812),(713,3048),(1292,342),(5119,342),(7407,1881),(7407,5708),(4982,7110),(4480,3348),(5607,4556),(9943,4419),(11574,7164),(11952,2142)
142,(1343,6484),(652,2720),(1625,342),(5452,342),(7407,2214),(7407,6041),(4649,7110),(4147,3348),(5607,4889),(9610,4419),(11574,7164),(11952,2142)
143,(1283,6156),(592,2392),(1959,342),(5786,342),(7407,2548),(7407,6375),(4315,7110),(3813,3348),(5586,5202),(9276,4419),(11574,7164),(11952,2142)
144,(1223,5828),(532,2064),(2292,342),(6119,342),(7407,2881),(7407,6708),(3982,7110),(3480,3348),(5253,5202),(9180,4656),(11574,7164),(11952,2142)
145,(1163,5501),(472,1736),(2625,342),(6452,342),(7407,3214),(7407,7041),(3649,7110),(3150,3345),(4920,5202),(9180,4989),(11574,7164),(11952,2142)
146,(1102,5173),(412,1409),(2959,342),(6786,342),(7407,3548),(7142,7110),(3315,7110),(3150,3011),(4653,5135),(9247,5256),(11574,7164),(11952,2142)
147,(1042,4845),(352,1081),(3292,342),(7119,342),(7407,3881),(6809,7110),(2982,7110),(3150,2678),(4653,4802),(9580,5256),(11574,7164),(11952,2142)
148,(982,4517),(291,753),(3625,342),(7407,387),(7407,4214),(6476,7110),(2649,7110),(3334,2529),(4653,4469),(9913,5256),(11574,7164),(11952,2142)
149,(922,4189),(231,425),(3959,342),(7407,721),(7407,4548),(6142,7110),(2315,7110),(3668,2529),(4874,4356),(9990,4999),(11574,7164),(11952,2142)
150,(862,3861),(465,342),(4292,342),(7407,1054),(7407,4881),(5809,7110),(1982,7110),(4001,2529),(5207,4356),(9990,4666),(11574,7164),(11952,2142)
151,(802,3533),(798,342),(4625,342),(7407,1387),(7407,5214),(5476,7110),(1649,7110),(4334,2529),(5540,4356),(9904,4419),(11574,7164),(11952,2142)
152,(741,3206),(1132,342),(4959,342),(7407,1721),(7407,5548),(5142,7110),(1432,6970),(4668,2529),(5607,4623),(9570,4419),(11574,7164),(11952,2142)
153,(681,2878),(1465,342),(5292,342),(7407,2054),(7407,5881),(4809,7110),(1372,6642),(5001,2529),(5607,4956),(9237,4419),(11574,7164),(11952,2142)
154,(621,2550),(1798,342),(5625,342),(7407,2387),(7407,6214),(4476,7110),(1312,6314),(5031,2832),(5520,5202),(9180,4695),(11574,7164),(11952,2142)
155,(561,2222),(2132,342),(5959,342),(7407,2721),(7407,6548),(4142,7110),(1252,5986),(5166,3031),(5186,5202),(9180,5029),(11574,7164),(11952,2142)
156,(501,1894),(2465,342),(6292,342),(7407,3054),(7407,6881),(3809,7110),(1192,5658),(5150,3348),(4853,5202),(9286,5256),(11574,7164),(11952,2142)
157,(441,1566),(2798,342),(6625,342),(7407,3387),(7303,7110),(3476,7110),(1131,5330),(4817,3348),(4653,5069),(9619,5256),(11574,7164),(11952,2142)
158,(381,1238),(3132,342),(6959,342),(7407,3721),(6969,7110),(3142,7110),(1071,5003),(4483,3348),(4653,4735),(9953,5256),(11574,7164),(11952,2142)
159,(320,911),(3465,342),(7292,342),(7407,4054),(6636,7110),(2809,7110),(1011,4675),(4150,3348),(4653,4402),(9990,4960),(11574,7164),(11952,2142)
160,(260,583),(3798,342),(7407,560),(7407,4387),(6303,7110),(2476,7110),(951,4347),(3817,3348),(4940,4356),(9990,4627),(11574,7164),(11952,2142)
161,(305,342),(4132,342),(7407,894),(7407,4721),(5969,7110),(2142,7110),(891,4019),(3483,3348),(5274,4356),(9864,4419),(11574,7164),(11952,2142)
162,(638,342),(4465,342),(7407,1227),(7407,5054),(5636,7110),(1809,7110),(831,3691),(3150,3348),(5607,4356),(9531,4419),(11574,7164),(11952,2142)
163,(971,342),(4798,342),(7407,1560),(7407,5387),(5303,7110),(1476,7110),(770,3363),(3150,3015),(5607,4689),(9198,4419),(11574,7164),(11952,2142)
164,(1305,342),(5132,342),(7407,1894),(7407,5721),(4969,7110),(1401,6800),(710,3035),(3150,2681),(5607,5023),(9180,4735),(11574,7164),(11952,2142)
165,(1638,342),(5465,342),(7407,2227),(7407,6054),(4636,7110),(1341,6472),(650,2708),(3331,2529),(5453,5202),(9180,5068),(11574,7164),(11952,2142)
166,(1971,342),(5798,342),(7407,2560),(7407,6387),(4303,7110),(1281,6144),(590,2380),(3664,2529),(5120,5202),(9325,5256),(11574,7164),(11952,2142)
167,(2305,342),(6132,342),(7407,2894),(7407,6721),(3969,7110),(1221,5816),(530,2052),(3998,2529),(4786,5202),(9659,5256),(11574,7164),(11952,2142)
168,(2638,342),(6465,342),(7407,3227),(7407,7054),(3636,7110),(1160,5488),(470,1724),(4331,2529),(4653,5002),(9990,5254),(11574,7164),(11952,2142)
169,(2971,342),(6798,342),(7407,3560),(7130,7110),(3303,7110),(1100,5160),(409,1396),(4664,2529),(4653,4669),(9990,4921),(11574,7164),(11952,2142)
170,(3305,342),(7132,342),(7407,3894),(6796,7110),(2969,7110),(1040,4832),(349,1068),(4998,2529),(4674,4356),(9990,4587),(11574,7164),(11952,2142)
171,(3638,342),(7407,400),(7407,4227),(6463,7110),(2636,7110),(980,4505),(289,740),(5031,2829),(5007,4356),(9825,4419),(11574,7164),(11952,2142)
172,(3971,342),(7407,733),(7407,4560),(6130,7110),(2303,7110),(920,4177),(229,413),(5166,3027),(5340,4356),(9492,4419),(11574,7164),(11952,2142)
173,(4305,342),(7407,1067),(7407,4894),(5796,7110),(1969,7110),(860,3849),(478,342),(5153,3348),(5607,4423),(9180,4441),(11574,7164),(11952,2142)
174,(4638,342),(7407,1400),(7407,5227),(5463,7110),(1636,7110),(799,3521),(811,342),(4820,3348),(5607,4756),(9180,4774),(11574,7164),(11952,2142)
175,(4971,342),(7407,1733),(7407,5560),(5130,7110),(1430,6957),(739,3193),(1144,342),(4487,3348),(5607,5089),(9180,5107),(11574,7164),(11952,2142)
176,(5305,342),(7407,2067),(7407,5894),(4796,7110),(1370,6629),(679,2865),(1478,342),(4153,3348),(5386,5202),(9365,5256),(11574,7164),(11952,2142)
177,(5638,342),(7407,2400),(7407,6227),(4463,7110),(1310,6302),(619,2537),(1811,342),(3820,3348),(5053,5202),(9698,5256),(11574,7164),(11952,2142)
178,(5971,342),(7407,2733),(7407,6560),(4130,7110),(1249,5974),(559,2210),(2144,342),(3487,3348),(4720,5202),(9990,5215),(11574,7164),(11952,2142)
179,(6305,342),(7407,3067),(7407,6894),(3796,7110),(1189,5646),(499,1882),(2478,342),(3153,3348),(4653,4935),(9990,4881),(11574,7164),(11952,2142)
180,(6638,342),(7407,3400),(7290,7110),(3463,7110),(1129,5318),(438,1554),(2811,342),(3150,3018),(4653,4602),(9990,4548),(11574,7164),(11952,2142)
181,(6971,342),(7407,3733),(6957,7110),(3130,7110),(1069,4990),(378,1226),(3144,342),(3150,2685),(4740,4356),(9786,4419),(11574,7164),(11952,2142)
182,(7305,342),(7407,4067),(6623,7110),(2796,7110),(1009,4662),(318,898),(3478,342),(3328,2529),(5074,4356),(9452,4419),(11574,7164),(11952,2142)
183,(7407,573),(7407,4400),(6290,7110),(2463,7110),(949,4334),(258,570),(3811,342),(3661,2529),(5407,4356),(9180,4480),(11574,7164),(11952,2142)
184,(7407,906),(7407,4733),(5957,7110),(2130,7110),(888,4007),(317,342),(4144,342),(3994,2529),(5607,4489),(9180,4813),(11574,7164),(11952,2142)
185,(7407,1240),(7407,5067),(5623,7110),(1796,7110),(828,3679),(651,342),(4478,342),(4328,2529),(5607,4823),(9180,5147),(11574,7164),(11952,2142)
186,(7407,1573),(7407,5400),(5290,7110),(1463,7110),(768,3351),(984,342),(4811,342),(4661,2529),(5607,5156),(9404,5256),(11574,7164),(11952,2142)
187,(7407,1906),(7407,5733),(4957,7110),(1399,6787),(708,3023),(1317,342),(5144,342),(4994,2529),(5320,5202),(9737,5256),(11574,7164),(11952,2142)
188,(7407,2240),(7407,6067),(4623,7110),(1339,6459),(648,2695),(1651,342),(5478,342),(5031,2826),(4986,5202),(9990,5175),(11574,7164),(11952,2142)
189,(7407,2573),(7407,6400),(4290,7110),(1278,6131),(588,2367),(1984,342),(5811,342),(5166,3024),(4653,5202),(9990,4842),(11574,7164),(11952,2142)
190,(7407,2906),(7407,6733),(3957,7110),(1218,5804),(527,2039),(2317,342),(6144,342),(5157,3348),(4653,4869),(9990,4509),(11574,7164),(11952,2142)
191,(7407,3240),(7407,7067),(3623,7110),(1158,5476),(467,1712),(2651,342),(6478,342),(4823,3348),(4653,4535),(9746,4419),(11574,7164),(11952,2142)
192,(7407,3573),(7117,7110),(3290,7110),(1098,5148),(407,1384),(2984,342),(6811,342),(4490,3348),(4807,4356),(9413,4419),(11574,7164),(11952,2142)
193,(7407,3906),(6784,7110),(2957,7110),(1038,4820),(347,1056),(3317,342),(7144,342),(4157,3348),(5140,4356),(9180,4519),(11574,7164),(11952,2142)
194,(7407,4240),(6450,7110),(2623,7110),(978,4492),(287,728),(3651,342),(7407,413),(3823,3348),(5474,4356),(9180,4853),(11574,7164),(11952,2142)
195,(7407,4573),(6117,7110),(2290,7110),(917,4164),(227,400),(3984,342),(7407,746),(3490,3348),(5607,4556),(9180,5186),(11574,7164),(11952,2142)
196,(7407,4906),(5784,7110),(1957,7110),(857,3836),(490,342),(4317,342),(7407,1079),(3157,3348),(5607,4889),(9443,5256),(11574,7164),(11952,2142)
197,(7407,5240),(5450,7110),(1623,7110),(797,3509),(824,342),(4651,342),(7407,1413),(3150,3021),(5586,5202),(9777,5256),(11574,7164),(11952,2142)
198,(7407,5573),(5117,7110),(1428,6945),(737,3181),(1157,342),(4984,342),(7407,1746),(3150,2688),(5253,5202),(9990,5136),(11574,7164),(11952,2142)
199,(7407,5906),(4784,7110),(1368,6617),(677,2853),(1490,342),(5317,342),(7407,2079),(3324,2529),(4920,5202),(9990,4803),(11574,7164),(11952,2142)
200,(7407,6240),(4450,7110),(1307,6289),(617,2525),(1824,342),(5651,342),(7407,2413),(3658,2529),(4653,5135),(9990,4469),(11574,7164),(11952,2142)
201,(7407,6573),(4117,7110),(1247,5961),(556,2197),(2157,342),(5984,342),(7407,2746),(3991,2529),(4653,4802),(9707,4419),(11574,7164),(11952,2142)
202,(7407,6906),(3784,7110),(1187,5633),(496,1869),(2490,342),(6317,342),(7407,3079),(4324,2529),(4653,4469),(9374,4419),(11574,7164),(11952,2142)
203,(7277,7110),(3450,7110),(1127,5306),(436,1541),(2824,342),(6651,342),(7407,3413),(4658,2529),(4874,4356),(9180,4559),(11574,7164),(11952,2142)
204,(6944,7110),(3117,7110),(1067,4978),(376,1214),(3157,342),(6984,342),(7407,3746),(4991,2529),(5207,4356),(9180,4892),(11574,7164),(11952,2142)
205,(6611,7110),(2784,7110),(1007,4650),(316,886),(3490,342),(7317,342),(7407,4079),(5031,2822),(5540,4356),(9180,5225),(11574,7164),(11952,2142)
206,(6277,7110),(2450,7110),(946,4322),(256,558),(3824,342),(7407,586),(7407,4413),(5166,3021),(5607,4623),(9483,5256),(11574,7164),(11952,2142)
207,(5944,7110),(2117,7110),(886,3994),(330,342),(4157,342),(7407,919),(7407,4746),(5160,3348),(5607,4956),(9816,5256),(11574,7164),(11952,2142)
208,(5611,7110),(1784,7110),(826,3666),(663,342),(4490,342),(7407,1252),(7407,5079),(4827,3348),(5520,5202),(9990,5097),(11574,7164),(11952,2142)
209,(5277,7110),(1457,7103),(766,3338),(997,342),(4824,342),(7407,1586),(7407,5413),(4493,3348),(5186,5202),(9990,4763),(11574,7164),(11952,2142)
210,(4944,7110),(1396,6775),(706,3011),(1330,342),(5157,342),(7407,1919),(7407,5746),(4160,3348),(4853,5202),(9990,4430),(11574,7164),(11952,2142)
211,(4611,7110),(1336,6447),(646,2683),(1663,342),(5490,342),(7407,2252),(7407,6079),(3827,3348),(4653,5069),(9668,4419),(11574,7164),(11952,2142)
212,(4277,7110),(1276,6119),(585,2355),(1997,342),(5824,342),(7407,2586),(7407,6413),(3493,3348),(4653,4735),(9334,4419),(11574,7164),(11952,2142)
213,(3944,7110),(1216,5791),(525,2027),(2330,342),(6157,342),(7407,2919),(7407,6746),(3160,3348),(4653,4402),(9180,4598),(11574,7164),(11952,2142)
214,(3611,7110),(1156,5463),(465,1699),(2663,342),(6490,342),(7407,3252),(7407,7079),(3150,3025),(4940,4356),(9180,4931),(11574,7164),(11952,2142)
215,(3277,7110),(1096,5135),(405,1371),(2997,342),(6824,342),(7407,3586),(7104,7110),(3150,2691),(5274,4356),(9189,5256),(11574,7164),(11952,2142)
216,(2944,7110),(1035,4808),(345,1043),(3330,342),(7157,342),(7407,3919),(6771,7110),(3321,2529),(5607,4356),(9522,5256),(11574,7164),(11952,2142)
217,(2611,7110),(975,4480),(285,716),(3663,342),(7407,425),(7407,4252),(6438,7110),(3654,2529),(5607,4689),(9855,5256),(11574,7164),(11952,2142)
218,(2277,7110),(915,4152),(224,388),(3997,342),(7407,759),(7407,4586),(6104,7110),(3988,2529),(5607,5023),(9990,5057),(11574,7164),(11952,2142)
219,(1944,7110),(855,3824),(503,342),(4330,342),(7407,1092),(7407,4919),(5771,7110),(4321,2529),(5453,5202),(9990,4724),(11574,7164),(11952,2142)
220,(1611,7110),(795,3496),(836,342),(4663,342),(7407,1425),(7407,5252),(5438,7110),(4654,2529),(5120,5202),(9962,4419),(11574,7164),(11952,2142)
221,(1425,6932),(735,3168),(1170,342),(4997,342),(7407,1759),(7407,5586),(5104,7110),(4988,2529),(4786,5202),(9628,4419),(11574,7164),(11952,2142)
222,(1365,6605),(674,2840),(1503,342),(5330,342),(7407,2092),(7407,5919),(4771,7110),(5031,2819),(4653,5002),(9295,4419),(11574,7164),(11952,2142)
223,(1305,6277),(614,2513),(1836,342),(5663,342),(7407,2425),(7407,6252),(4438,7110),(5166,3017),(4653,4669),(9180,4637),(11574,7164),(11952,2142)
224,(1245,5949),(554,2185),(2170,342),(5997,342),(7407,2759),(7407,6586),(4104,7110),(5163,3348),(4674,4356),(9180,4971),(11574,7164),(11952,2142)
225,(1185,5621),(494,1857),(2503,342),(6330,342),(7407,3092),(7407,6919),(3771,7110),(4830,3348),(5007,4356),(9228,5256),(11574,7164),(11952,2142)
226,(1125,5293),(434,1529),(2836,342),(6663,342),(7407,3425),(7265,7110),(3438,7110),(4497,3348),(5340,4356),(9561,5256),(11574,7164),(11952,2142)
227,(1064,4965),(374,1201),(3170,342),(6997,342),(7407,3759),(6931,7110),(3104,7110),(4163,3348),(5607,4423),(9895,5256),(11574,7164),(11952,2142)
228,(1004,4637),(313,873),(3503,342),(7330,342),(7407,4092),(6598,7110),(2771,7110),(3830,3348),(5607,4756),(9990,5018),(11574,7164),(11952,2142)
229,(944,4310),(253,545),(3836,342),(7407,598),(7407,4425),(6265,7110),(2438,7110),(3497,3348),(5607,5089),(9990,4685),(11574,7164),(11952,2142)
230,(884,3982),(343,342),(4170,342),(7407,932),(7407,4759),(5931,7110),(2104,7110),(3163,3348),(5386,5202),(9922,4419),(11574,7164),(11952,2142)
231,(824,3654),(676,342),(4503,342),(7407,1265),(7407,5092),(5598,7110),(1771,7110),(3150,3028),(5053,5202),(9589,4419),(11574,7164),(11952,2142)
232,(764,3326),(1009,342),(4836,342),(7407,1598),(7407,5425),(5265,7110),(1454,7090),(3150,2695),(4720,5202),(9256,4419),(11574,7164),(11952,2142)
233,(703,2998),(1343,342),(5170,342),(7407,1932),(7407,5759),(4931,7110),(1394,6762),(3318,2529),(4653,4935),(9180,4677),(11574,7164),(11952,2142)
234,(643,2670),(1676,342),(5503,342),(7407,2265),(7407,6092),(4598,7110),(1334,6434),(3651,2529),(4653,4602),(9180,5010),(11574,7164),(11952,2142)
235,(583,2342),(2009,342),(5836,342),(7407,2598),(7407,6425),(4265,7110),(1274,6106),(3984,2529),(4740,4356),(9267,5256),(11574,7164),(11952,2142)
236,(523,2014),(2343,342),(6170,342),(7407,2932),(7407,6759),(3931,7110),(1214,5779),(4318,2529),(5074,4356),(9601,5256),(11574,7164),(11952,2142)
237,(463,1687),(2676,342),(6503,342),(7407,3265),(7407,7092),(3598,7110),(1154,5451),(4651,2529),(5407,4356),(9934,5256),(11574,7164),(11952,2142)
238,(403,1359),(3009,342),(6836,342),(7407,3598),(7092,7110),(3265,7110),(1093,5123),(4984,2529),(5607,4489),(9990,4979),(11574,7164),(11952,2142)
239,(342,1031),(3343,342),(7170,342),(7407,3932),(6758,7110),(2931,7110),(1033,4795),(5031,2816),(5607,4823),(9990,4645),(11574,7164),(11952,2142)
240,(282,703),(3676,342),(7407,438),(7407,4265),(6425,7110),(2598,7110),(973,4467),(5166,3014),(5607,5156),(9883,4419),(11574,7164),(11952,2142)
End