  0 1 2 3 4 5 6 7 8 9 10 11 12 13 14 15 16 
0 0 
1 27 0 
2 36 31 0 
3 17 27 19 0 
4 11 38 33 14 0 
5 24 51 27 27 13 0 
6 31 58 32 34 20 9 0 
7 44 71 45 47 33 21 13 0 
8 40 67 64 49 35 37 32 19 0 
9 30 57 53 39 25 26 32 30 11 0 
10 20 47 47 29 15 26 35 39 20 10 0 
11 25 52 61 42 33 43 47 50 31 20 18 0 
12 21 48 57 38 32 45 52 65 54 43 36 23 0 
13 21 21 52 38 32 45 52 65 61 51 41 46 27 0 
14 18 41 48 29 15 28 35 48 34 24 14 25 22 39 0 
15 27 52 56 38 24 29 33 44 25 14 9 14 33 48 11 0 
16 36 61 63 44 30 38 42 40 21 13 18 23 42 57 20 9 0 
   0    1 
   0    3    2 
   0    3 
   0    4 
   0    4    5 
   0    4    6 
   0    4    6    7 
   0   10    8 
   0   10    9 
   0   10 
   0   11 
   0   12 
   0   13 
   0   14 
   0   15 
   0   15   16 

   1    0 
   1    2 
   1    3 
   1    4 
   1    4    5 
   1    4    6 
   1    4    6    7 
   1   10    8 
   1   10    9 
   1   10 
   1   11 
   1   12 
   1   13 
   1   14 
   1   14   15 
   1   14   15   16 

   2    3    0 
   2    1 
   2    3 
   2    3    4 
   2    5 
   2    6 
   2    6    7 
   2    6    7    8 
   2    5    9 
   2   10 
   2    3   11 
   2    3   12 
   2    1   13 
   2    3    4   14 
   2    5   15 
   2    3    4   16 

   3    0 
   3    1 
   3    2 
   3    4 
   3    4    5 
   3    4    6 
   3    4    6    7 
   3    4   10    8 
   3    4   10    9 
   3    4   10 
   3   11 
   3   12 
   3   13 
   3    4   14 
   3    4   10   15 
   3    4   16 

   4    0 
   4    1 
   4    3    2 
   4    3 
   4    5 
   4    6 
   4    6    7 
   4   10    8 
   4   10    9 
   4   10 
   4   10   11 
   4   12 
   4   13 
   4   14 
   4   10   15 
   4   16 

   5    4    0 
   5    4    1 
   5    2 
   5    4    3 
   5    4 
   5    6 
   5    7 
   5    9    8 
   5    9 
   5   10 
   5   15   11 
   5    4   12 
   5    4   13 
   5   14 
   5   15 
   5   15   16 

   6    4    0 
   6    4    1 
   6    2 
   6    4    3 
   6    4 
   6    5 
   6    7 
   6    7    8 
   6    9 
   6    4   10 
   6   15   11 
   6    4   12 
   6    4   13 
   6    4   14 
   6   15 
   6   15   16 

   7    6    4    0 
   7    6    4    1 
   7    6    2 
   7    6    4    3 
   7    6    4 
   7    5 
   7    6 
   7    8 
   7    8    9 
   7    8   10 
   7    8    9   11 
   7    6    4   12 
   7    6    4   13 
   7    6    4   14 
   7    8    9   15 
   7    8   16 

   8   10    0 
   8   10    1 
   8    7    6    2 
   8   10    4    3 
   8   10    4 
   8    9    5 
   8    7    6 
   8    7 
   8    9 
   8   10 
   8    9   11 
   8    9   11   12 
   8   10   13 
   8   10   14 
   8    9   15 
   8   16 

   9   10    0 
   9   10    1 
   9    5    2 
   9   10    4    3 
   9   10    4 
   9    5 
   9    6 
   9    8    7 
   9    8 
   9   10 
   9   11 
   9   11   12 
   9   10   13 
   9   10   14 
   9   15 
   9   16 

  10    0 
  10    1 
  10    2 
  10    4    3 
  10    4 
  10    5 
  10    4    6 
  10    8    7 
  10    8 
  10    9 
  10   11 
  10   14   12 
  10   13 
  10   14 
  10   15 
  10   15   16 

  11    0 
  11    1 
  11    3    2 
  11    3 
  11   10    4 
  11   15    5 
  11   15    6 
  11    9    8    7 
  11    9    8 
  11    9 
  11   10 
  11   12 
  11   13 
  11   15   14 
  11   15 
  11   15   16 

  12    0 
  12    1 
  12    3    2 
  12    3 
  12    4 
  12    4    5 
  12    4    6 
  12    4    6    7 
  12   11    9    8 
  12   11    9 
  12   14   10 
  12   11 
  12   13 
  12   14 
  12   14   15 
  12   14   15   16 

  13    0 
  13    1 
  13    1    2 
  13    3 
  13    4 
  13    4    5 
  13    4    6 
  13    4    6    7 
  13   10    8 
  13   10    9 
  13   10 
  13   11 
  13   12 
  13   14 
  13   15 
  13   15   16 

  14    0 
  14    1 
  14    4    3    2 
  14    4    3 
  14    4 
  14    5 
  14    4    6 
  14    4    6    7 
  14   10    8 
  14   10    9 
  14   10 
  14   15   11 
  14   12 
  14   13 
  14   15 
  14   15   16 

  15    0 
  15   14    1 
  15    5    2 
  15   10    4    3 
  15   10    4 
  15    5 
  15    6 
  15    9    8    7 
  15    9    8 
  15    9 
  15   10 
  15   11 
  15   14   12 
  15   13 
  15   14 
  15   16 

  16   15    0 
  16   15   14    1 
  16    4    3    2 
  16    4    3 
  16    4 
  16   15    5 
  16   15    6 
  16    8    7 
  16    8 
  16    9 
  16   15   10 
  16   15   11 
  16   15   14   12 
  16   15   13 
  16   15   14 
  16   15 

