  0 1 2 3 4 5 6 7 8 9 10 11 12 13 14 15 16 
0 0 99999 99999 99999 99999 99999 99999 99999 99999 99999 99999 99999 99999 99999 99999 99999 99999 
1 99999 0 31 27 49 99999 99999 99999 99999 99999 99999 99999 52 21 41 99999 99999 
2 99999 31 0 19 99999 27 32 99999 99999 99999 47 99999 99999 99999 50 99999 99999 
3 99999 27 19 0 14 99999 99999 99999 99999 99999 30 99999 99999 99999 31 99999 99999 
4 99999 49 99999 14 0 13 20 99999 99999 28 15 99999 99999 99999 15 25 30 
5 99999 99999 27 99999 13 0 9 21 99999 26 26 99999 99999 99999 28 29 99999 
6 99999 99999 32 99999 20 9 0 13 99999 32 99999 99999 99999 99999 99999 33 99999 
7 99999 99999 99999 99999 99999 21 13 0 19 99999 99999 99999 99999 99999 99999 99999 99999 
8 99999 99999 99999 99999 99999 99999 99999 19 0 11 20 99999 99999 99999 99999 33 21 
9 99999 99999 99999 99999 28 26 32 99999 11 0 10 20 99999 99999 29 14 13 
10 99999 99999 47 30 15 26 99999 99999 20 10 0 18 99999 99999 14 9 20 
11 99999 99999 99999 99999 99999 99999 99999 99999 99999 20 18 0 23 99999 99999 14 99999 
12 99999 52 99999 99999 99999 99999 99999 99999 99999 99999 99999 23 0 27 22 99999 99999 
13 99999 21 99999 99999 99999 99999 99999 99999 99999 99999 99999 99999 27 0 99999 99999 99999 
14 99999 41 50 31 15 28 99999 99999 99999 29 14 99999 22 99999 0 11 99999 
15 99999 99999 99999 99999 25 29 33 99999 33 14 9 14 99999 99999 11 0 9 
16 99999 99999 99999 99999 30 99999 99999 99999 21 13 20 99999 99999 99999 99999 9 0 
  0 1 2 3 4 5 6 7 8 9 10 11 12 13 14 15 16 
0 0 
1 99999 0 
2 99999 31 0 
3 99999 27 19 0 
4 99999 41 33 14 0 
5 99999 54 27 27 13 0 
6 99999 61 32 34 20 9 0 
7 99999 74 45 47 33 21 13 0 
8 99999 75 64 49 35 37 32 19 0 
9 99999 65 53 39 25 26 32 30 11 0 
10 99999 55 47 29 15 26 35 39 20 10 0 
11 99999 66 65 47 33 43 47 50 31 20 18 0 
12 99999 48 70 51 37 50 57 70 54 43 36 23 0 
13 99999 21 52 48 62 75 82 95 81 70 63 50 27 0 
14 99999 41 48 29 15 28 35 48 34 24 14 25 22 49 0 
15 99999 52 56 38 24 29 33 44 25 14 9 14 33 60 11 0 
16 99999 61 63 44 30 38 42 40 21 13 18 23 42 69 20 9 0 
   0 -->   1
   0 -->   2
   0 -->   3
   0 -->   4
   0 -->   5
   0 -->   6
   0 -->   7
   0 -->   8
   0 -->   9
   0 -->  10
   0 -->  11
   0 -->  12
   0 -->  13
   0 -->  14
   0 -->  15
   0 -->  16

   1 -->   2
   1 -->   3
   1 -->   3-->   4
   1 -->   3-->   4-->   5
   1 -->   3-->   4-->   6
   1 -->   3-->   4-->   6-->   7
   1 -->  14-->  10-->   8
   1 -->  14-->  10-->   9
   1 -->  14-->  10
   1 -->  14-->  15-->  11
   1 -->  13-->  12
   1 -->  13
   1 -->  14
   1 -->  14-->  15
   1 -->  14-->  15-->  16

   2 -->   3
   2 -->   3-->   4
   2 -->   5
   2 -->   6
   2 -->   6-->   7
   2 -->   6-->   7-->   8
   2 -->   5-->   9
   2 -->  10
   2 -->  10-->  11
   2 -->   3-->   4-->  14-->  12
   2 -->   1-->  13
   2 -->   3-->   4-->  14
   2 -->   5-->  15
   2 -->   3-->   4-->  16

   3 -->   4
   3 -->   4-->   5
   3 -->   4-->   6
   3 -->   4-->   6-->   7
   3 -->   4-->  10-->   8
   3 -->   4-->  10-->   9
   3 -->   4-->  10
   3 -->   4-->  10-->  11
   3 -->   4-->  14-->  12
   3 -->   1-->  13
   3 -->   4-->  14
   3 -->   4-->  10-->  15
   3 -->   4-->  16

   4 -->   5
   4 -->   6
   4 -->   6-->   7
   4 -->  10-->   8
   4 -->  10-->   9
   4 -->  10
   4 -->  10-->  11
   4 -->  14-->  12
   4 -->   3-->   1-->  13
   4 -->  14
   4 -->  10-->  15
   4 -->  16

   5 -->   6
   5 -->   7
   5 -->   9-->   8
   5 -->   9
   5 -->  10
   5 -->  15-->  11
   5 -->  14-->  12
   5 -->   4-->   3-->   1-->  13
   5 -->  14
   5 -->  15
   5 -->  15-->  16

   6 -->   7
   6 -->   7-->   8
   6 -->   9
   6 -->   4-->  10
   6 -->  15-->  11
   6 -->   4-->  14-->  12
   6 -->   4-->   3-->   1-->  13
   6 -->   4-->  14
   6 -->  15
   6 -->  15-->  16

   7 -->   8
   7 -->   8-->   9
   7 -->   8-->  10
   7 -->   8-->   9-->  11
   7 -->   6-->   4-->  14-->  12
   7 -->   6-->   4-->   3-->   1-->  13
   7 -->   6-->   4-->  14
   7 -->   8-->   9-->  15
   7 -->   8-->  16

   8 -->   9
   8 -->  10
   8 -->   9-->  11
   8 -->   9-->  11-->  12
   8 -->   9-->  11-->  12-->  13
   8 -->  10-->  14
   8 -->   9-->  15
   8 -->  16

   9 -->  10
   9 -->  11
   9 -->  11-->  12
   9 -->  11-->  12-->  13
   9 -->  10-->  14
   9 -->  15
   9 -->  16

  10 -->  11
  10 -->  14-->  12
  10 -->  14-->  12-->  13
  10 -->  14
  10 -->  15
  10 -->  15-->  16

  11 -->  12
  11 -->  12-->  13
  11 -->  15-->  14
  11 -->  15
  11 -->  15-->  16

  12 -->  13
  12 -->  14
  12 -->  14-->  15
  12 -->  14-->  15-->  16

  13 -->  12-->  14
  13 -->  12-->  14-->  15
  13 -->  12-->  14-->  15-->  16

  14 -->  15
  14 -->  15-->  16

  15 -->  16


