  0 1 2 3 4 5 6 7 8 9 10 11 12 13 14 15 16 
0           0      27      44      17      11      27      42   99999   99999   99999      20      25      21      21      18      27   99999 
1          27       0      31      27      49   99999   99999   99999   99999   99999   99999   99999      52      21      41   99999   99999 
2          44      31       0      19   99999      27      32   99999   99999   99999      47   99999   99999   99999      50   99999   99999 
3          17      27      19       0      14   99999   99999   99999   99999   99999      30   99999   99999   99999      31   99999   99999 
4          11      49   99999      14       0      13      20   99999   99999      28      15   99999   99999   99999      15      25      30 
5          27   99999      27   99999      13       0       9      21   99999      26      26   99999   99999   99999      28      29   99999 
6          42   99999      32   99999      20       9       0      13   99999      32   99999   99999   99999   99999   99999      33   99999 
7       99999   99999   99999   99999   99999      21      13       0      19   99999   99999   99999   99999   99999   99999   99999   99999 
8       99999   99999   99999   99999   99999   99999   99999      19       0      11      20   99999   99999   99999   99999      33      21 
9       99999   99999   99999   99999      28      26      32   99999      11       0      10      20   99999   99999      29      14      13 
10          20   99999      47      30      15      26   99999   99999      20      10       0      18   99999   99999      14       9      20 
11          25   99999   99999   99999   99999   99999   99999   99999   99999      20      18       0      23   99999   99999      14   99999 
12          21      52   99999   99999   99999   99999   99999   99999   99999   99999   99999      23       0      27      22   99999   99999 
13          21      21   99999   99999   99999   99999   99999   99999   99999   99999   99999   99999      27       0   99999   99999   99999 
14          18      41      50      31      15      28   99999   99999   99999      29      14   99999      22   99999       0      11   99999 
15          27   99999   99999   99999      25      29      33   99999      33      14       9      14   99999   99999      11       0       9 
16       99999   99999   99999   99999      30   99999   99999   99999      21      13      20   99999   99999   99999   99999       9       0 
  0 1 2 3 4 5 6 7 8 9 10 11 12 13 14 15 16 
0 0 
1 27 0 
2 36 31 0 
3 17 27 19 0 
4 11 38 33 14 0 
5 24 51 27 27 13 0 
6 31 58 32 34 20 9 0 
7 44 71 45 47 33 21 13 0 
8 40 67 64 49 35 37 32 19 0 
9 30 57 53 39 25 26 32 30 11 0 
10 20 47 47 29 15 26 35 39 20 10 0 
11 25 52 61 42 33 43 47 50 31 20 18 0 
12 21 48 57 38 32 45 52 65 54 43 36 23 0 
13 21 21 52 38 32 45 52 65 61 51 41 46 27 0 
14 18 41 48 29 15 28 35 48 34 24 14 25 22 39 0 
15 27 52 56 38 24 29 33 44 25 14 9 14 33 48 11 0 
16 36 61 63 44 30 38 42 40 21 13 18 23 42 57 20 9 0 
0 1 27
0 2 36
0 3 17
0 4 11
0 5 24
0 6 31
0 7 44
0 8 40
0 9 30
0 10 20
0 11 25
0 12 21
0 13 21
0 14 18
0 15 27
0 16 36
1 2 31
1 3 27
1 4 38
1 5 51
1 6 58
1 7 71
1 8 67
1 9 57
1 10 47
1 11 52
1 12 48
1 13 21
1 14 41
1 15 52
1 16 61
2 3 19
2 4 33
2 5 27
2 6 32
2 7 45
2 8 64
2 9 53
2 10 47
2 11 61
2 12 57
2 13 52
2 14 48
2 15 56
2 16 63
3 4 14
3 5 27
3 6 34
3 7 47
3 8 49
3 9 39
3 10 29
3 11 42
3 12 38
3 13 38
3 14 29
3 15 38
3 16 44
4 5 13
4 6 20
4 7 33
4 8 35
4 9 25
4 10 15
4 11 33
4 12 32
4 13 32
4 14 15
4 15 24
4 16 30
5 6 9
5 7 21
5 8 37
5 9 26
5 10 26
5 11 43
5 12 45
5 13 45
5 14 28
5 15 29
5 16 38
6 7 13
6 8 32
6 9 32
6 10 35
6 11 47
6 12 52
6 13 52
6 14 35
6 15 33
6 16 42
7 8 19
7 9 30
7 10 39
7 11 50
7 12 65
7 13 65
7 14 48
7 15 44
7 16 40
8 9 11
8 10 20
8 11 31
8 12 54
8 13 61
8 14 34
8 15 25
8 16 21
9 10 10
9 11 20
9 12 43
9 13 51
9 14 24
9 15 14
9 16 13
10 11 18
10 12 36
10 13 41
10 14 14
10 15 9
10 16 18
11 12 23
11 13 46
11 14 25
11 15 14
11 16 23
12 13 27
12 14 22
12 15 33
12 16 42
13 14 39
13 15 48
13 16 57
14 15 11
14 16 20
15 16 9
   0 -->   1
   0 -->   3-->   2
   0 -->   3
   0 -->   4
   0 -->   4-->   5
   0 -->   4-->   6
   0 -->   4-->   6-->   7
   0 -->  10-->   8
   0 -->  10-->   9
   0 -->  10
   0 -->  11
   0 -->  12
   0 -->  13
   0 -->  14
   0 -->  15
   0 -->  15-->  16

   1 -->   2
   1 -->   3
   1 -->   4
   1 -->   4-->   5
   1 -->   4-->   6
   1 -->   4-->   6-->   7
   1 -->  10-->   8
   1 -->  10-->   9
   1 -->  10
   1 -->  11
   1 -->  12
   1 -->  13
   1 -->  14
   1 -->  14-->  15
   1 -->  14-->  15-->  16

   2 -->   3
   2 -->   3-->   4
   2 -->   5
   2 -->   6
   2 -->   6-->   7
   2 -->   6-->   7-->   8
   2 -->   5-->   9
   2 -->  10
   2 -->   3-->  11
   2 -->   3-->  12
   2 -->   1-->  13
   2 -->   3-->   4-->  14
   2 -->   5-->  15
   2 -->   3-->   4-->  16

   3 -->   4
   3 -->   4-->   5
   3 -->   4-->   6
   3 -->   4-->   6-->   7
   3 -->   4-->  10-->   8
   3 -->   4-->  10-->   9
   3 -->   4-->  10
   3 -->  11
   3 -->  12
   3 -->  13
   3 -->   4-->  14
   3 -->   4-->  10-->  15
   3 -->   4-->  16

   4 -->   5
   4 -->   6
   4 -->   6-->   7
   4 -->  10-->   8
   4 -->  10-->   9
   4 -->  10
   4 -->  10-->  11
   4 -->  12
   4 -->  13
   4 -->  14
   4 -->  10-->  15
   4 -->  16

   5 -->   6
   5 -->   7
   5 -->   9-->   8
   5 -->   9
   5 -->  10
   5 -->  15-->  11
   5 -->   4-->  12
   5 -->   4-->  13
   5 -->  14
   5 -->  15
   5 -->  15-->  16

   6 -->   7
   6 -->   7-->   8
   6 -->   9
   6 -->   4-->  10
   6 -->  15-->  11
   6 -->   4-->  12
   6 -->   4-->  13
   6 -->   4-->  14
   6 -->  15
   6 -->  15-->  16

   7 -->   8
   7 -->   8-->   9
   7 -->   8-->  10
   7 -->   8-->   9-->  11
   7 -->   6-->   4-->  12
   7 -->   6-->   4-->  13
   7 -->   6-->   4-->  14
   7 -->   8-->   9-->  15
   7 -->   8-->  16

   8 -->   9
   8 -->  10
   8 -->   9-->  11
   8 -->   9-->  11-->  12
   8 -->  10-->  13
   8 -->  10-->  14
   8 -->   9-->  15
   8 -->  16

   9 -->  10
   9 -->  11
   9 -->  11-->  12
   9 -->  10-->  13
   9 -->  10-->  14
   9 -->  15
   9 -->  16

  10 -->  11
  10 -->  14-->  12
  10 -->  13
  10 -->  14
  10 -->  15
  10 -->  15-->  16

  11 -->  12
  11 -->  13
  11 -->  15-->  14
  11 -->  15
  11 -->  15-->  16

  12 -->  13
  12 -->  14
  12 -->  14-->  15
  12 -->  14-->  15-->  16

  13 -->  14
  13 -->  15
  13 -->  15-->  16

  14 -->  15
  14 -->  15-->  16

  15 -->  16


