  0 1 2 3 4 5 6 7 8 9 10 11 12 13 14 15 16 
0           0      27      44      17      11      27      42   99999   99999   99999      20      25      21      21      18      27   99999 
1          27       0      31      27      49   99999   99999   99999   99999   99999   99999   99999      52      21      41   99999   99999 
2          44      31       0      19   99999      27      32   99999   99999   99999      47   99999   99999   99999      50   99999   99999 
3          17      27      19       0      14   99999   99999   99999   99999   99999      30   99999   99999   99999      31   99999   99999 
4          11      49   99999      14       0      13      20   99999   99999      28      15   99999   99999   99999      15      25      30 
5          27   99999      27   99999      13       0       9      21   99999      26      26   99999   99999   99999      28      29   99999 
6          42   99999      32   99999      20       9       0      13   99999      32   99999   99999   99999   99999   99999      33   99999 
7       99999   99999   99999   99999   99999      21      13       0      19   99999   99999   99999   99999   99999   99999   99999   99999 
8       99999   99999   99999   99999   99999   99999   99999      19       0      11      20   99999   99999   99999   99999      33      21 
9       99999   99999   99999   99999      28      26      32   99999      11       0      10      20   99999   99999      29      14      13 
10          20   99999      47      30      15      26   99999   99999      20      10       0      18   99999   99999      14       9      20 
11          25   99999   99999   99999   99999   99999   99999   99999   99999      20      18       0      23   99999   99999      14   99999 
12          21      52   99999   99999   99999   99999   99999   99999   99999   99999   99999      23       0      27      22   99999   99999 
13          21      21   99999   99999   99999   99999   99999   99999   99999   99999   99999   99999      27       0   99999   99999   99999 
14          18      41      50      31      15      28   99999   99999   99999      29      14   99999      22   99999       0      11   99999 
15          27   99999   99999   99999      25      29      33   99999      33      14       9      14   99999   99999      11       0       9 
16       99999   99999   99999   99999      30   99999   99999   99999      21      13      20   99999   99999   99999   99999       9       0 
  0 1 2 3 4 5 6 7 8 9 10 11 12 13 14 15 16 
0 0 
1 27 0 
2 36 31 0 
3 17 27 19 0 
4 11 38 33 14 0 
5 24 51 27 27 13 0 
6 31 58 32 34 20 9 0 
7 44 71 45 47 33 21 13 0 
8 40 67 64 49 35 37 32 19 0 
9 30 57 53 39 25 26 32 30 11 0 
10 20 47 47 29 15 26 35 39 20 10 0 
11 25 52 61 42 33 43 47 50 31 20 18 0 
12 21 48 57 38 32 45 52 65 54 43 36 23 0 
13 21 21 52 38 32 45 52 65 61 51 41 46 27 0 
14 18 41 48 29 15 28 35 48 34 24 14 25 22 39 0 
15 27 52 56 38 24 29 33 44 25 14 9 14 33 48 11 0 
16 36 61 63 44 30 38 42 40 21 13 18 23 42 57 20 9 0 
0 
32 0 
17 34 0 
0 14 14 0 
0 33 14 22 0 
0 35 14 22 46 0 
0 35 14 22 47 62 0 
0 12 8 16 27 39 65 0 
0 13 8 16 28 29 44 59 0 
0 9 8 16 18 16 25 40 40 0 
0 0 0 3 6 9 19 34 35 27 0 
0 0 0 0 0 0 0 7 8 5 23 0 
27 5 0 0 0 0 0 0 0 0 0 15 0 
4 6 6 14 14 14 14 24 24 24 18 17 0 0 
2 7 6 14 22 25 27 42 43 38 38 15 0 34 0 
2 9 9 17 22 25 40 55 53 38 38 15 0 34 54 0 
   0 -->   1
   0 -->   3-->   2
   0 -->   3
   0 -->   4
   0 -->   4-->   5
   0 -->   4-->   6
   0 -->   4-->   6-->   7
   0 -->  10-->   8
   0 -->  10-->   9
   0 -->  10
   0 -->  11
   0 -->  12
   0 -->  13
   0 -->  14
   0 -->  15
   0 -->  15-->  16

   1 -->   2
   1 -->   3
   1 -->   4
   1 -->   4-->   5
   1 -->   4-->   6
   1 -->   4-->   6-->   7
   1 -->  10-->   8
   1 -->  10-->   9
   1 -->  10
   1 -->  11
   1 -->  12
   1 -->  13
   1 -->  14
   1 -->  14-->  15
   1 -->  14-->  15-->  16

   2 -->   3
   2 -->   3-->   4
   2 -->   5
   2 -->   6
   2 -->   6-->   7
   2 -->   6-->   7-->   8
   2 -->   5-->   9
   2 -->  10
   2 -->   3-->  11
   2 -->   3-->  12
   2 -->   1-->  13
   2 -->   3-->   4-->  14
   2 -->   5-->  15
   2 -->   3-->   4-->  16

   3 -->   4
   3 -->   4-->   5
   3 -->   4-->   6
   3 -->   4-->   6-->   7
   3 -->   4-->  10-->   8
   3 -->   4-->  10-->   9
   3 -->   4-->  10
   3 -->  11
   3 -->  12
   3 -->  13
   3 -->   4-->  14
   3 -->   4-->  10-->  15
   3 -->   4-->  16

   4 -->   5
   4 -->   6
   4 -->   6-->   7
   4 -->  10-->   8
   4 -->  10-->   9
   4 -->  10
   4 -->  10-->  11
   4 -->  12
   4 -->  13
   4 -->  14
   4 -->  10-->  15
   4 -->  16

   5 -->   6
   5 -->   7
   5 -->   9-->   8
   5 -->   9
   5 -->  10
   5 -->  15-->  11
   5 -->   4-->  12
   5 -->   4-->  13
   5 -->  14
   5 -->  15
   5 -->  15-->  16

   6 -->   7
   6 -->   7-->   8
   6 -->   9
   6 -->   4-->  10
   6 -->  15-->  11
   6 -->   4-->  12
   6 -->   4-->  13
   6 -->   4-->  14
   6 -->  15
   6 -->  15-->  16

   7 -->   8
   7 -->   8-->   9
   7 -->   8-->  10
   7 -->   8-->   9-->  11
   7 -->   6-->   4-->  12
   7 -->   6-->   4-->  13
   7 -->   6-->   4-->  14
   7 -->   8-->   9-->  15
   7 -->   8-->  16

   8 -->   9
   8 -->  10
   8 -->   9-->  11
   8 -->   9-->  11-->  12
   8 -->  10-->  13
   8 -->  10-->  14
   8 -->   9-->  15
   8 -->  16

   9 -->  10
   9 -->  11
   9 -->  11-->  12
   9 -->  10-->  13
   9 -->  10-->  14
   9 -->  15
   9 -->  16

  10 -->  11
  10 -->  14-->  12
  10 -->  13
  10 -->  14
  10 -->  15
  10 -->  15-->  16

  11 -->  12
  11 -->  13
  11 -->  15-->  14
  11 -->  15
  11 -->  15-->  16

  12 -->  13
  12 -->  14
  12 -->  14-->  15
  12 -->  14-->  15-->  16

  13 -->  14
  13 -->  15
  13 -->  15-->  16

  14 -->  15
  14 -->  15-->  16

  15 -->  16


