27,0.901042665,0.00959
0,(8381,279),(3647,7907),(11880,317),(11193,2206),(3979,856),(9060,6314),(227,533),(14529,7139),(6239,2029),(781,3645),(7553,5249),(9041,7989),(10337,5242),(4763,7110),(7429,390),(1847,5638),(7332,1364),(5754,4860),(9182,4511),(4508,3053),(7366,2902),(4166,5231),(1458,7092),(6750,7836),(1841,3015),(11586,7283),(13116,5446)
1,(8639,260),(3905,7919),(11880,576),(10955,2306),(4022,1111),(8802,6308),(250,790),(14497,7395),(6149,1787),(720,3394),(7812,5236),(8784,7985),(10079,5252),(4644,7110),(7418,647),(2103,5610),(7074,1356),(6011,4860),(9176,4556),(4404,3281),(7432,2968),(4423,5214),(1596,7088),(6750,7577),(1890,3269),(11614,7540),(13258,5661)
2,(8811,425),(4199,7932),(12048,699),(10684,2419),(4068,1402),(8507,6300),(277,1083),(14462,7687),(6330,1715),(650,3108),(8106,5220),(8490,7980),(9846,5346),(5316,7110),(7193,732),(2396,5578),(6866,1445),(6305,4860),(9325,4400),(4567,3334),(7208,2879),(4050,5202),(1889,7080),(6750,7284),(1946,3558),(11645,7832),(13421,5906)
3,(8933,765),(4560,7948),(12408,693),(10351,2559),(4077,1762),(8147,6283),(315,1442),(14544,7020),(6691,1724),(694,3290),(8118,5569),(8128,7974),(9846,5708),(5608,7170),(6833,752),(2755,5539),(6847,1650),(6382,5118),(9686,4424),(4928,3347),(6860,2788),(4786,5184),(2192,6958),(6745,6922),(1907,3358),(11644,7827),(13620,6207)
4,(9036,1048),(4703,7811),(12710,688),(10302,2580),(4085,2063),(8389,6295),(367,1739),(14117,8042),(6840,1880),(766,3583),(8118,5870),(7827,7966),(9878,5971),(5603,7470),(6708,527),(3042,5495),(7452,1368),(6172,5220),(9987,4444),(4934,3322),(6812,2689),(4675,4956),(2162,6998),(6739,6621),(1850,3063),(11612,7528),(13786,6458)
5,(9152,1368),(4674,7472),(12975,611),(10615,2448),(4273,2250),(8464,6551),(426,2074),(13776,8037),(6840,2220),(965,3755),(8118,6210),(7488,7958),(10216,5925),(5613,7810),(6660,341),(3042,5284),(6890,1114),(5832,5220),(9689,4424),(5166,3409),(6842,2375),(4707,5134),(1860,7080),(6750,7956),(1646,2916),(11576,7189),(13974,6741)
6,(9119,1277),(3528,7902),(12962,247),(10951,2307),(4543,2250),(8186,6614),(374,1778),(13412,8032),(6840,2058),(1329,3730),(8118,5989),(7672,7962),(9906,5967),(5609,7664),(6751,694),(2901,5523),(6747,1340),(5623,5072),(9325,4400),(5166,3774),(7148,2350),(4403,5216),(1495,7090),(6739,6646),(1284,2954),(11910,7128),(14286,6840)
7,(9006,966),(4313,7110),(12714,170),(11256,2179),(4212,2250),(8113,6362),(317,1452),(13082,8028),(6282,2142),(1656,3681),(8118,5658),(8003,7971),(9846,5706),(5600,7333),(6869,1003),(2572,5559),(6830,1346),(5516,4876),(9186,4189),(5166,3455),(7478,2370),(4150,5124),(1513,7379),(6746,6976),(955,2989),(12239,7094),(14219,6840)
8,(8901,676),(4003,7110),(12405,180),(11366,2411),(4105,2468),(8105,6510),(283,1144),(12773,8024),(6530,1720),(810,3762),(8118,5349),(8118,7779),(9846,5397),(5612,7026),(6800,833),(2265,5593),(7139,1358),(5625,5032),(9192,4291),(4981,3344),(7786,2341),(4056,5177),(1589,7625),(6889,7142),(647,3022),(12546,7062),(13968,6731)
9,(8786,358),(3666,7110),(12067,191),(11676,2457),(4104,2162),(8083,6848),(252,808),(12434,8020),(6192,1711),(1627,3686),(8104,5012),(8118,7893),(10073,5252),(5598,6687),(6706,1002),(1928,5629),(7448,1342),(5767,5220),(9435,4407),(4518,2934),(8123,2353),(3737,5221),(1820,7378),(7227,7132),(948,2990),(12883,7027),(13781,6449)
10,(8824,464),(3514,7293),(12030,192),(12015,2464),(4079,1824),(8066,7105),(221,470),(12095,8015),(6213,1959),(1292,3736),(8082,4673),(8377,7978),(10413,5239),(5584,6349),(7434,270),(1701,5786),(7431,1226),(6106,5220),(9774,4430),(4386,3306),(8060,2351),(3497,5309),(2052,7130),(7192,7133),(1285,2954),(13220,6992),(13594,6167)
11,(8934,766),(3521,7613),(12352,182),(12335,2454),(4071,1503),(8088,6784),(480,410),(11775,8011),(6312,2264),(972,3755),(8062,4353),(8697,7983),(10448,4961),(5362,6223),(6701,1020),(1819,5641),(7452,1545),(6377,5165),(9921,4440),(4510,3021),(7452,2988),(3596,5615),(1939,7251),(6871,7142),(1605,2920),(13064,7008),(13416,5899)
12,(9046,1076),(3527,7859),(12681,171),(12665,2443),(4278,1357),(8250,6621),(809,405),(11883,8012),(6270,2142),(835,3928),(7965,4104),(9028,7989),(10436,4631),(4644,7110),(6825,752),(2147,5605),(7452,1876),(6405,4835),(9591,4418),(4276,2923),(7412,2374),(3699,5929),(1713,7492),(6542,7132),(1799,2783),(12735,7042),(13234,5624)
13,(9160,1390),(3519,7525),(12961,218),(13000,2432),(4609,1311),(8466,6518),(1143,400),(12216,8017),(6066,2187),(887,4258),(7631,4104),(9361,7992),(10424,4297),(5032,6597),(7159,734),(2479,5569),(7440,2209),(6390,4501),(9257,4395),(4130,3076),(7079,2343),(3814,6041),(1543,7534),(6208,7122),(1745,2453),(12403,7077),(13050,5346)
14,(9198,1716),(3511,7194),(12973,549),(13054,2165),(4938,1266),(8591,6302),(1475,395),(12548,8021),(6051,1933),(953,4584),(7412,4220),(9623,7928),(10157,4230),(5025,6929),(7419,644),(2810,5533),(7440,2209),(6390,4169),(9198,4392),(4162,3348),(6844,2413),(3651,5784),(1480,7207),(5876,7115),(1691,2125),(12073,7111),(12718,5333)
15,(9198,2090),(3220,7110),(12738,687),(13065,2383),(4662,1304),(8965,6312),(1849,389),(12923,8026),(5788,1671),(1029,4951),(7400,4594),(9603,7744),(9895,4069),(5026,6916),(7434,270),(2901,5523),(7523,1903),(6100,4057),(9162,5036),(4175,3348),(6751,2601),(3535,5428),(1538,6964),(5729,7112),(1411,2035),(11701,7150),(12344,5319)
16,(8992,2343),(2763,7110),(12282,695),(12658,2443),(4210,1366),(9174,6560),(2305,382),(13379,8032),(6282,2142),(1280,5194),(7190,4845),(9422,7992),(10160,4230),(5035,6459),(7889,279),(2448,5573),(7463,1907),(5645,4050),(9162,5020),(4138,3731),(6357,2370),(3217,5227),(1989,6898),(6185,7121),(956,2067),(11245,7168),(11888,5302)
17,(8815,2347),(2587,7110),(12106,698),(12482,2449),(4062,1354),(9170,6736),(2481,379),(13555,8034),(5792,1278),(1457,5187),(7014,4848),(9246,7992),(10335,4230),(5039,6283),(8066,283),(2273,5592),(7452,1743),(5596,3904),(9162,4844),(4303,3749),(6466,2434),(4050,5202),(2164,6873),(6361,7125),(781,2080),(11069,7171),(11712,5295)
18,(8474,2353),(2721,7110),(11885,816),(12140,2460),(4006,1017),(9163,7077),(2822,374),(13896,8039),(6133,1278),(1298,5193),(6673,4855),(9148,7735),(10431,4484),(4721,6220),(8262,432),(1933,5629),(7452,1402),(5608,3994),(9183,4504),(4518,2934),(6760,2606),(2701,5201),(2034,6892),(6480,7287),(440,2105),(10728,7175),(11371,5282)
19,(8271,2236),(3055,7110),(11902,1151),(11806,2461),(3908,741),(8895,7146),(3158,369),(14230,8043),(6347,1278),(1057,5087),(6478,4858),(9393,7650),(10443,4820),(4535,6320),(8262,768),(1702,5777),(7751,1348),(5612,4111),(9184,4170),(4308,3750),(7452,2988),(2374,5164),(1702,6940),(6145,7275),(500,2424),(10394,7180),(11246,5277)
20,(9198,2340),(3384,7110),(11918,1480),(11476,2451),(3579,764),(8567,7146),(3487,364),(14435,7904),(6019,1278),(992,4763),(6806,4852),(9464,7650),(10454,5148),(4580,6647),(8262,1096),(1965,5856),(8080,1326),(5586,4439),(9174,3840),(4140,3904),(6764,2716),(2164,4976),(1430,6980),(5816,7262),(570,2746),(10313,7412),(11575,5290)
21,(8273,2218),(3545,6927),(11934,1791),(11324,2243),(3269,786),(8256,7146),(216,414),(14473,7596),(5708,1278),(926,4459),(7118,4847),(9153,7650),(10680,5249),(4622,6955),(8262,1219),(2274,5884),(8133,1322),(5442,4682),(9081,3618),(4140,4215),(6476,2687),(2315,5176),(1738,6935),(5690,7257),(624,2997),(10326,7577),(11886,5302)
22,(8472,2353),(3613,6583),(11880,198),(11569,2152),(2919,811),(8223,7146),(3446,365),(14516,7247),(5650,1535),(1123,4295),(7404,4912),(9161,7990),(11030,5268),(4617,6916),(8262,868),(2624,5915),(7782,1345),(5403,4706),(8872,3618),(4140,4002),(6366,2602),(2183,5091),(2085,6884),(6041,7271),(550,2654),(10299,7226),(12237,5315)
23,(8804,2347),(3677,6258),(12282,2125),(11900,2143),(2589,834),(8553,7146),(3115,370),(14485,6936),(5888,1761),(1452,4266),(7432,5243),(9491,7992),(11190,5488),(4572,6588),(8262,538),(2954,5945),(7452,1368),(5654,4496),(9170,3652),(4133,3671),(6516,2859),(2293,5083),(2122,6879),(6371,7283),(480,2330),(10582,7177),(12568,5327)
24,(9128,2341),(3711,6083),(12606,2109),(11680,2149),(2265,857),(8878,7146),(2792,375),(14537,7010),(6089,2009),(1776,4266),(7407,4945),(9610,7806),(11261,5805),(4528,6267),(8188,286),(2914,5941),(7346,1108),(5801,4320),(9177,3975),(4518,2934),(6265,2942),(2575,5194),(1801,6925),(6482,7135),(525,2099),(10905,7173),(12892,5340)
25,(9198,2037),(3639,6449),(12979,2091),(11306,2159),(2462,843),(9163,7057),(2419,380),(14276,6840),(6224,2356),(2027,4266),(7486,4662),(9810,7650),(11342,6169),(4232,6106),(7815,278),(2542,5908),(6974,1070),(5634,4860),(9442,4065),(4114,2978),(5965,3034),(2949,5214),(1432,6979),(6750,7240),(897,2072),(11279,7168),(13259,5293)
26,(9198,1741),(3582,6739),(12826,2099),(11240,1874),(2756,823),(9170,6761),(2124,385),(13982,6851),(6250,2437),(1731,4266),(7782,4662),(10105,7650),(11344,6178),(3940,6069),(7519,271),(2249,5881),(7107,1084),(5654,4834),(9736,4043),(4336,2926),(5930,3327),(3244,5228),(1667,6945),(6750,7536),(1192,2050),(11574,7164),(13437,5523)
27,(9172,1423),(3520,7056),(12503,2114),(11170,1559),(3078,800),(9177,6439),(1800,390),(13664,6913),(6169,2142),(1409,4266),(8059,4662),(10236,7650),(11273,5862),(4644,7110),(7196,270),(1927,5853),(7416,1103),(5860,4584),(9705,4045),(4659,2932),(5890,3648),(3566,5232),(1986,6898),(6750,7859),(1514,2027),(11500,6849),(13630,5782)
28,(9046,1076),(3823,7110),(12134,2133),(11090,1199),(3447,774),(9175,6070),(1432,395),(14544,7020),(6192,1902),(1043,4310),(7689,4662),(9867,7650),(11193,5502),(4104,5721),(6828,270),(1559,5826),(7416,734),(6006,4252),(9337,4073),(5028,2917),(6039,3773),(3935,5209),(2183,6870),(7021,7956),(1707,2222),(11416,6489),(13851,6078)
29,(8937,775),(4143,7110),(11945,2005),(11021,886),(3766,751),(9170,5749),(1112,400),(13616,6922),(6059,1611),(873,4165),(7398,4633),(9598,7696),(11056,5269),(4130,5972),(6775,270),(1238,5814),(7416,1025),(6016,4165),(9176,3923),(4767,2928),(6005,3785),(4050,5202),(1867,6916),(7341,7956),(1759,2538),(11408,6458),(14042,6335)
30,(8820,452),(4487,7110),(11927,1661),(10946,550),(3900,600),(9164,5405),(768,405),(13954,6856),(6158,1444),(819,3825),(7410,4289),(9624,7944),(10712,5251),(4377,6149),(7120,270),(1148,5493),(7452,1368),(5921,4489),(9170,3656),(4635,3136),(5892,3637),(4102,5215),(1526,6966),(7110,7956),(1814,2878),(11487,6793),(14247,6611)
31,(8777,332),(4656,7252),(11913,1362),(10881,258),(3812,394),(9164,5405),(468,410),(13831,6880),(6451,1385),(754,3533),(7303,4089),(9597,7650),(10412,5239),(4560,6044),(7419,270),(1728,5652),(7750,1348),(5742,4728),(9177,3954),(4639,3225),(5928,3340),(4077,5445),(1577,6958),(6811,7956),(1773,2622),(11555,7085),(14409,6828)
32,(8904,683),(4687,7624),(11894,989),(10943,537),(3960,738),(9170,5777),(227,533),(13465,6952),(6438,1388),(665,3170),(6932,4050),(9971,7650),(10039,5253),(4589,5941),(7419,627),(1165,5565),(8123,1323),(5578,4664),(9174,3844),(4618,2851),(5973,2969),(4222,5634),(1946,6904),(6437,7946),(1712,2254),(11507,6879),(14186,6529)
33,(9007,969),(4713,7927),(11880,686),(11009,834),(4263,738),(9176,6082),(255,836),(13164,6998),(6140,1447),(597,2874),(6727,4050),(10274,7650),(9982,5019),(4561,6198),(7204,731),(1230,5862),(8097,1324),(5319,4572),(9171,3696),(4795,2736),(6261,2942),(4050,5202),(2247,6861),(6133,7936),(1611,2020),(11438,6583),(14005,6285)
34,(9121,1282),(4412,7942),(11880,352),(11081,1159),(4597,738),(9277,6315),(285,1167),(12833,7032),(6063,1617),(527,2548),(6997,3975),(10310,7374),(9997,4686),(4892,6243),(6871,750),(1275,6192),(7764,1347),(5634,4860),(9178,4028),(5043,2841),(6516,2855),(4810,5386),(1959,6903),(5801,7925),(1278,2044),(11362,6258),(13806,6018)
35,(9198,1593),(4087,7927),(11709,201),(11152,1476),(4922,738),(9602,6305),(296,1280),(12510,7066),(6196,1913),(458,2231),(6984,4049),(10164,7177),(10004,4529),(5209,6217),(6712,541),(1309,6445),(7452,1379),(5634,4860),(9174,3818),(5305,2945),(6697,2758),(4714,5424),(1637,6949),(5755,7924),(954,2068),(11291,5941),(13612,5757)
36,(9198,1961),(3720,7910),(11343,207),(11231,1834),(5289,738),(9827,6141),(262,914),(12145,7104),(6159,2142),(482,2339),(7347,4095),(9796,7166),(9987,4896),(5575,6245),(6555,282),(1260,6081),(7452,1746),(4988,4530),(9173,3785),(4518,2934),(6606,2940),(4374,5564),(1533,6965),(6123,7936),(588,2094),(11211,5582),(13393,5462)
37,(9198,2258),(3424,7902),(11045,212),(11296,2124),(5586,738),(9831,6106),(234,619),(11849,7135),(6322,2305),(545,2630),(7442,3887),(9499,7156),(9974,5193),(5592,6538),(6259,288),(1250,5815),(7446,2043),(5072,4297),(9179,4082),(5151,3122),(6722,2948),(4050,5202),(1827,6922),(6419,7945),(571,2095),(11146,5292),(13184,5312)
38,(9184,2590),(3092,7902),(11029,213),(11239,1870),(5746,738),(9672,6303),(341,412),(11628,7158),(6575,2498),(615,2954),(7110,3859),(9167,7146),(10241,5246),(5605,6869),(5927,288),(1582,5827),(7452,1368),(5179,4291),(9172,3758),(5114,2925),(6771,2769),(3851,5904),(2156,6874),(6748,7955),(902,2071),(11210,5579),(13157,5507)
39,(9164,2952),(2727,7902),(11393,206),(11160,1515),(5381,738),(9307,6314),(706,406),(11990,7120),(6894,2673),(921,2993),(7292,3874),(9149,7503),(10606,5245),(5492,7110),(6100,288),(1799,5644),(7447,2012),(4991,4490),(9174,3841),(4897,2736),(7452,2988),(3527,5994),(2019,6894),(6383,7944),(1265,2045),(11290,5935),(13358,5811)
40,(9169,3327),(2498,7754),(11768,199),(11079,1150),(5007,738),(9175,6071),(1080,400),(12362,7081),(7240,2807),(1293,2953),(7494,3677),(9152,7421),(10979,5265),(5117,7110),(6474,288),(2171,5603),(7452,1368),(5279,4572),(9309,4076),(4601,2652),(6768,2951),(3154,5963),(1649,6948),(6010,7932),(1639,2018),(11372,6300),(13564,6123)
41,(9173,3602),(2492,7477),(11880,362),(11019,880),(4731,738),(9171,5796),(1355,396),(12637,7053),(7131,2748),(1568,2924),(7463,3829),(9162,7992),(11027,5267),(4842,7110),(6570,516),(2446,5573),(7733,2166),(5553,4606),(9584,4054),(4590,2376),(7031,2872),(3312,5976),(1416,7009),(5733,7923),(1433,2033),(11319,6066),(13717,6353)
42,(9178,3942),(2484,7138),(11880,198),(10945,548),(4391,738),(9165,5455),(1696,391),(12975,7017),(6812,2637),(1729,2907),(7477,4104),(9502,7156),(10688,5250),(4501,7110),(6581,843),(2784,5536),(7733,2173),(5521,4356),(9896,4071),(4590,2463),(7347,2941),(3651,6005),(1505,7335),(5609,7697),(1094,2057),(11245,5733),(13905,6636)
43,(9177,3908),(2490,7401),(11895,1021),(10876,236),(4071,738),(9281,5262),(2016,386),(13294,6984),(6536,2475),(1411,2941),(7797,4104),(9821,7166),(10454,5147),(4182,7110),(6463,1140),(3042,5447),(7686,1892),(5364,4313),(9901,4086),(4612,2784),(7469,3193),(3912,5852),(1458,7092),(5601,7378),(775,2081),(11175,5421),(13998,6776)
44,(9172,3565),(2498,7745),(11913,1365),(10942,531),(4192,738),(9626,5280),(2359,381),(13632,6919),(6308,2249),(1068,2977),(8052,4199),(10166,7177),(10442,4803),(3837,7110),(6480,1095),(3042,5337),(7452,1798),(5356,4553),(9596,4053),(4604,2934),(7498,3536),(4093,5596),(1656,7935),(5818,7262),(1818,2898),(11184,5462),(13807,6489)
45,(9168,3236),(2674,7902),(11929,1693),(11013,851),(4519,738),(9738,5286),(2687,376),(13954,6856),(6335,2354),(742,3012),(8073,4527),(10098,7175),(10430,4476),(4644,7110),(6602,790),(3042,5350),(7452,1470),(5529,4356),(9269,4079),(4715,2736),(7743,3614),(4057,5269),(1983,7922),(6145,7275),(759,2082),(11256,5782),(13626,6216)
46,(9163,2873),(3038,7902),(11947,2057),(11092,1207),(4883,738),(9374,5267),(3052,371),(14317,6840),(6646,2540),(689,3268),(8096,4890),(9733,7164),(10426,4347),(3873,7110),(6552,438),(3042,5452),(7190,1359),(5615,4061),(9453,4064),(5016,2677),(7632,3628),(4050,5202),(2348,7908),(6510,7289),(1122,2055),(11335,6138),(13425,5912)
47,(9390,2753),(3351,7902),(12180,2130),(11160,1513),(5198,738),(9162,5154),(3365,366),(14540,7015),(6854,2594),(763,3573),(8116,5204),(9420,7154),(10437,4661),(4187,7110),(6673,270),(2784,5536),(7452,1368),(5918,4050),(9766,4040),(4813,2531),(7614,3464),(4109,4895),(2342,7908),(6599,7135),(1435,2033),(11347,6191),(13252,5651)
48,(9752,2696),(3337,7902),(12546,2112),(11239,1870),(5564,738),(9162,4787),(3731,360),(14500,7377),(6844,2415),(981,3754),(7767,5238),(9158,7254),(10450,5028),(4554,7110),(7039,270),(2420,5576),(6841,1715),(5902,3971),(9632,4051),(4448,2496),(7824,3164),(4127,4529),(1975,7923),(6965,7139),(1547,2025),(11267,5833),(13050,5346)
49,(10044,2650),(3041,7902),(12842,2098),(11304,2160),(5804,738),(9184,4493),(3568,363),(14463,7671),(6816,2686),(1244,3779),(7472,5253),(9147,7549),(10454,5152),(4615,6905),(7335,270),(2125,5608),(6866,1445),(5844,4251),(9337,4073),(4152,2485),(7700,3341),(4137,4334),(1679,7934),(7262,7131),(1252,2046),(11202,5544),(12754,5334)
50,(9997,2658),(2704,7902),(13043,1958),(10992,2290),(5465,738),(9166,4626),(3229,368),(14422,8007),(6764,2942),(1267,4117),(7133,5245),(9381,7650),(10442,4813),(4569,6570),(7193,270),(1789,5645),(7118,1357),(5974,4050),(9359,4072),(4393,2494),(7452,2988),(4120,4673),(1569,7679),(7413,7345),(914,2071),(11155,5333),(12416,5322)
51,(9692,2706),(2499,7796),(13027,1650),(10708,2409),(5157,738),(9180,6318),(2921,373),(14450,7778),(6470,2935),(1267,4107),(6826,5235),(9498,7650),(10431,4506),(4528,6265),(6885,270),(1629,5829),(7425,1367),(6282,4075),(9666,4048),(4700,2516),(7479,3310),(4105,4980),(1513,7376),(7443,7541),(607,2093),(11222,5634),(12108,5310)
52,(9342,2761),(2491,7441),(13009,1296),(10381,2546),(4803,738),(9172,4580),(2567,378),(14493,7427),(6116,2947),(1242,3753),(6472,5223),(9162,7992),(10343,4230),(4556,6469),(6669,376),(1274,5815),(7124,1357),(6390,4331),(9929,4162),(5008,2603),(7434,3012),(4120,4673),(1522,7090),(7389,7191),(609,2093),(11300,5980),(11754,5297)
53,(9033,2818),(2484,7126),(12993,981),(10284,2587),(4489,738),(9181,4516),(2252,383),(14532,7114),(5801,2937),(1262,4048),(6372,5435),(9160,7965),(10028,4230),(4598,6781),(6748,681),(1487,5824),(6809,1345),(6390,4646),(9849,4034),(4518,2934),(7367,3104),(4136,4358),(1836,7081),(7128,7135),(923,2070),(11369,6287),(11439,5285)
54,(8709,2890),(2798,7110),(12979,716),(10590,2459),(4157,738),(9162,4846),(1921,388),(14400,6840),(5472,2930),(1166,4287),(6372,5766),(8857,7986),(10209,4230),(4644,7110),(6706,1002),(1818,5843),(6659,1190),(6289,4860),(9519,4059),(5375,2971),(7446,2800),(4389,4270),(2167,7079),(6797,7144),(1254,2046),(11310,6025),(11174,5275)
55,(8378,2964),(3136,7110),(12997,1055),(10902,2328),(3983,877),(9162,5184),(1582,393),(14062,6840),(5589,2919),(889,4270),(6372,6104),(8518,7980),(10426,4356),(4982,7110),(7434,270),(2156,5873),(6741,860),(5951,4860),(9180,4085),(5550,3263),(7436,2461),(4710,4340),(2462,7107),(6743,6854),(1592,2021),(11236,5693),(11513,5288)
56,(8118,2856),(3493,7110),(13015,1412),(11232,2190),(4041,1229),(9162,4969),(1225,398),(14375,6840),(5946,2949),(834,3917),(6120,6221),(8162,7974),(10439,4714),(5340,7110),(6498,1370),(2512,5905),(6863,986),(5632,4899),(9534,4058),(5425,3054),(7442,2648),(4943,4309),(1458,7092),(6736,6498),(1399,2035),(11157,5345),(11870,5301)
57,(8299,2723),(3223,7110),(13030,1714),(11358,2377),(4210,1366),(9162,4668),(924,403),(14158,6840),(6248,2942),(832,3905),(5817,6235),(8118,7715),(10450,5016),(5614,7083),(6795,1344),(2813,5932),(6809,857),(5616,5201),(9836,4035),(4518,2934),(7450,2949),(4643,4349),(2248,6883),(6733,6367),(1098,2057),(11192,5497),(12172,5312)
58,(8658,2699),(2864,7110),(13049,2074),(11305,2167),(4567,1317),(9162,5016),(563,408),(13803,6886),(6607,2940),(888,4261),(5701,6240),(8085,7357),(10319,5243),(5599,6724),(6893,1071),(3020,5951),(7018,742),(5634,4860),(9918,4131),(5532,2556),(7764,2909),(4631,4659),(2227,7085),(6741,6727),(739,2083),(11270,5849),(12532,5326)
59,(8966,2678),(2555,7110),(13034,1794),(11604,2151),(4872,1275),(9162,5188),(255,413),(13500,6945),(6717,2812),(949,4564),(6009,6226),(8073,7241),(10012,5254),(5587,6416),(7191,1092),(2713,5923),(7327,724),(5149,4978),(9951,4222),(5528,2432),(7560,2960),(4750,4882),(2433,7105),(6747,7036),(1818,2898),(11338,6150),(12840,5338)
60,(9066,2671),(2489,7366),(13018,1466),(11931,2142),(4773,1289),(9162,4859),(504,409),(13176,6997),(6516,2801),(1125,4760),(6338,6211),(8107,7568),(9688,5283),(5422,6229),(7416,1012),(2386,5894),(7416,959),(5276,5178),(9772,4040),(5539,2760),(7661,2935),(4893,4890),(1458,7092),(6750,7363),(759,2082),(11411,6470),(13164,5317)
61,(8717,2695),(2497,7715),(13000,1117),(11622,2151),(4427,1336),(9162,4812),(853,404),(12829,7033),(6282,2142),(1474,4782),(6372,5895),(8092,7419),(9340,5265),(5238,6046),(7418,664),(2038,5863),(7224,1096),(4948,5184),(9424,4067),(5736,2932),(7761,2710),(4645,4761),(1757,7083),(6750,7712),(1107,2057),(11491,6810),(13062,5365)
62,(8399,2716),(2633,7902),(12983,798),(11304,2160),(4111,1380),(9162,5131),(1171,399),(12512,7066),(6301,2552),(1339,4773),(6372,5575),(8107,7146),(9162,5114),(5238,6044),(7430,345),(1720,5834),(6906,1063),(4929,5205),(9184,4159),(5897,2945),(7800,2854),(4602,4445),(1461,7111),(6825,7956),(1425,2033),(11563,7121),(13238,5631)
63,(8118,2803),(2983,7902),(12969,449),(10981,2295),(4076,1691),(9387,5267),(1521,394),(12163,7102),(6593,2733),(810,3762),(6372,5225),(8458,7146),(9162,4765),(5059,6258),(7709,275),(2011,5860),(6924,1351),(5259,5201),(9191,4274),(5547,2916),(8113,2951),(4350,4253),(1528,7455),(7175,7956),(1690,2115),(11606,7468),(13432,5922)
64,(7912,2915),(3339,7902),(12962,231),(10652,2433),(4085,2048),(9743,5286),(1877,388),(11809,7139),(6923,2680),(914,4403),(6721,5231),(8814,7146),(9162,4914),(5032,6599),(8065,283),(2366,5892),(7281,1362),(5634,4860),(9189,4253),(5533,2564),(8466,2944),(4140,4142),(1585,7806),(7417,7823),(1747,2467),(11644,7822),(13628,6219)
65,(7580,2955),(3524,7749),(12974,571),(10338,2564),(4077,1750),(9846,5530),(2218,383),(11677,7153),(7238,2806),(1169,4286),(7063,5243),(9154,7146),(10458,5238),(5025,6940),(8117,284),(2706,5923),(7452,1537),(5633,4878),(9400,4405),(5529,2457),(8799,2870),(4140,3801),(1810,7929),(7562,7607),(1802,2804),(11647,7857),(13817,6504)
66,(7445,2776),(3516,7404),(12745,687),(10354,2557),(4068,1407),(9846,5875),(2563,378),(12019,7117),(6282,2142),(1511,4266),(7407,5255),(9169,6808),(9505,5274),(4846,7110),(7774,277),(3049,5953),(7452,1881),(5579,4668),(9744,4428),(5540,2800),(9135,2795),(4114,3458),(2154,7915),(7904,7644),(1777,2652),(11611,7515),(14007,6790)
67,(7437,2481),(3528,7902),(12451,692),(10627,2443),(4022,1115),(10038,5949),(2858,374),(12313,7087),(7329,2865),(1807,4266),(7419,5523),(9175,6513),(9801,5289),(4631,7018),(7478,270),(2848,5935),(7441,2176),(5729,4860),(9977,4443),(5366,2951),(9039,2673),(4120,3531),(2450,7904),(8037,7659),(1730,2360),(11580,7221),(13909,6643)
68,(7638,2351),(3517,7421),(12140,697),(10913,2323),(3971,808),(10242,6028),(3168,369),(12622,7054),(7370,3099),(2082,4236),(7403,5834),(9177,6433),(9978,5120),(4589,6710),(7168,270),(2538,5908),(7438,2264),(6041,4860),(9666,4423),(4518,2934),(8728,2694),(4131,3646),(2242,7912),(7727,7625),(1680,2053),(11321,7167),(13737,6383)
69,(7730,2092),(3525,7771),(11880,612),(11236,2188),(3681,757),(10181,6315),(3519,364),(12970,7018),(6282,2142),(2013,3893),(7384,6184),(9169,6782),(9993,4770),(4541,6363),(6817,270),(2190,5876),(7451,1914),(6390,4860),(9316,4399),(4707,2930),(8379,2718),(4108,3398),(1892,7926),(7441,7668),(1724,2324),(10970,7172),(13544,6092)
70,(7845,1893),(3721,7910),(11880,286),(11249,1913),(3357,780),(9857,6301),(3751,360),(13294,6984),(7154,2855),(1974,3697),(7625,6269),(9162,7107),(10458,5238),(4559,6045),(6537,284),(1866,5847),(7723,1938),(6390,4551),(9185,4186),(4637,3177),(8097,2675),(4138,3723),(1597,7904),(7403,7922),(1776,2645),(10645,7177),(13364,5821)
71,(8174,1904),(4051,7925),(11639,202),(11177,1591),(3028,803),(10093,6311),(3422,365),(13618,6922),(7115,3144),(2039,4021),(7954,6278),(8870,7146),(9993,4775),(4592,5730),(6698,487),(1722,5679),(7737,2268),(6390,4221),(9193,4315),(4635,3153),(8284,2724),(4111,3435),(1616,7595),(6750,7956),(1806,2824),(10315,7181),(13182,5546)
72,(8285,1704),(4378,7940),(11312,208),(11106,1272),(2701,826),(10242,6139),(3094,370),(13939,6859),(7118,3080),(2072,4189),(7954,6278),(8543,7146),(9978,5102),(4617,5842),(6817,753),(2025,5619),(7485,2369),(6199,4066),(9448,4408),(4518,2934),(8611,2702),(4125,3586),(1840,7357),(7403,7919),(1753,2501),(10603,7177),(12963,5342)
73,(8265,1366),(3528,7902),(10974,214),(11033,942),(2364,850),(10242,6042),(2756,375),(13808,6885),(7028,2823),(2006,3857),(7616,6269),(8204,7146),(9792,5289),(4524,6167),(7156,734),(2361,5582),(7444,2090),(5907,3991),(9786,4431),(4378,3143),(8948,2679),(4123,3564),(2071,7110),(7698,7963),(1698,2168),(10941,7172),(12625,5329)
74,(8279,1599),(4687,7618),(10634,220),(10959,611),(2329,853),(10245,6380),(2418,380),(13474,6950),(6282,2142),(1940,3524),(7380,6367),(8262,7146),(9452,5271),(4216,6101),(7416,799),(2698,5545),(7452,1751),(5911,4006),(9891,4438),(4240,3137),(9073,2671),(4115,3469),(1908,7284),(8038,7972),(1703,2198),(11280,7168),(12286,5317)
75,(8262,1906),(4657,7274),(10289,225),(10885,274),(2673,828),(10267,6725),(2073,386),(13133,7001),(7033,2824),(1874,3185),(7380,6711),(8606,7146),(9215,5258),(4430,6165),(7416,1087),(1728,5652),(7452,1406),(5849,4237),(9546,4415),(4507,3064),(8728,2694),(4210,3746),(1672,7536),(7852,7967),(1759,2539),(11579,7214),(11941,5304)
76,(7912,1895),(4659,7293),(9941,231),(10934,498),(3022,804),(10289,7074),(1724,391),(12786,7037),(7117,3097),(1762,2903),(7380,7060),(8955,7146),(9564,5277),(4774,6227),(7416,738),(3042,5281),(7424,1172),(5989,4050),(9198,4392),(4299,2924),(8380,2718),(4558,3758),(1698,7508),(7503,7958),(1815,2884),(11616,7562),(11592,5291)
77,(7833,1893),(4685,7595),(9637,236),(11000,794),(3324,782),(10283,6987),(1421,395),(12485,7069),(7115,3151),(1460,2935),(7380,6892),(9258,7149),(9846,5313),(5073,6254),(7132,735),(2966,5516),(7557,1360),(5685,4050),(9500,4412),(4518,2934),(8118,2776),(4426,3754),(1906,7287),(7200,7956),(1771,2612),(11648,7863),(11289,5279)
78,(8196,1904),(3528,7902),(9275,243),(11078,1147),(3685,757),(10261,6625),(1059,401),(12125,7106),(7177,2865),(1100,2974),(7380,6529),(9621,7160),(9846,5676),(5238,6017),(6770,755),(2606,5555),(7919,1336),(5378,4197),(9862,4436),(3851,2945),(8118,2766),(4216,3746),(2058,7125),(6838,7956),(1713,2255),(11641,7796),(11355,5282)
79,(8282,2105),(4690,7657),(8975,248),(11144,1440),(3950,715),(10242,6325),(759,405),(11826,7137),(6282,2142),(802,3005),(7346,6264),(9921,7170),(9846,5292),(5238,6053),(6693,467),(2307,5588),(8219,1316),(5418,4157),(9854,4435),(3832,3196),(7925,2628),(4516,3757),(1852,7344),(6750,7745),(1683,2073),(11609,7497),(11655,5293)
80,(8339,2356),(4662,7327),(8850,250),(11215,1763),(3819,410),(10242,5994),(427,410),(11650,7156),(7398,2934),(596,2869),(7015,6274),(10251,7180),(9846,5644),(5412,6228),(7434,270),(1978,5624),(7974,1333),(5711,4050),(9523,4413),(3655,3330),(7885,2628),(4440,3754),(1626,7585),(6750,7413),(1736,2400),(11574,7167),(11986,5305)
81,(8684,2349),(4516,7110),(9195,244),(11290,2100),(3912,626),(9972,5958),(228,546),(11993,7120),(7444,2717),(523,2532),(6671,6269),(10319,7482),(9846,5300),(5403,6227),(6596,624),(1709,5743),(7629,1356),(5889,3919),(9196,4372),(4518,2934),(7932,2628),(4184,3745),(1597,7905),(6673,7140),(1792,2740),(11232,7168),(12331,5318)
82,(9008,2343),(4194,7110),(9519,238),(11566,2152),(3880,552),(9824,6171),(258,868),(12315,7086),(7434,2395),(455,2216),(6389,6213),(10177,7650),(9980,5071),(5394,6226),(6547,929),(1459,5823),(7452,1512),(5917,4062),(9182,4121),(3634,3330),(7869,2628),(4507,3757),(1458,7092),(6349,7125),(1654,2915),(10909,7173),(12654,5331)
83,(9189,2499),(3844,7110),(9868,233),(11915,2143),(3853,488),(10029,6309),(290,1215),(12662,7050),(7443,2705),(481,2336),(7434,5256),(9827,7650),(9995,4722),(5417,6228),(6417,1253),(1197,5702),(7452,1862),(5760,4370),(9193,4312),(3833,3200),(8118,2759),(4431,3754),(1499,7307),(6000,7118),(1307,2952),(10561,7178),(13003,5344)
84,(9189,2494),(3528,7902),(10203,227),(12249,2127),(4023,738),(10242,6194),(334,1547),(12995,7015),(7450,2934),(552,2664),(7067,6272),(9492,7650),(10005,4504),(5088,6250),(6522,990),(1121,5376),(7440,2196),(5578,4587),(9177,3978),(3713,2960),(8260,2962),(4182,3745),(1405,6987),(5666,7111),(974,2987),(10366,7181),(13201,5308)
85,(9038,2343),(3570,6802),(10516,222),(12562,2111),(4337,738),(10202,5927),(388,1856),(13306,6983),(7441,2622),(618,2970),(7434,5256),(9179,7650),(9991,4816),(4779,6228),(6614,698),(1110,5332),(7439,2241),(5779,4347),(9171,3665),(3510,2982),(8568,2921),(4495,3756),(1647,7086),(5612,7136),(662,3020),(10679,7176),(13136,5476)
86,(8704,2349),(3634,6475),(10850,216),(12896,2095),(4670,738),(9870,5972),(418,2026),(13635,6918),(7346,2368),(696,3295),(7397,5930),(9154,7351),(9976,5151),(4588,6201),(6536,372),(1187,5658),(7452,1368),(5670,4477),(8883,3618),(3843,2946),(8895,2849),(4458,3755),(1980,7077),(5923,7116),(929,2992),(11012,7171),(13321,5755)
87,(8334,2356),(3706,6112),(11219,209),(12834,2098),(5040,738),(9846,5630),(354,1661),(13998,6848),(6977,2334),(783,3655),(7417,5560),(8997,7146),(10237,5246),(4955,6252),(6233,288),(1252,6022),(7452,1537),(5362,4574),(9090,3618),(4518,2934),(9175,2693),(4140,3796),(2350,7097),(6292,7124),(1297,2953),(11383,7166),(13525,6063)
88,(8029,2349),(3686,6211),(11524,204),(12529,2113),(5346,738),(9846,5325),(310,1411),(14303,6840),(6840,2154),(840,3954),(7434,5256),(8693,7146),(10542,5242),(4821,6233),(5928,288),(1292,6324),(7586,1359),(5057,4572),(8943,3618),(4104,2502),(9159,2665),(4140,4101),(2487,7280),(6517,7240),(1601,2921),(11547,7052),(13694,6318)
89,(7793,2341),(3620,6547),(11867,198),(12186,2130),(5688,738),(9846,5601),(369,1749),(14190,6840),(6840,1811),(893,4294),(7404,4913),(8350,7146),(10885,5260),(4523,6228),(6078,288),(1346,6663),(7929,1336),(5257,4572),(9002,3618),(4518,2934),(8816,2688),(4140,4123),(2495,7623),(6243,7278),(1693,2911),(11469,6718),(13883,6604)
90,(8116,2352),(3558,6865),(12191,187),(12040,2137),(5651,738),(9846,5924),(425,2069),(14214,6840),(6600,1722),(1175,4285),(7146,4846),(8101,7146),(11075,5270),(4567,6549),(6402,288),(1403,6983),(8253,1314),(5547,4617),(9012,3618),(4518,2934),(8493,2710),(4140,3799),(2456,7903),(5919,7266),(1371,2945),(11395,6402),(14017,6805)
91,(8276,2182),(3581,7110),(12512,176),(12361,2121),(5330,738),(10113,5939),(382,1825),(14485,6936),(6279,1713),(1263,4049),(6825,4852),(8423,7146),(10754,5253),(4610,6868),(6564,490),(1347,6668),(7950,1334),(5274,4787),(8911,3618),(3783,2492),(8172,2732),(4140,4008),(2134,7916),(6750,7956),(1051,2979),(11429,6546),(13840,6538)
92,(8289,1766),(3998,7110),(12929,163),(12778,2101),(4912,738),(10242,6209),(311,1414),(14505,7332),(6378,1716),(1131,3748),(7434,5256),(8840,7146),(10336,5242),(4816,7110),(6563,889),(1283,6256),(7533,1362),(5054,4710),(9011,3618),(3456,2591),(8479,2711),(4140,4142),(1718,7933),(5609,7671),(636,3023),(11524,6952),(13609,6190)
93,(8274,1517),(4248,7110),(12740,169),(13027,2089),(4664,738),(10242,6176),(285,1166),(14475,7580),(6626,1722),(882,3758),(6656,4855),(9089,7146),(10087,5251),(5022,7065),(6470,1120),(1250,6009),(7428,1202),(5263,4801),(8841,3618),(3423,2804),(8727,2694),(4140,3893),(1735,7932),(6750,7956),(578,2787),(11566,7132),(13472,5982)
94,(8271,1474),(4613,7110),(12376,181),(11304,2160),(4299,738),(10132,5936),(252,803),(14430,7942),(6840,1879),(1102,3749),(7021,4848),(9453,7155),(10220,5246),(5030,6700),(6480,1095),(1185,5650),(7139,1087),(5225,4849),(9170,3655),(3132,2844),(9092,2669),(4140,3959),(2100,7918),(5606,7555),(502,2430),(11483,6777),(13270,5678)
95,(8289,1775),(4666,7379),(12075,191),(13052,2128),(3997,738),(9844,5987),(224,503),(14221,8043),(6840,2181),(1402,3719),(7323,4843),(9755,7164),(10455,5174),(5037,6400),(6592,816),(1116,5356),(6948,1067),(5134,4962),(9177,3955),(3357,2966),(8967,2678),(4140,4261),(2400,7906),(6750,7956),(438,2136),(11414,6483),(13104,5427)
96,(8047,1900),(4699,7760),(11880,386),(11304,2160),(4016,1078),(9817,6230),(243,705),(13837,8038),(7081,2343),(1781,3663),(7424,5149),(10138,7176),(10442,4791),(5034,6510),(6554,446),(1035,4981),(7330,1107),(5092,5009),(9174,3832),(3179,2926),(8585,2704),(4140,3923),(2495,7620),(5854,7114),(506,2450),(11424,6525),(12765,5335)
97,(7737,1890),(4706,7841),(11880,696),(13051,2119),(3960,738),(9846,5920),(271,1015),(13526,8034),(7391,2372),(1987,3761),(7637,5245),(10142,7177),(10430,4480),(5028,6822),(6367,288),(1005,4827),(7416,891),(4982,5129),(9172,3713),(3249,2785),(8274,2725),(4140,3874),(2488,7308),(6164,7121),(571,2754),(11495,6828),(12454,5323)
98,(7734,2190),(4679,7527),(12190,696),(12766,2101),(4016,1074),(9846,5605),(300,1329),(13212,8030),(7442,2648),(2048,4070),(7952,5228),(9827,7167),(10356,4230),(5049,7110),(6052,288),(1067,5137),(7421,576),(5214,5014),(9178,4028),(3456,2700),(8037,2628),(4140,4190),(2368,7098),(6750,7956),(668,3019),(11567,7135),(12139,5311)
99,(7551,2362),(4650,7188),(12530,691),(12426,2118),(3960,738),(9818,5290),(354,1665),(12872,8025),(6282,2142),(2060,4127),(8293,5226),(9488,7156),(10016,4230),(5389,7110),(5950,288),(1353,5191),(7432,304),(5484,4897),(9173,3802),(3313,2502),(7751,2669),(4379,4265),(2152,7012),(6363,7283),(1007,2984),(11263,7168),(11799,5298)
100,(7226,2357),(4396,7110),(12856,685),(12100,2134),(3635,760),(9493,5273),(411,1986),(12545,8021),(7442,2662),(1996,3807),(8618,5237),(9162,7992),(10217,4230),(5516,7110),(6277,288),(1416,5189),(7419,630),(5290,5072),(9173,3758),(3122,2628),(7788,2810),(4686,4343),(2188,6964),(6037,7270),(1331,2949),(10937,7172),(11473,5286)
101,(6907,2328),(4077,7110),(12988,881),(12122,2133),(3316,783),(9172,5256),(397,1909),(12226,8017),(7400,2372),(1818,3657),(8939,5248),(9168,6826),(10426,4344),(5197,7110),(6596,276),(1096,5201),(7186,732),(5150,5346),(9179,4079),(3120,2595),(7871,2628),(4050,5202),(1923,7079),(5717,7258),(1649,2915),(10617,7177),(11153,5274)
102,(7187,2353),(3659,7110),(13009,1298),(12539,2113),(2900,812),(9568,5277),(325,1498),(11809,8011),(6984,2335),(1406,3719),(8968,5249),(9178,6409),(10441,4762),(5027,6867),(7012,270),(1001,4808),(6769,755),(5075,5542),(9171,3676),(3436,2502),(8118,2829),(4050,5202),(1506,7090),(5895,7265),(1865,3141),(10391,7180),(11546,5289)
103,(7460,2372),(3385,7110),(13023,1572),(12813,2099),(2626,832),(9842,5291),(291,1226),(11650,7881),(6846,2450),(1348,3727),(8693,5239),(9176,6501),(10450,5035),(5032,6593),(7286,270),(1032,4965),(6872,1009),(5178,5313),(9174,3833),(3710,2494),(7968,2925),(4050,5202),(1500,7314),(6169,7275),(1918,3410),(10665,7176),(11820,5299)
104,(7789,2341),(3055,7110),(13040,1902),(12957,2092),(2297,855),(9907,5274),(260,898),(11615,7553),(6851,2546),(1675,3679),(8363,5228),(9168,6830),(10586,5244),(4644,7110),(7617,273),(1169,5198),(6876,1335),(5456,5211),(9178,4007),(4041,2485),(7980,2927),(4267,4260),(1563,7638),(6499,7288),(1942,3536),(10996,7172),(12150,5312)
105,(8104,2352),(2740,7110),(13043,1959),(12642,2108),(2372,850),(9846,5409),(231,584),(11582,7239),(6840,2232),(1966,3660),(8113,5151),(9162,7992),(10901,5261),(5238,6099),(7932,280),(1484,5186),(6671,1335),(5623,5063),(9171,3693),(4103,2250),(8293,2965),(4181,4276),(1508,7352),(6370,7125),(1882,3227),(11311,7167),(12465,5323)
106,(8089,2352),(2557,7110),(13026,1629),(12312,2124),(2701,826),(9846,5739),(374,411),(11600,7416),(6840,1901),(2031,3984),(8092,4821),(9150,7476),(11053,5269),(5238,6002),(7434,270),(1282,5194),(6883,1224),(5508,4877),(9175,3873),(3773,2250),(8080,2945),(4495,4315),(1428,7033),(6040,7118),(1818,2902),(11506,7164),(12795,5336)
107,(9198,2340),(2906,7110),(13008,1279),(11962,2141),(3051,802),(9833,6088),(724,406),(11637,7765),(6664,1723),(2075,4204),(8069,4472),(9153,7826),(10703,5250),(5379,6224),(8262,638),(1113,5346),(6822,887),(5344,5014),(9177,3949),(3523,2250),(7791,2822),(4623,4601),(1633,7087),(5689,7111),(1884,3237),(11156,7169),(13142,5322)
108,(7726,2008),(3237,7110),(12991,948),(11631,2150),(3381,778),(9690,6303),(1056,401),(11654,7925),(6333,1715),(2010,3879),(8048,4141),(9153,7826),(10543,5242),(5450,6232),(8262,968),(1189,5668),(6722,939),(5625,4861),(9198,4392),(3854,2250),(7773,2753),(4671,4929),(1963,7077),(5601,7366),(1947,3562),(10825,7174),(13067,5341)
109,(7930,1896),(3511,7166),(12915,685),(11304,2160),(3708,755),(9363,6312),(1384,396),(11620,7598),(6059,1611),(1882,3647),(7755,4104),(9294,7650),(10871,5259),(5126,6240),(8262,1297),(1403,5820),(6642,1258),(5836,4613),(9177,3946),(4060,2250),(7638,2941),(4646,5191),(1920,7079),(5609,7693),(1913,3387),(10498,7179),(13180,5313)
110,(8271,1907),(3519,7506),(12574,690),(11420,2449),(3974,824),(9023,6313),(1724,391),(11584,7260),(6154,1444),(1546,3698),(7434,5256),(9635,7650),(11072,5270),(5034,6513),(8262,991),(1641,5830),(6688,1075),(5998,4318),(9175,3886),(3720,2250),(7464,3135),(4307,5226),(1579,7088),(5612,7805),(1848,3053),(10433,7180),(13163,5517)
111,(8279,1606),(3526,7834),(12245,696),(11749,2459),(4028,1149),(8693,6305),(2053,386),(11804,7139),(6301,1419),(1243,3764),(7405,4433),(9964,7650),(10743,5253),(5027,6842),(8262,662),(1311,5817),(7452,1368),(5970,4050),(9171,3679),(3391,2250),(7492,3463),(4116,5036),(1443,7062),(5604,7476),(1850,3066),(10763,7175),(13345,5792)
112,(8264,1350),(3790,7913),(11916,701),(12079,2462),(4070,1476),(8472,6413),(2382,381),(12133,7105),(6282,2142),(1266,4094),(7297,4662),(10293,7650),(10412,5239),(4958,7110),(8262,332),(1256,6053),(6687,1076),(5641,4050),(9178,4008),(3470,2301),(7491,3443),(4059,5291),(1514,7383),(5611,7147),(1914,3390),(11092,7170),(13527,6067)
113,(8284,1681),(4121,7928),(12175,697),(12409,2451),(4079,1807),(8465,6539),(2714,376),(12462,7071),(6140,1763),(1267,4107),(6966,4662),(10309,7357),(10081,5251),(4660,7110),(8548,266),(1300,6381),(6558,1352),(5634,4860),(9174,3832),(3465,2370),(7462,3113),(4096,5621),(1607,7606),(5909,7116),(1946,3556),(11424,7166),(13710,6343)
114,(8163,1903),(4483,7945),(12537,691),(12772,2439),(4083,1970),(8601,6303),(3076,370),(12822,7033),(6267,2102),(1242,3745),(6604,4662),(10110,7176),(9983,5004),(4644,7110),(8586,263),(1278,6219),(6568,1349),(5577,4500),(9173,3765),(3456,2490),(7472,3223),(4373,5565),(1854,7341),(6271,7123),(1877,3200),(11596,7375),(13910,6644)
115,(7866,1894),(4710,7893),(12833,686),(11304,2160),(4075,1674),(8897,6310),(3372,366),(13116,7003),(6192,1903),(948,3756),(6471,4662),(9814,7166),(9996,4708),(5318,7110),(8290,285),(1239,5925),(6681,1100),(5606,4206),(9179,4062),(3740,2494),(7497,3518),(4356,5573),(2057,7125),(6567,7133),(1820,2909),(11627,7669),(14005,6788)
116,(7524,1903),(4681,7552),(12971,487),(11304,2160),(4121,1378),(9239,6316),(3713,361),(13146,7000),(6049,1594),(761,3563),(6814,4662),(9471,7155),(10004,4526),(5614,7066),(7948,281),(1452,5822),(6764,768),(5591,3865),(9173,3768),(4083,2484),(7458,3855),(4104,5752),(1920,7271),(6591,7135),(1881,3222),(11664,8010),(13816,6503)
117,(7704,1891),(4654,7228),(11880,198),(13067,2413),(4443,1334),(9564,6307),(3557,363),(12823,7033),(6073,1634),(684,3247),(7139,4662),(9162,7131),(9990,4851),(5600,6740),(7623,274),(1777,5839),(6887,1045),(5611,4017),(9173,3793),(4407,2495),(7744,3888),(4290,5771),(1698,7509),(6489,7288),(1943,3541),(11629,7686),(13637,6232)
118,(8063,1900),(4664,7349),(12972,520),(11304,2160),(4799,1285),(9923,6304),(3197,369),(12466,7071),(6391,1716),(660,3149),(7497,4662),(9170,6772),(9974,5210),(5585,6381),(7427,438),(2135,5871),(7233,1097),(5354,4221),(9178,4019),(4412,2495),(8102,3888),(4498,5662),(1586,7814),(6130,7274),(1911,3377),(11591,7329),(13438,5932)
119,(8292,1981),(4690,7657),(12985,829),(12741,2103),(4866,1276),(10232,6317),(2888,373),(12158,7103),(6700,1724),(733,3449),(7807,4662),(9176,6462),(9983,4993),(5587,6419),(7417,691),(2443,5899),(7433,1241),(5448,4127),(9171,3711),(4518,2934),(8220,3888),(4224,5805),(1787,7930),(5821,7262),(1852,3073),(11541,7024),(13268,5675)
120,(9198,2340),(4639,7952),(13004,1206),(12364,2121),(4492,1327),(10242,5950),(2511,379),(11783,7142),(6862,1491),(865,3759),(8075,4560),(9174,6549),(10000,4615),(5602,6795),(7432,315),(2818,5933),(7202,1360),(5799,4050),(9176,3901),(4104,2861),(7843,3888),(3926,6030),(2164,7915),(5751,7259),(1786,2702),(11455,6657),(13059,5361)
121,(8575,2351),(4325,7938),(13020,1520),(12050,2137),(4181,1370),(10242,6206),(2198,384),(11676,7153),(6859,1521),(1180,3746),(8055,4246),(9168,6864),(10001,4589),(4644,7110),(7703,275),(3060,5954),(6888,1350),(5945,4050),(9177,3955),(4362,2927),(7529,3888),(4081,5888),(2478,7902),(6065,7271),(1735,2392),(11383,6351),(12754,5334)
122,(8913,2345),(3987,7922),(13038,1858),(11712,2148),(4290,1355),(10015,6308),(1860,389),(12012,7118),(6840,1858),(1260,4019),(7850,4104),(9217,7147),(9986,4927),(5277,7110),(8041,283),(2723,5924),(6697,1337),(5890,3923),(9198,4392),(4334,2926),(7503,3631),(4089,5561),(2494,7588),(6403,7284),(1680,2058),(11445,6614),(12416,5322)
123,(9198,2322),(3686,7909),(13046,2017),(11412,2156),(4588,1314),(9820,6204),(1558,393),(12312,7087),(6840,2160),(1224,4276),(7549,4104),(9518,7157),(9973,5228),(4976,7110),(8262,368),(2423,5897),(6998,1353),(5860,4210),(9176,3919),(4115,2985),(7651,3630),(4056,5261),(2488,7287),(6750,7956),(1416,2034),(11514,6907),(12115,5310)
124,(9198,1989),(3524,7727),(13029,1684),(11255,1940),(4918,1269),(9949,5961),(1225,398),(12643,7052),(7010,2337),(899,4335),(7448,3906),(9852,7167),(10278,5244),(4644,7110),(8262,701),(2091,5867),(7331,1364),(5925,4050),(9176,3919),(4109,3315),(7614,3464),(3777,5219),(2328,7095),(6146,7121),(1084,2058),(11558,7095),(11782,5298)
125,(9198,1589),(3514,7327),(13008,1283),(11168,1548),(4655,1305),(10242,6028),(825,404),(13042,7011),(7410,2373),(837,3938),(7253,4083),(10253,7180),(10450,5017),(4589,6712),(8262,1102),(1728,5652),(7172,1359),(6326,4079),(9172,3716),(3967,3338),(7845,3136),(3377,5233),(2283,7090),(5746,7112),(684,2087),(11466,6704),(11381,5283)
126,(9138,1328),(3520,7057),(12994,1012),(11109,1284),(4387,1342),(10242,6299),(554,408),(13311,6982),(7441,2622),(787,3671),(7434,5256),(10067,7174),(10440,4746),(4552,6443),(8262,1254),(1815,5642),(6901,1350),(6183,4065),(9177,3987),(4238,3348),(7694,3349),(3106,5222),(2485,7180),(5598,7250),(435,2123),(11404,6440),(11172,5275)
127,(9026,1020),(3583,6735),(12978,684),(11038,963),(4067,1380),(9932,6305),(226,413),(13634,6919),(7450,2950),(710,3352),(6699,4050),(9740,7164),(10428,4418),(4446,6170),(8262,927),(2141,5606),(6888,1048),(6203,4067),(9175,3855),(4480,3176),(7452,2988),(3305,5230),(2493,7507),(5606,7578),(504,2444),(11331,6120),(11500,5287)
128,(8911,702),(3648,6403),(12966,346),(10964,633),(4011,1046),(9594,6306),(543,409),(13966,6854),(7176,2865),(810,3762),(7037,4056),(9402,7153),(10271,4230),(4120,6081),(8262,589),(2478,5569),(6791,754),(6239,4070),(9172,3717),(4195,3134),(7389,3882),(3526,5399),(2500,7845),(5615,7915),(576,2774),(11257,5790),(11838,5300)
129,(8785,356),(3720,6042),(12777,168),(10885,274),(3937,686),(9227,6316),(912,403),(13752,6896),(6825,2934),(717,3381),(7403,4102),(9157,7273),(10004,4230),(4023,6075),(8328,283),(2844,5529),(7159,734),(6187,4065),(9198,4392),(4452,3147),(7021,3852),(3640,5750),(2494,7589),(5606,7556),(742,3012),(11177,5431),(12206,5314)
130,(8809,421),(3675,6267),(12485,177),(10922,441),(3823,418),(9175,6074),(1203,399),(13466,6951),(6989,2885),(786,3664),(7693,4104),(9147,7564),(10295,4230),(4120,5932),(8619,261),(3042,5415),(7416,753),(6302,4077),(9173,3794),(4518,2934),(6730,3852),(3710,6010),(2488,7299),(5598,7264),(1031,2981),(11170,5400),(12497,5325)
131,(8929,752),(3607,6612),(12134,189),(10998,785),(3911,624),(9169,5722),(1554,393),(13483,6948),(6928,2903),(848,4011),(7434,5256),(9153,7382),(10197,4230),(4357,5735),(8525,268),(3042,5375),(7416,1106),(6108,4057),(9173,3793),(4707,3333),(6437,3852),(3359,5980),(2321,7094),(5607,7594),(1382,2944),(11247,5744),(12849,5338)
132,(9039,1057),(3545,6931),(11951,195),(11069,1102),(4162,738),(9164,5396),(1880,388),(13803,6886),(6919,2906),(899,4333),(7721,4104),(9074,7146),(10036,4230),(4592,5730),(8262,349),(2850,5529),(7102,1083),(6390,4129),(9179,4054),(4831,3341),(6761,3852),(3156,5963),(2171,6986),(6750,7956),(1705,2909),(11318,6062),(12926,5341)
133,(9171,1420),(3714,7110),(12337,182),(11152,1479),(4548,738),(9166,5500),(2266,383),(14184,6840),(7120,3012),(981,4710),(7413,4184),(8688,7146),(10458,5238),(4592,5730),(8262,735),(2466,5571),(6882,1238),(6390,4514),(9171,3668),(4445,3342),(7060,3730),(3541,5996),(2133,7037),(6001,7932),(1773,2628),(11348,6196),(12540,5326)
134,(9198,1730),(4029,7110),(12652,172),(11221,1787),(4863,738),(9171,5816),(2580,378),(14465,6907),(7112,3223),(1262,4769),(7403,4500),(8373,7146),(10433,4545),(4563,6031),(8262,1050),(2152,5605),(6856,1553),(6405,4830),(9175,3883),(4130,3348),(6952,3560),(3849,6053),(1458,7092),(6317,7942),(1723,2317),(11279,5889),(12225,5314)
135,(9198,2035),(4332,7110),(12955,162),(11287,2083),(5167,738),(9176,6119),(2884,373),(14447,6882),(7124,2919),(810,3762),(7256,4662),(8069,7146),(10444,4848),(4555,6060),(8262,1274),(1850,5638),(6852,1599),(6134,4860),(9177,3984),(4130,3072),(6975,3410),(3696,5922),(2072,7074),(6621,7951),(1674,2016),(11213,5592),(11921,5303)
136,(9176,2340),(4628,7110),(12971,484),(11364,2401),(5492,738),(9307,6314),(3211,368),(14537,7074),(6883,2792),(1551,5114),(6929,4662),(8385,7146),(10455,5175),(4599,5748),(8262,947),(1672,5831),(6800,1344),(5807,4860),(9170,3659),(3937,2935),(7013,3372),(3595,5612),(1746,7083),(6553,7949),(1349,2039),(11574,7164),(11595,5291)
137,(8838,2346),(4289,7110),(12838,686),(11305,2164),(3960,738),(9646,6304),(3549,363),(14495,7411),(6550,2724),(1560,4915),(6591,4662),(8724,7146),(10448,4961),(4617,5792),(8262,608),(1333,5818),(6467,1380),(5739,4732),(9176,3915),(3995,2928),(6933,3558),(3490,5289),(1508,7090),(6213,7938),(1011,2063),(11216,5605),(11256,5278)
138,(8517,2353),(3969,7110),(12518,691),(11620,2151),(5511,738),(9967,6306),(3725,361),(14456,7730),(6586,2939),(1372,4775),(6510,4662),(9045,7146),(10436,4640),(4610,5774),(7434,270),(1252,6024),(6620,1333),(5828,4623),(9176,3934),(4104,2704),(7174,3453),(3740,5221),(1829,7081),(5892,7928),(691,2087),(11286,5918),(11347,5281)
139,(8268,2281),(3637,7110),(12186,696),(11304,2160),(5178,738),(10183,6315),(3393,366),(14419,8032),(6618,2941),(1040,4755),(6842,4662),(9166,6930),(10424,4308),(4546,6092),(8593,263),(1296,6353),(6470,1379),(5632,4886),(9170,3632),(3991,2487),(7293,3215),(4055,5180),(2161,7079),(5671,7921),(503,2100),(11359,6242),(11679,5294)
140,(8294,1947),(3549,6906),(11880,673),(11618,2151),(4845,738),(9850,6301),(3059,371),(14460,7700),(6531,2721),(929,4475),(7176,4662),(9173,6597),(10166,4230),(4581,5969),(8569,265),(1286,6275),(6797,1344),(5634,4860),(9177,3966),(3658,2496),(7143,3514),(4158,5145),(2484,7121),(6004,7932),(837,2076),(11319,6067),(12013,5306)
141,(8273,2219),(3617,6561),(11880,322),(11268,2174),(4492,738),(9498,6308),(2707,376),(14503,7350),(6282,2142),(1108,4298),(7398,4791),(9178,6391),(9906,4098),(4555,5636),(8218,287),(1239,5926),(6849,1623),(5633,4867),(9175,3853),(3306,2502),(7022,3845),(4446,5211),(2492,7472),(6357,7943),(1188,2051),(11242,5723),(12365,5320)
142,(8083,2351),(3679,6249),(11686,201),(10975,2297),(4174,738),(9180,6318),(2388,381),(14542,7034),(6583,2503),(1423,4266),(7400,4573),(9171,6708),(9941,4195),(4274,5779),(7899,280),(1177,5615),(6860,1515),(5944,4860),(9171,3700),(3240,2502),(7330,3877),(4707,5137),(2499,7791),(6675,7953),(1505,2028),(11173,5412),(12683,5332)
143,(9198,2340),(3706,6111),(11343,207),(10659,2430),(3832,747),(8836,6309),(2046,386),(14309,6840),(6322,2303),(1766,4266),(7411,4230),(9164,7051),(9940,4192),(4140,6014),(7557,272),(1098,5280),(6887,1172),(6286,4860),(9179,4043),(3465,2374),(7672,3888),(4651,4798),(2270,7911),(7017,7956),(1500,2028),(11185,5470),(13026,5345)
144,(7727,2018),(3644,6426),(11021,213),(10363,2554),(3512,769),(8515,6300),(1725,391),(14091,6840),(6142,2115),(810,3762),(7223,4079),(9153,7373),(9906,4098),(4397,6155),(7236,270),(1320,5192),(6813,867),(6388,5059),(9174,3806),(3669,2250),(7993,3888),(4607,4480),(1949,7924),(7339,7956),(1180,2051),(11256,5783),(12753,5334)
145,(7524,1903),(3581,6745),(10696,218),(10313,2575),(3186,792),(8189,6285),(1398,396),(14544,7020),(5975,1840),(2024,3946),(6999,3966),(9145,7601),(9889,4053),(4717,6219),(6910,270),(1449,5187),(6974,744),(6388,5055),(9172,3754),(3996,2250),(8315,3884),(4617,4555),(1622,7937),(7131,7956),(854,2075),(11327,6102),(12427,5322)
146,(9198,2340),(3515,7082),(10353,224),(10629,2442),(2844,816),(8389,6295),(1056,401),(14074,6840),(5720,1609),(1935,3640),(6958,4050),(9157,7258),(9916,4126),(5057,6259),(6660,342),(1107,5200),(7316,725),(6393,5006),(9179,4074),(4105,2466),(8159,3624),(4680,4879),(1569,7681),(6787,7956),(512,2100),(11349,6198),(12084,5309)
147,(7735,2230),(3196,7110),(10011,230),(10944,2310),(2504,840),(8729,6306),(715,406),(14346,6840),(5619,1300),(1598,3690),(6739,4050),(9391,7153),(9943,4200),(5238,6055),(6746,672),(1152,5508),(7174,733),(6244,5220),(9172,3733),(4518,2934),(7831,3528),(5017,4911),(1684,7934),(6750,7652),(691,2087),(11274,5865),(11743,5296)
148,(7524,2365),(2870,7110),(9685,236),(11244,2184),(2178,863),(9055,6314),(389,411),(14164,6840),(5675,1568),(1275,3738),(7064,4060),(9716,7163),(9932,4170),(5238,6042),(6707,523),(1221,5802),(6847,751),(5919,5220),(9174,3829),(4518,2934),(8141,3618),(5255,4810),(2011,7921),(6750,7327),(1016,2063),(11203,5547),(11417,5284)
149,(7694,2345),(2517,7110),(9332,242),(11592,2151),(2529,839),(8951,6312),(232,593),(14269,6840),(5937,1806),(922,3757),(7415,4103),(10070,7174),(9909,4107),(5422,6229),(6732,270),(1140,5458),(6872,1009),(5618,5169),(9177,3990),(4492,3149),(8313,3875),(4050,5202),(2363,7907),(6750,7317),(1368,2038),(11157,5345),(11218,5276)
150,(8000,2348),(2756,7110),(9027,247),(11898,2143),(2834,817),(8644,6304),(260,898),(14260,6840),(6111,2052),(839,3953),(7469,3802),(10302,7261),(9893,4064),(5586,6394),(7039,270),(1071,5159),(7142,1087),(5633,4864),(9171,3684),(4388,3303),(8273,3705),(4895,4890),(2333,7908),(6750,7623),(1818,2898),(11224,5644),(11524,5288)
151,(8267,2288),(3087,7110),(8801,251),(12230,2128),(3165,794),(8313,6291),(291,1228),(14151,6840),(5942,2232),(891,4281),(7649,3629),(10327,7593),(9923,4147),(5599,6725),(7371,270),(1006,4833),(7416,1059),(5505,4643),(9175,3883),(4511,3007),(8170,3888),(4759,4883),(2001,7922),(6750,7956),(1342,2039),(11297,5968),(11856,5300)
152,(8294,1956),(3419,7110),(9133,245),(12562,2111),(3497,770),(8110,6419),(336,1557),(14353,6840),(5620,2315),(958,4607),(7549,3621),(10057,7650),(10458,5238),(5613,7057),(7703,275),(1038,4996),(7416,727),(5324,4756),(9177,3955),(4457,3147),(7839,3888),(4977,4790),(1670,7935),(6750,7623),(1011,2063),(11370,6292),(12188,5313)
153,(8009,1898),(3515,7358),(9470,239),(12900,2095),(3834,746),(8250,6621),(394,1890),(14065,6840),(5516,2100),(1179,4763),(7556,3622),(9718,7650),(9925,4152),(5604,6824),(8041,283),(1208,5197),(7416,1050),(5504,4598),(9198,4392),(4136,3152),(7501,3888),(5183,4755),(1568,7669),(6750,7286),(674,2088),(11307,6013),(12526,5326)
154,(7723,1928),(3523,7684),(9797,234),(13059,2264),(3992,935),(8344,6630),(413,1999),(14390,6840),(5374,1908),(1505,4784),(7661,3630),(9615,7850),(9893,4064),(5590,6498),(8157,285),(1534,5184),(7458,1367),(5429,4428),(9176,3943),(3974,3338),(7175,3864),(4050,5202),(1775,7426),(6746,6959),(514,2100),(11236,5694),(12852,5338)
155,(7736,2263),(3412,7902),(10130,228),(12899,2435),(4047,1265),(8094,6694),(355,1670),(14110,6840),(5328,1908),(1293,4770),(7471,3792),(9609,7800),(9899,4081),(5583,6327),(7823,278),(1226,5196),(7792,1345),(5634,4860),(9175,3894),(3641,3330),(6842,3852),(4971,4721),(2004,7182),(6739,6626),(847,2075),(11163,5368),(12914,5340)
156,(8006,2349),(3068,7902),(10475,222),(12555,2446),(4073,1608),(8071,7038),(300,1330),(14312,6840),(5514,2072),(1029,4754),(7445,4104),(9787,7650),(9925,4152),(5597,6672),(7478,270),(1041,5008),(8136,1322),(5579,4482),(9171,3685),(3472,3192),(6667,3993),(4998,4379),(1972,7216),(6750,7956),(1191,2050),(11196,5515),(12570,5327)
157,(8344,2356),(2729,7902),(10812,217),(12217,2457),(4082,1945),(8079,6916),(269,993),(14184,6840),(5593,2322),(1367,4775),(7782,4104),(10124,7650),(10458,5238),(5611,7010),(7422,563),(1005,4827),(8050,1328),(5393,4324),(9178,4023),(3170,3211),(6398,4084),(4986,4562),(1741,7463),(6739,6619),(1528,2026),(11270,5845),(12232,5315)
158,(8726,2349),(2655,7902),(10549,221),(11836,2461),(4079,1813),(8103,6536),(234,614),(14276,6840),(5962,2226),(1384,4776),(7927,4104),(10157,7650),(9940,4193),(5335,7110),(7424,496),(1728,5652),(7669,1353),(5550,4356),(9173,3766),(3213,3362),(6663,3969),(5216,4767),(1542,7527),(6746,7000),(1439,2032),(11353,6217),(11851,5300)
159,(9038,2343),(2967,7902),(10237,226),(11523,2452),(4071,1500),(8058,6280),(328,412),(14246,6840),(6186,2239),(1071,4757),(7615,4104),(9844,7650),(9903,4092),(4644,7110),(7346,270),(1151,5507),(7452,1462),(5613,4090),(9173,3781),(3273,3186),(6447,3852),(5035,4703),(1482,7219),(6917,7141),(1127,2055),(11330,6112),(11538,5288)
160,(9189,2485),(3271,7902),(9933,231),(11532,2452),(4256,1360),(7754,6273),(632,407),(14137,6840),(6279,2529),(942,4534),(7412,4208),(9599,7702),(9899,4081),(5028,6805),(7043,270),(1221,5803),(7452,1767),(5581,3787),(9198,4392),(3448,3286),(6392,4056),(5108,4572),(1457,6976),(7221,7132),(824,2077),(11263,5816),(11234,5277)
161,(9190,2468),(3525,7783),(9558,238),(11906,2464),(4628,1309),(9180,6318),(1006,402),(14323,6840),(6170,2188),(873,4165),(7400,4583),(9621,7907),(9915,4123),(5036,6431),(6667,270),(1272,6174),(7443,2142),(5610,4145),(9171,3711),(3178,3290),(6572,3804),(5208,4572),(1828,6922),(7162,7134),(449,2104),(11181,5449),(11423,5284)
162,(9198,2188),(3518,7503),(9279,243),(11753,2459),(4904,1271),(7658,6270),(1286,397),(14044,6840),(5944,2231),(829,3889),(7404,4460),(9572,7650),(9944,4203),(4928,6248),(6641,270),(1310,6451),(7478,2370),(5530,4356),(9173,3804),(3144,3012),(7452,2988),(4989,4514),(2104,6881),(6883,7142),(692,2087),(11163,5370),(11702,5295)
163,(9198,1832),(3510,7146),(8922,249),(11397,2448),(4713,1297),(8016,6279),(1643,392),(14392,6840),(5598,2321),(1038,3752),(7434,5256),(9216,7650),(9922,4144),(4574,6199),(6998,270),(1270,6154),(7736,2246),(5185,4290),(9178,4011),(3166,3174),(6497,3825),(4861,4320),(2077,6885),(6750,7369),(1048,2061),(11241,5719),(12059,5308)
164,(9198,2340),(3811,7110),(8912,249),(11693,2457),(4378,1343),(7881,6276),(1980,387),(14106,6840),(5780,2273),(1374,3724),(7475,3770),(9410,7650),(9894,4066),(4556,6470),(7335,270),(1224,5819),(7722,1908),(5159,4292),(9171,3673),(3132,2862),(6190,3965),(4530,4330),(1743,6934),(6750,7706),(1385,2036),(11315,6049),(12397,5321)
165,(9198,1807),(4124,7110),(9225,243),(12006,2464),(3960,738),(7568,6268),(2293,382),(14287,6840),(6078,2180),(1684,3677),(7474,3773),(9723,7650),(9905,4097),(4598,6780),(7219,270),(1531,5825),(7452,1882),(5111,4295),(9175,3875),(3354,2796),(6147,3988),(4433,4288),(1433,6979),(6686,7953),(1650,2017),(11367,6280),(12710,5333)
166,(9198,2139),(4455,7110),(9557,238),(12338,2453),(4013,1058),(7523,6267),(2625,377),(14217,6840),(6239,2029),(1972,3686),(7494,3676),(10054,7650),(9936,4180),(4644,7110),(6887,270),(1862,5847),(7452,1550),(4989,4526),(9177,3963),(3226,2782),(6405,3889),(4750,4335),(1702,6940),(6354,7943),(1318,2041),(11295,5956),(13042,5345)
167,(9198,2216),(4655,7245),(9881,232),(12662,2443),(3960,738),(7847,6275),(2949,372),(14187,6840),(6125,1725),(2035,4003),(7673,3631),(10328,7603),(9938,4188),(4599,6788),(6661,346),(2185,5876),(7432,1228),(4982,4849),(9170,3640),(3116,2542),(6517,4070),(4935,4310),(2023,6893),(6030,7933),(995,2065),(11224,5640),(12734,5334)
168,(9198,1868),(4685,7592),(10228,226),(13009,2431),(3822,417),(8041,6280),(3298,367),(14300,6840),(6032,1466),(2006,4266),(7685,3632),(10301,7255),(9914,4120),(4552,6443),(6749,683),(2532,5907),(7181,1091),(5034,5072),(9176,3943),(3420,2502),(6644,3866),(4050,5202),(2168,6872),(5682,7922),(648,2090),(11147,5300),(12386,5320)
169,(9198,1542),(4712,7917),(10555,221),(12800,2438),(3901,601),(7715,6272),(3623,362),(14104,6840),(6353,1410),(1681,4266),(7580,3624),(10315,7433),(10458,5238),(4448,6171),(6707,999),(2856,5936),(6891,1098),(5050,5054),(9176,3902),(3456,2792),(6568,4063),(4913,4313),(1845,6919),(5875,7928),(540,2098),(11207,5566),(12060,5308)
170,(9100,1225),(4420,7942),(10890,215),(12464,2449),(3773,751),(9180,6318),(3636,362),(14395,6840),(6096,1455),(1345,4266),(7529,3619),(10213,7650),(9911,4112),(4150,6052),(6625,1325),(3001,5949),(6959,1352),(4983,5127),(9171,3668),(3441,2502),(6401,3931),(4761,4333),(1513,6967),(6210,7938),(874,2073),(11280,5893),(11725,5296)
171,(8988,916),(4092,7927),(11218,209),(12137,2460),(3446,774),(7707,6271),(3308,367),(14068,6840),(6084,1651),(1022,4314),(7632,3628),(9886,7650),(9942,4198),(4002,5961),(6701,1020),(2674,5920),(7288,1362),(4924,5255),(9178,3996),(4518,2934),(6187,3967),(4447,4294),(1618,6952),(6538,7949),(1202,2050),(11352,6213),(11397,5283)
172,(8872,595),(3750,7912),(11560,203),(12144,2460),(3104,798),(8050,6280),(2966,372),(14353,6840),(6394,1716),(1114,4297),(7720,3635),(9599,7699),(9938,4187),(4025,5939),(6750,688),(2333,5889),(7426,1191),(4770,5184),(9174,3832),(4518,2934),(6176,3973),(4161,4280),(1957,6903),(6880,7956),(1543,2025),(11324,6088),(11227,5277)
173,(8763,294),(3431,7902),(11880,198),(12464,2449),(2785,821),(7866,6275),(2646,377),(14161,6840),(6713,1724),(1267,4112),(7609,3626),(9603,7992),(9904,4093),(4293,5769),(6670,378),(2014,5860),(7416,872),(5089,5192),(9172,3723),(3406,2250),(6467,3852),(4467,4303),(2262,6858),(7200,7956),(1485,2029),(11254,5775),(11547,5289)
174,(8844,519),(3102,7902),(11880,527),(12794,2438),(2457,844),(7537,6267),(2317,382),(14246,6840),(6636,1722),(1244,3783),(7434,5256),(9274,7992),(9890,4056),(4522,5650),(6537,375),(1692,5827),(7423,543),(5129,5194),(9179,4051),(3471,2286),(6795,3852),(4616,4550),(1936,6906),(7417,7825),(1157,2053),(11182,5454),(11876,5301)
175,(8971,868),(2729,7902),(11889,898),(12970,2433),(2269,857),(7594,6269),(1946,387),(14217,6840),(6265,1713),(1570,3694),(7566,3623),(9148,7731),(9907,4101),(4191,5822),(7434,270),(1920,5630),(7430,368),(5050,5054),(9172,3748),(3612,2497),(7066,3711),(4656,4836),(1568,6960),(7430,7457),(786,2080),(11182,5456),(12248,5315)
176,(9080,1170),(2595,7902),(11905,1219),(12648,2443),(2590,834),(7915,6277),(1625,392),(14184,6840),(6181,1874),(1887,3647),(7677,3632),(9156,7888),(9941,4195),(4644,7110),(6548,425),(2240,5595),(7417,690),(5257,4809),(9174,3809),(3934,2488),(6946,3669),(4612,4517),(1557,6961),(7381,7139),(465,2103),(11253,5770),(12569,5327)
177,(9198,2340),(2938,7902),(11923,1563),(12305,2455),(2933,810),(8260,6289),(1281,397),(14307,6840),(6222,2142),(1695,3675),(7678,3632),(8921,7987),(9940,4193),(3962,6070),(6312,288),(2582,5558),(7428,405),(5543,4619),(9178,4019),(4117,2310),(7036,3621),(4769,4332),(1897,6911),(7047,7137),(741,2083),(11328,6106),(12913,5340)
178,(9198,1792),(3237,7902),(11937,1861),(12006,2464),(3230,789),(8473,6380),(982,402),(14070,6840),(6226,2362),(1401,3720),(7545,3621),(8623,7982),(9898,4078),(4056,6077),(6014,288),(2878,5525),(7427,432),(5739,4395),(9172,3721),(4359,2250),(7041,3786),(4999,4364),(2192,6868),(6750,7956),(1038,2062),(11358,6238),(12889,5339)
179,(9198,2130),(3574,7904),(11949,2085),(11668,2456),(3567,765),(8463,6566),(645,407),(14407,6840),(6235,2391),(1254,3920),(7560,3622),(8285,7976),(9893,4063),(4644,7110),(5987,288),(3042,5333),(7417,670),(5708,4432),(9175,3853),(4482,2250),(6996,3983),(4971,4659),(2008,6895),(6742,6808),(1375,2037),(11284,5908),(12551,5327)
180,(9062,2342),(3920,7919),(11931,1739),(11363,2396),(3913,741),(8398,6296),(299,412),(14082,6840),(6117,2065),(810,3762),(7647,3629),(8296,7977),(9918,4132),(3989,5786),(6333,288),(3042,5451),(7431,323),(5594,4721),(9177,3972),(4136,2250),(6807,3852),(5244,4572),(1666,6945),(6735,6461),(1627,2019),(11208,5570),(12205,5314)
181,(8745,2348),(4237,7934),(11916,1422),(11322,2232),(4230,738),(8155,6283),(449,410),(14315,6840),(6084,1998),(1594,4266),(7682,3632),(8614,7982),(10458,5238),(3977,5796),(6381,288),(3042,5247),(7423,533),(5553,4871),(9170,3656),(4205,2076),(6794,3852),(5131,4572),(1455,6976),(6734,6418),(1310,2042),(11144,5286),(11888,5302)
182,(8413,2355),(4568,7949),(11899,1091),(11484,2451),(4560,738),(8485,6300),(780,405),(14190,6840),(6079,1988),(1926,4266),(7580,3624),(8945,7988),(9923,4146),(4644,7110),(6051,288),(3042,5491),(7421,576),(5413,4956),(9176,3911),(4536,2092),(7053,3752),(4998,4386),(1783,6928),(6741,6750),(980,2066),(11217,5609),(11557,5289)
183,(8070,2351),(4521,7947),(11882,748),(11827,2461),(4904,738),(8829,6309),(1124,400),(14233,6840),(5856,1733),(1906,4266),(7519,3619),(9288,7992),(9897,4073),(4015,5949),(5956,288),(3042,5291),(7432,307),(5634,4860),(9176,3918),(4879,2110),(7183,3435),(4986,4561),(2122,6879),(6748,7092),(638,2091),(11292,5944),(11214,5276)
184,(7747,2340),(4198,7932),(12156,697),(12150,2460),(5226,738),(9151,6317),(1446,395),(14280,6840),(5645,1501),(1584,4266),(7629,3628),(9610,7992),(9900,4081),(4086,5702),(6279,288),(3042,5402),(7419,630),(5274,5195),(9170,3640),(5094,2121),(7287,3226),(5298,4572),(2093,6883),(6750,7956),(547,2097),(11363,6260),(11391,5283)
185,(7411,2373),(3859,7917),(12494,691),(12490,2448),(5566,738),(9491,6309),(1786,390),(14139,6840),(5729,1278),(1245,4272),(7434,5256),(9310,7992),(9927,4158),(3828,5923),(6539,387),(3042,5377),(7425,470),(5435,4938),(9177,3979),(4755,2104),(7135,3530),(5054,4572),(1758,6932),(6819,7144),(885,2073),(11314,6044),(11730,5296)
186,(7082,2344),(3529,7902),(12824,686),(12819,2438),(5768,738),(9811,6289),(2116,385),(14366,6840),(6059,1278),(920,4334),(7620,3627),(9152,7810),(9949,4216),(3874,5884),(6616,708),(3042,5309),(7428,398),(5326,5029),(9175,3862),(4425,2087),(7452,2988),(5111,4730),(1431,6979),(7148,7134),(1215,2049),(11242,5722),(12060,5308)
187,(6923,2329),(3520,7576),(12986,857),(12988,2432),(5440,738),(9846,5963),(2443,380),(14544,7020),(5745,1278),(965,4637),(7515,3618),(9310,7650),(9917,4129),(4104,5713),(6513,1014),(3042,5458),(7416,714),(5042,4924),(9171,3700),(4098,2070),(6557,3687),(5176,4909),(1699,6940),(7284,7130),(1541,2025),(11170,5402),(12387,5320)
188,(7260,2360),(3512,7239),(13004,1195),(12650,2443),(5103,738),(9846,5624),(2781,375),(14377,6840),(5643,1485),(1210,4765),(7590,3625),(9538,7650),(9889,4051),(3969,5991),(6428,1227),(1728,5652),(7429,376),(4710,4880),(9178,4039),(4077,1745),(6819,3556),(4952,5161),(2034,6892),(6945,7140),(1469,2030),(11187,5475),(12725,5333)
189,(7438,2534),(3549,6909),(13021,1528),(12317,2454),(4770,738),(9180,6318),(3114,370),(14125,6840),(5852,1729),(1543,4786),(7689,3633),(9206,7650),(9904,4094),(4111,6080),(6551,918),(3042,5463),(7424,496),(4711,5158),(9173,3800),(4068,1412),(6517,3693),(5235,5199),(2172,6871),(6887,7142),(1137,2054),(11259,5800),(13042,5345)
190,(7448,2878),(3615,6572),(13038,1872),(11973,2465),(4426,738),(9502,5273),(3458,365),(14299,6840),(5952,1819),(1245,4767),(7666,3631),(9154,7367),(9930,4165),(4443,6169),(6568,877),(3042,5320),(7420,598),(4920,5286),(9173,3780),(4076,1704),(7452,2988),(5074,5434),(1831,6921),(7230,7132),(794,2079),(11335,6136),(12698,5332)
191,(7320,2856),(3679,6249),(13044,1975),(11645,2456),(4097,738),(9172,5256),(3787,360),(14208,6840),(5707,1598),(974,4680),(7563,3622),(9055,7146),(9946,4208),(4586,5950),(6445,1183),(3042,5366),(7452,1368),(4824,5184),(9179,4063),(4085,2033),(6502,3694),(4772,5555),(1505,6969),(7407,7306),(465,2103),(11344,6178),(12369,5320)
192,(7356,3118),(3705,6115),(13026,1628),(11357,2372),(3877,544),(9167,5592),(3462,365),(14219,6840),(6282,2142),(900,4340),(7533,3620),(8708,7146),(9921,4139),(4569,6011),(6499,1050),(3042,5420),(7420,617),(4674,4949),(9172,3716),(4395,2085),(6255,3718),(4662,5595),(1645,6948),(7505,7601),(744,2083),(11268,5839),(12022,5307)
193,(9198,2340),(3642,6435),(13009,1301),(11280,2053),(3847,475),(9173,5918),(3134,369),(14289,6840),(5942,1278),(849,4017),(7639,3629),(8380,7146),(9889,4051),(4536,6329),(6620,746),(3042,5268),(7424,496),(4916,4892),(9174,3846),(4722,2102),(6418,3702),(4970,5485),(1969,6901),(7831,7637),(1070,2059),(11197,5520),(11695,5294)
194,(7759,2911),(3581,6746),(12993,984),(11211,1744),(3947,708),(9178,6235),(2818,374),(14106,6840),(5872,1278),(796,3704),(7689,3633),(9162,7992),(9910,4109),(4580,6644),(6551,437),(3042,5488),(7430,361),(4970,4711),(9178,4007),(5039,2118),(6716,3607),(5085,5593),(2253,6860),(8118,7697),(1386,2036),(11156,5337),(11378,5282)
195,(8113,2951),(3512,7099),(12976,626),(11133,1393),(3805,378),(9175,6041),(2459,380),(14370,6840),(5718,1278),(710,3355),(7617,3627),(8100,7503),(9931,4166),(4628,6999),(6720,270),(3042,5272),(7452,1368),(4810,4886),(9170,3649),(5153,2373),(7059,3575),(4853,5527),(1897,6911),(8118,7891),(1603,2021),(11234,5688),(11263,5278)
196,(8214,2729),(3516,7417),(12965,307),(11064,1083),(3915,634),(9169,5722),(2140,384),(14052,6840),(6036,1278),(635,3046),(7509,3618),(8102,7515),(9941,4196),(4850,7110),(7038,270),(3042,5426),(7428,401),(4691,5044),(9176,3905),(5160,2692),(6874,3707),(4050,5202),(1583,6957),(8024,7657),(1285,2044),(11304,5998),(11581,5290)
197,(8541,2707),(3524,7744),(12779,168),(10993,763),(3875,541),(9164,5396),(1814,389),(14354,6840),(5768,1278),(565,2726),(7614,3627),(8068,7189),(9910,4109),(4866,7110),(7365,270),(3042,5341),(7426,465),(4683,5000),(9176,3939),(5164,2849),(6563,3806),(4862,5523),(1548,6962),(7698,7622),(959,2067),(11574,7164),(11908,5302)
198,(8864,2685),(3693,7909),(12454,178),(10923,447),(3848,476),(9165,5440),(1490,394),(14157,6840),(5638,1448),(497,2410),(7434,5256),(8092,7424),(9886,4045),(4630,7008),(7179,270),(3042,5350),(7418,651),(4861,4889),(9170,3620),(5156,2524),(6563,3806),(5133,5365),(1869,6916),(7440,7671),(636,2091),(11305,6001),(12232,5315)
199,(9170,2728),(4074,7926),(12073,191),(10903,356),(3921,648),(9171,5820),(1109,400),(14304,6840),(5860,1736),(446,2174),(7671,3631),(8118,7805),(9900,4081),(4578,6631),(6797,270),(3042,5469),(7452,1368),(5214,5015),(9178,4000),(5148,2144),(6922,3682),(5165,5328),(2246,6861),(7490,7958),(607,2093),(11221,5629),(12613,5329)
200,(9164,3041),(4388,7941),(11759,200),(10971,663),(3960,738),(9176,6135),(794,405),(14217,6840),(6068,1967),(512,2481),(7553,3621),(8263,7976),(9936,4181),(4535,6319),(6800,270),(3042,5232),(7421,583),(5093,4949),(9175,3857),(5154,2417),(7020,3629),(5155,5340),(1979,6900),(7805,7966),(920,2070),(11152,5322),(12927,5341)
201,(9167,3354),(4701,7955),(11447,205),(11039,968),(3921,647),(9177,6188),(481,409),(14175,6840),(6191,2254),(578,2787),(7577,3623),(8576,7981),(9934,4177),(4700,6217),(7112,270),(3042,5495),(7423,543),(4791,4885),(9171,3692),(5161,2731),(6736,3756),(5405,5208),(1669,6945),(6750,7956),(1233,2047),(11199,5530),(12860,5338)
202,(9249,3618),(4389,7941),(11104,211),(11113,1302),(3863,513),(9172,5846),(291,412),(14318,6840),(6317,2565),(608,2926),(7668,3631),(8917,7987),(9908,4103),(4644,7110),(7413,270),(3042,5287),(7431,338),(4698,5087),(9178,4034),(5052,2886),(6840,3726),(5485,5213),(1477,6973),(7775,7965),(1574,2023),(11274,5864),(12518,5325)
203,(9581,3618),(4056,7926),(10771,217),(11185,1627),(3863,512),(9166,5512),(624,407),(14094,6840),(6450,2667),(538,2600),(7677,3632),(9072,7990),(9885,4042),(4709,6218),(7080,270),(3042,5395),(7417,671),(4675,4952),(9173,3804),(4518,2934),(6397,3986),(5151,5195),(1806,6925),(7443,7957),(1441,2032),(11347,6190),(12185,5313)
204,(9905,3618),(3732,7911),(10448,223),(11256,1944),(3928,665),(9163,5323),(949,402),(14544,7020),(6247,2431),(470,2283),(7569,3623),(8748,7984),(9918,4132),(4392,6154),(6755,270),(3042,5368),(7427,443),(4910,4891),(9172,3754),(4878,2736),(6589,3799),(4920,5288),(2127,6878),(7676,7962),(1118,2056),(11333,6129),(11861,5301)
205,(10067,3618),(3401,7902),(10116,228),(11202,2202),(3798,360),(9168,5654),(1280,397),(14087,6840),(6183,2142),(463,2251),(7543,3621),(8417,7979),(9949,4216),(4136,5999),(6859,270),(3042,5317),(7427,426),(5190,4892),(9198,4392),(4613,2796),(6901,3693),(4659,5445),(2080,6885),(8007,7971),(788,2080),(11261,5806),(11530,5288)
206,(9709,3618),(3045,7902),(9759,234),(10873,2340),(3938,687),(9174,6010),(1636,392),(14349,6840),(6367,2376),(538,2600),(7619,3627),(8061,7972),(9937,4183),(4644,7110),(7216,270),(3042,5479),(7418,655),(5463,4669),(9172,3729),(4845,2924),(7071,3697),(4673,5440),(1727,6936),(8118,7727),(1674,2016),(11183,5457),(11173,5275)
207,(9402,3618),(2738,7902),(9453,240),(10590,2459),(3860,506),(9180,6318),(1943,387),(14178,6840),(6632,2531),(603,2900),(7700,3634),(7753,7964),(9898,4077),(4452,6172),(7345,270),(3042,5229),(7430,349),(5684,4461),(9174,3813),(5152,2931),(7163,3863),(4868,5363),(1423,6981),(7871,7641),(738,2083),(11168,5390),(11416,5284)
208,(9046,3618),(2621,7902),(9096,246),(10261,2597),(3875,541),(8823,6308),(2300,382),(14257,6840),(6774,2710),(581,2799),(7624,3627),(9162,7992),(9887,4047),(4597,5914),(6989,270),(3042,5449),(7422,547),(5877,4166),(9178,4002),(5040,3177),(7519,3888),(4536,5493),(1736,6935),(7516,7602),(1093,2058),(11245,5737),(11772,5297)
209,(8870,3618),(2935,7902),(8783,251),(10403,2537),(3920,646),(8509,6300),(2613,377),(14264,6840),(6763,2938),(515,2492),(7434,5256),(7711,7963),(9923,4147),(4539,5641),(6675,270),(3042,5305),(7421,579),(5731,4050),(9171,3688),(5150,3194),(7832,3888),(4249,5622),(2047,6890),(7699,7622),(1406,2035),(11314,6044),(12086,5309)
210,(9203,3618),(3268,7902),(9045,246),(10710,2409),(3806,379),(8462,6599),(2945,372),(14146,6840),(6829,2781),(445,2167),(7606,3626),(8043,7972),(10458,5238),(4245,5794),(6941,270),(3042,5379),(7433,292),(5831,4050),(9175,3879),(5114,3171),(8165,3888),(4084,5515),(2160,6873),(8030,7658),(1610,2020),(11364,6267),(12418,5322)
211,(9528,3618),(3526,7836),(9371,241),(11010,2282),(3934,679),(8176,6613),(3271,367),(14363,6840),(7147,2852),(487,2363),(7712,3635),(8370,7978),(9921,4141),(3980,5980),(7267,270),(3042,5386),(7420,618),(5685,4050),(9177,3966),(4518,2934),(8140,3888),(4039,5202),(1837,6920),(8118,7905),(1284,2044),(11293,5948),(12744,5334)
212,(9862,3618),(3518,7503),(9704,235),(11300,2145),(3853,490),(8355,6631),(3605,362),(14049,6840),(6282,2142),(557,2688),(7632,3628),(8702,7984),(9891,4059),(4040,5926),(7267,270),(3042,5296),(7425,487),(5600,4312),(9170,3633),(5066,3337),(7807,3888),(3706,5223),(1507,6968),(8118,7709),(952,2068),(11220,5623),(13023,5344)
213,(10098,3618),(3511,7160),(10047,229),(11226,1810),(3877,544),(8222,6618),(3648,362),(14393,6840),(7366,3105),(810,3762),(7543,3621),(9046,7990),(9898,4077),(4332,5749),(6924,270),(3042,5487),(7428,395),(5516,4600),(9177,3946),(4995,3181),(7465,3888),(3583,5231),(1639,6949),(7817,7635),(610,2093),(11145,5288),(12680,5332)
214,(9774,3618),(3235,7110),(10371,224),(11155,1493),(3914,632),(8086,6807),(3323,367),(14118,6840),(7287,2914),(561,2706),(7574,3623),(9370,7992),(9931,4166),(4487,5668),(6684,270),(3042,5236),(7452,1368),(5423,4439),(9176,3901),(5161,2995),(7509,4104),(3908,5210),(1961,6902),(7493,7600),(577,2095),(11209,5576),(12355,5319)
215,(9434,3618),(2896,7110),(10711,218),(11082,1162),(3814,399),(9180,6318),(2983,372),(14300,6840),(7121,3008),(489,2374),(7668,3631),(9550,7992),(9949,4216),(4186,5825),(7023,270),(3042,5440),(7429,381),(5604,4240),(9171,3673),(5159,2656),(7848,4104),(4071,5398),(2239,6862),(7406,7302),(915,2070),(11284,5907),(12016,5307)
216,(9169,3514),(2528,7110),(11079,212),(11002,802),(3960,738),(8088,6778),(2616,377),(14166,6840),(7114,3174),(451,2196),(7712,3635),(9182,7992),(9931,4167),(4104,5783),(7391,270),(3042,5366),(7423,526),(5459,4116),(9179,4042),(5151,2288),(7874,4104),(4174,5656),(1875,6915),(7409,7317),(1282,2044),(11364,6267),(11648,5293)
217,(9165,3183),(2771,7110),(11409,206),(10930,479),(3829,433),(8108,6447),(2284,382),(14244,6840),(6282,2142),(521,2520),(7610,3626),(9145,7680),(9900,4083),(4053,5731),(7145,270),(3042,5318),(7421,581),(5359,4216),(9173,3798),(4981,2115),(7543,4104),(4476,5518),(1547,6963),(7444,7645),(1613,2020),(11314,6045),(11317,5280)
218,(9162,2872),(3083,7110),(11722,200),(10881,257),(3889,573),(8263,6289),(1973,387),(14280,6840),(7413,2970),(587,2825),(7520,3619),(9158,7930),(9900,4081),(3816,5934),(6834,270),(3042,5433),(7452,1368),(5609,4051),(9172,3749),(4669,2099),(7233,4081),(4766,5403),(1569,6959),(7398,7954),(1423,2034),(11246,5740),(11277,5279)
219,(8912,2845),(3419,7110),(12058,192),(10954,586),(3897,592),(8471,6422),(1635,392),(14137,6840),(7226,2800),(601,2892),(7615,3627),(9437,7992),(9928,4160),(3891,5869),(6786,270),(3042,5245),(7420,607),(5587,3837),(9198,4392),(4332,2082),(7069,4060),(4747,5411),(1902,6911),(7447,7624),(1087,2058),(11172,5411),(11614,5291)
220,(8607,2913),(3553,6891),(12372,181),(11022,891),(3821,415),(8464,6547),(1323,397),(14386,6840),(6937,2683),(535,2586),(7708,3634),(9509,7992),(9942,4198),(4104,5722),(7100,270),(1728,5652),(7423,520),(5715,4050),(9173,3772),(4151,2073),(7380,4099),(4544,5490),(2212,6866),(7408,7315),(775,2081),(11179,5441),(11927,5303)
221,(8278,2964),(3617,6563),(12705,170),(11094,1217),(3953,722),(8392,6295),(989,402),(14052,6840),(6844,2412),(465,2260),(7610,3626),(9175,7992),(9913,4117),(3965,5995),(7434,270),(3042,5265),(7430,354),(6027,4068),(9173,3797),(4485,2090),(7406,4401),(4856,5368),(1992,6898),(7402,7271),(441,2105),(11252,5768),(12261,5316)
222,(8118,2785),(3680,6242),(12886,164),(11165,1537),(3837,452),(8115,6334),(661,407),(14354,6840),(6840,2084),(467,2271),(7434,5256),(8847,7986),(9882,4033),(3765,5978),(7106,270),(3042,5422),(7417,681),(5975,4389),(9179,4047),(4812,2106),(7398,4729),(5035,5189),(1669,6945),(7451,7595),(748,2083),(11324,6087),(12588,5328)
223,(8098,2678),(3706,6111),(12550,175),(11238,1865),(3890,576),(8103,6540),(325,412),(14145,6840),(6840,1748),(538,2599),(7601,3625),(8512,7980),(9911,4113),(4021,5759),(6771,270),(3042,5353),(7427,423),(5957,4422),(9172,3712),(4518,2934),(7399,4619),(5286,5105),(1471,6974),(7785,7632),(1083,2058),(11354,6220),(12924,5341)
224,(7800,2628),(3642,6438),(12217,186),(11297,2128),(3897,592),(8113,6357),(439,410),(14269,6840),(6840,2041),(608,2926),(7700,3634),(8178,7975),(9940,4194),(3932,5834),(6846,270),(3042,5328),(7426,450),(5865,4579),(9175,3857),(5155,2457),(7410,4285),(5512,4877),(1801,6925),(6750,7956),(1416,2034),(11280,5894),(12842,5338)
225,(7811,2895),(3576,6769),(11880,198),(11223,1799),(3831,437),(8187,6614),(776,405),(14229,6840),(6842,2378),(580,2792),(7649,3629),(8394,7978),(9938,4187),(3787,6032),(7183,270),(3042,5448),(7418,651),(5650,4839),(9177,3976),(5162,2795),(7571,4104),(5574,4653),(2135,6877),(7782,7631),(1595,2021),(11207,5565),(12505,5325)
226,(8104,2949),(3513,7090),(12206,187),(11152,1480),(3960,738),(8406,6636),(1104,400),(14176,6840),(6822,2683),(511,2472),(7543,3621),(8721,7984),(9906,4099),(3775,6028),(7357,270),(3042,5241),(7431,325),(5935,4860),(9170,3650),(5136,2925),(7898,4104),(5324,4756),(2076,6885),(7456,7596),(1268,2045),(11148,5302),(12178,5313)
227,(7761,2910),(3573,6788),(12555,175),(11077,1140),(3822,417),(8097,6646),(1451,395),(14311,6840),(6876,2668),(437,2132),(7552,3621),(9069,7990),(10458,5238),(4118,6081),(7009,270),(3042,5468),(7422,563),(6282,4860),(9176,3933),(5425,3054),(7844,4104),(5001,4691),(1732,6936),(7401,7935),(921,2070),(11224,5642),(11830,5299)
228,(9198,2340),(3634,6475),(12874,164),(11008,829),(3898,595),(8076,6965),(1770,390),(14088,6840),(7176,2773),(493,2391),(7664,3631),(9150,7764),(9916,4127),(3894,6059),(6690,270),(3042,5290),(7422,557),(6213,4860),(9176,3918),(5580,3330),(7525,4104),(5236,4774),(1416,6982),(7100,7956),(603,2093),(11294,5953),(11511,5287)
229,(7772,2907),(3698,6151),(12968,406),(10936,506),(3891,577),(8073,6997),(2100,385),(14544,7020),(7148,2757),(563,2714),(7677,3632),(9151,7435),(9947,4212),(4115,5912),(6924,270),(3042,5395),(7432,311),(5883,4860),(9170,3647),(5580,3660),(7197,4076),(5000,4691),(1717,6938),(6770,7956),(589,2094),(11366,6276),(11181,5275)
230,(7798,2628),(3680,6243),(12877,685),(10889,294),(3853,490),(8099,6619),(2478,379),(14544,7020),(6795,2627),(617,2964),(7622,3627),(9163,7057),(9946,4208),(4108,5887),(7301,270),(3042,5422),(7417,690),(5715,4761),(9178,4024),(5580,3520),(7013,3889),(5001,4336),(2091,6883),(6750,7598),(966,2067),(11302,5990),(11479,5286)
231,(8091,2657),(3619,6552),(12563,690),(10957,601),(3941,695),(8079,6906),(2793,375),(14354,6840),(6524,2468),(550,2656),(7434,5256),(9170,6741),(9910,4109),(4365,5731),(7250,270),(3042,5278),(7427,435),(5856,4590),(9174,3832),(5525,3220),(7107,3588),(4726,4338),(2132,6877),(6750,7283),(1280,2044),(11233,5683),(11794,5298)
232,(8348,2720),(3559,6859),(12250,695),(11025,907),(3818,407),(8068,7073),(3106,370),(14167,6840),(6312,2265),(484,2350),(7625,3627),(9177,6429),(9890,4055),(4591,5728),(6938,270),(3042,5474),(7428,418),(5656,4832),(9172,3716),(4518,2934),(7247,3307),(4614,4530),(1822,6922),(6746,6970),(1593,2021),(11165,5377),(12107,5310)
233,(8682,2697),(3525,7031),(11915,701),(11098,1234),(3909,620),(8091,6738),(3442,365),(14246,6840),(6208,1947),(449,2189),(7434,5256),(9175,6542),(9919,4135),(4572,5680),(6681,270),(3042,5233),(7417,687),(5619,5159),(9179,4051),(5539,2763),(7218,3364),(4659,4863),(1491,6971),(6739,6634),(1420,2034),(11192,5497),(12442,5323)
234,(9018,2674),(3590,6701),(11895,1002),(11171,1562),(3878,546),(8111,6402),(3778,360),(14252,6840),(6149,1787),(520,2517),(7625,3627),(9167,6877),(9948,4214),(4644,7110),(7017,270),(3042,5447),(7430,351),(5890,5220),(9173,3784),(5528,2427),(7017,3569),(4618,4559),(1649,6948),(6732,6298),(1085,2058),(11265,5825),(12778,5335)
235,(9191,2448),(3663,6330),(11913,1380),(11253,1931),(3866,520),(8103,6539),(3439,365),(14205,6840),(6282,2142),(600,2887),(7572,3623),(9164,7036),(9945,4205),(4556,5641),(7394,270),(3042,5370),(7422,567),(6268,5220),(9174,3829),(5535,2629),(6981,3404),(4430,4287),(2023,6893),(6739,6643),(708,2085),(11348,6194),(12944,5342)
236,(9188,2509),(3716,6059),(11927,1657),(11294,2118),(3943,700),(8309,6626),(3163,369),(14353,6840),(6020,2209),(601,2890),(7594,3625),(9170,6758),(9896,4070),(4597,5743),(7196,270),(3042,5368),(7420,596),(6389,5046),(9179,4064),(5543,2907),(7042,3343),(4164,4279),(2238,6862),(6745,6919),(1818,2898),(11342,6170),(12667,5331)
237,(9163,2878),(3663,6327),(11946,2027),(11214,1756),(3960,738),(8471,6422),(2793,375),(14096,6840),(5662,2304),(523,2528),(7656,3630),(9178,6388),(9885,4040),(4603,5758),(6825,270),(3042,5441),(7432,314),(6391,4676),(9171,3695),(5904,2946),(6923,3557),(4122,4629),(1872,6915),(6750,7289),(801,2079),(11261,5809),(12297,5317)
238,(9167,3200),(3601,6643),(11941,1935),(11144,1442),(3924,656),(8676,6305),(2470,380),(14544,7020),(5518,2158),(455,2213),(7677,3632),(9174,6569),(9918,4132),(4624,5810),(6780,270),(3042,5251),(7419,635),(6398,4751),(9175,3863),(5726,2931),(7067,3709),(4106,4950),(1553,6962),(6750,7612),(1122,2055),(11191,5494),(11975,5305)
239,(9172,3516),(3540,6954),(11925,1618),(11075,1132),(3870,528),(8994,6313),(2153,384),(14100,6840),(5510,1973),(475,2308),(7562,3622),(9167,6885),(10458,5238),(4598,5745),(7097,270),(3042,5504),(7425,487),(6390,4433),(9177,3991),(5412,2942),(6990,4016),(4117,4739),(1568,6960),(6750,7928),(1438,2033),(11161,5362),(11658,5293)
End