16,0.904343662,0.020467328	
0,(8057,283),(5839,4860),(9165,5461),(4312,2925),(7264,2904),(4050,5202),(1428,5821),(7380,6923),(2023,2900),(11368,7166),(13388,5456),(9198,1698),(3714,7110),(3879,549),(12084,191),(11746,2147)
1,(7908,280),(5987,4860),(9167,5609),(4164,2918),(7452,2988),(4111,4854),(1577,5827),(7380,6774),(2171,2902),(11220,7168),(13477,5576),(9198,1847),(3864,7110),(3820,412),(12234,186),(11597,2151)
2,(7487,271),(5634,4860),(9175,6029),(4282,3139),(7110,3263),(4132,4434),(1386,5820),(7380,6354),(2592,2908),(10800,7174),(13728,5913),(9198,2268),(4284,7110),(3941,693),(12654,172),(11334,2282)
3,(7667,275),(6120,4860),(9162,5256),(4458,3206),(6914,3471),(4274,4259),(1195,5691),(7181,6269),(2880,2912),(10512,7178),(13900,6144),(9198,2123),(4572,7110),(3999,975),(12942,162),(11494,2451)
4,(8006,282),(5781,4860),(8841,6309),(4452,3214),(6630,3650),(4050,5202),(1117,5361),(6844,6278),(3046,2914),(10305,7303),(14102,6415),(9198,1785),(4378,7110),(4055,1308),(12639,172),(11832,2461)
5,(8297,285),(5626,5003),(8549,6301),(4288,3139),(6735,3598),(4629,4645),(1207,5197),(6912,6276),(2754,2910),(10327,7595),(14276,6649),(9198,1494),(4086,7110),(4280,1356),(12348,182),(12124,2460)
6,(8637,260),(5492,5213),(8745,6306),(4108,3322),(6998,3387),(4647,4772),(1224,5814),(7251,6267),(2413,2906),(10310,7365),(14356,6757),(9082,1174),(3746,7110),(4617,1310),(12008,193),(12463,2449)
7,(8496,270),(5634,4860),(9108,6316),(4120,3014),(7118,3070),(4597,4412),(1185,5197),(7614,6269),(2050,2901),(10474,7179),(14139,6466),(8958,833),(3512,7237),(4977,1261),(11644,202),(12827,2437)
8,(8262,384),(5087,5192),(9174,6578),(3873,2943),(7028,2873),(4050,5202),(1131,5422),(7946,6277),(1720,2908),(10805,7174),(13942,6200),(8845,521),(3520,7568),(4666,1303),(11313,208),(13063,2339)
9,(8262,655),(4817,5184),(9168,6848),(3603,2972),(7452,2988),(4140,4214),(1193,5686),(8216,6286),(1450,2936),(11076,7171),(13780,5982),(8753,267),(3526,7839),(4398,1340),(11042,212),(13031,2088)
10,(8262,988),(4942,5172),(9162,7110),(3640,2968),(6435,2936),(4140,3881),(1251,6014),(8474,6371),(1119,2972),(11410,7166),(13581,5715),(8855,550),(3521,7631),(3960,738),(10907,374),(12698,2105)
11,(8129,1322),(5243,4825),(9172,6650),(4097,2916),(7452,2988),(4140,4066),(1312,6469),(8271,6623),(662,3020),(11506,6876),(13307,5347),(9012,981),(3511,7172),(3992,932),(11006,822),(12239,2127)
12,(7911,1337),(5418,4697),(9177,6433),(4315,2925),(6193,2944),(4050,5202),(1286,6274),(8145,6610),(814,3004),(11456,6664),(13121,5328),(9086,1186),(3354,7110),(3981,738),(11054,1035),(12021,2138)
13,(7589,1358),(5583,4456),(9387,6312),(4508,3053),(7452,2988),(4123,4606),(1243,5955),(8460,6635),(1134,2970),(11383,6350),(13239,5298),(9196,1489),(3032,7110),(4302,738),(11123,1349),(12203,2129)
14,(7424,1172),(5564,4588),(9722,6302),(4539,2934),(6633,2741),(4107,4941),(1179,5626),(7380,7128),(1467,2935),(11309,6023),(13186,5311),(9085,1183),(2697,7110),(4637,738),(11196,1676),(12538,2113)
15,(7411,1366),(5279,4784),(9839,6036),(4602,2668),(6958,2689),(4131,5222),(1099,5283),(8126,6282),(1818,2898),(11232,5679),(13096,5334),(8965,852),(2487,7248),(4990,738),(11272,2020),(12890,2095)
16,(7079,1356),(5213,5014),(9815,6246),(4590,2336),(6866,2666),(4063,5321),(1031,4958),(7380,7128),(1881,3224),(11160,5355),(13112,5330),(8852,540),(2494,7579),(5321,738),(11262,1975),(13059,2259)
17,(6757,1341),(5470,4909),(9542,6307),(4590,2486),(6821,2780),(4098,5642),(966,4642),(8078,6927),(1943,3540),(11194,5507),(13230,5300),(8733,253),(3510,7110),(5644,738),(11193,1661),(12915,2434)
18,(6671,1140),(5634,4860),(9211,6317),(4687,2736),(7111,2840),(4363,5570),(904,4356),(7953,7143),(1917,3407),(11266,5829),(13190,5310),(8403,277),(2832,7902),(5689,738),(11121,1338),(12586,2445)
19,(6752,816),(4995,4900),(9174,6016),(4518,2934),(6784,2772),(4332,5584),(975,4683),(7618,7134),(1853,3078),(11339,6155),(13418,5497),(8453,273),(3166,7902),(5355,738),(11049,1012),(12251,2456)
20,(6695,1047),(5000,5108),(9168,5654),(4659,2736),(6746,2893),(4104,5799),(1047,5038),(7256,7131),(1789,2722),(11420,6509),(13635,5787),(8681,256),(3510,7110),(4993,738),(10970,659),(11889,2463)
21,(6587,1343),(5161,5196),(9163,5323),(4545,2934),(7452,2988),(4197,6095),(1244,5195),(6925,7140),(1735,2395),(11496,6831),(13832,6053),(8350,281),(3858,7917),(4662,738),(10898,336),(11558,2453)
22,(6483,1375),(5463,5211),(9162,5020),(4242,2922),(6602,2940),(4488,6183),(1224,5814),(6622,7137),(1687,2096),(11565,7126),(14013,6296),(8475,272),(4161,7930),(4359,738),(11051,212),(11346,2331)
23,(6830,1346),(5817,5220),(9162,4666),(4518,2934),(6949,2897),(4207,6098),(1564,4830),(6690,7142),(1401,2035),(11607,7478),(14225,6580),(8667,257),(4515,7946),(4006,738),(11406,206),(11139,2228)
24,(6893,1072),(6140,5220),(9162,4980),(4426,2930),(7252,2899),(4050,5202),(1553,5068),(6744,6883),(1080,2059),(11641,7798),(14417,6839),(8345,281),(4705,7835),(3684,757),(11727,200),(10842,2353)
25,(7434,270),(6263,5220),(9097,5253),(4480,3176),(7448,2865),(3555,5997),(1772,5177),(6737,6541),(740,2083),(11650,7881),(14214,6567),(8518,269),(4676,7495),(3344,781),(11880,387),(10528,2485)
26,(6688,451),(5947,5220),(8781,5242),(4252,3348),(7439,2550),(3241,5970),(2087,5169),(6733,6336),(433,2111),(11616,7568),(14026,6314),(8663,258),(4650,7181),(3030,803),(11880,198),(10237,2607)
27,(6786,270),(5634,4860),(8449,5231),(4287,3348),(7438,2534),(3281,5973),(1972,5172),(6740,6669),(503,2436),(11581,7237),(13828,6047),(8331,282),(4608,6852),(2698,827),(11896,1033),(10444,2520)
28,(7119,270),(5632,4888),(9162,5256),(4620,3331),(7448,2865),(3612,6002),(1640,5181),(6746,7000),(573,2761),(11830,7137),(13630,5781),(8523,268),(4563,6523),(2367,850),(11913,1365),(10750,2392)
29,(7433,288),(5619,4809),(7783,5237),(4629,3020),(7326,3160),(3657,5802),(1789,5177),(6939,7140),(616,2960),(12162,7102),(13430,5513),(8785,354),(3510,7110),(2321,853),(11929,1699),(11058,2262)
30,(7419,638),(5651,4500),(9162,5256),(4889,2923),(7399,2935),(3549,5469),(2139,5167),(7288,7130),(542,2618),(12511,7066),(13310,5351),(8904,683),(4565,6538),(2670,829),(11947,2049),(11387,2157)
31,(7428,415),(5764,4364),(7819,5235),(4518,2934),(7081,2721),(3518,5374),(2261,5171),(7675,7135),(461,2240),(12895,7026),(13540,5661),(9035,1046),(4618,6921),(3056,801),(11937,1849),(11774,2146)
32,(7306,270),(5589,4574),(8093,5221),(4785,2927),(7452,2988),(3602,5634),(2161,4960),(7947,7142),(566,2096),(13166,6998),(13703,5880),(9128,1303),(4726,7110),(3328,782),(11923,1576),(11856,2144)
33,(6908,270),(5480,4594),(8489,5232),(4636,3172),(7640,2940),(4050,5202),(2363,5181),(8082,6865),(962,2067),(13042,7011),(13940,6198),(9198,1687),(4920,7110),(3724,754),(11903,1179),(11459,2155)
34,(6648,270),(5610,4779),(8749,5241),(4541,3336),(7893,2912),(3923,5842),(2230,5020),(7380,7128),(1222,2048),(12783,7037),(14096,6407),(9198,1948),(4660,7110),(3936,739),(11890,919),(11329,2261)
35,(6738,642),(5830,4621),(9141,5255),(4150,3348),(8118,2786),(4086,5533),(2367,5157),(8050,6280),(1613,2020),(12393,7078),(14330,6722),(9198,1494),(4675,7484),(3544,767),(12054,699),(11575,2454)
36,(6983,744),(5730,4743),(9474,5272),(4130,3634),(8399,2716),(4050,5202),(2184,4974),(7716,6272),(1717,2284),(12062,7113),(14306,6690),(8865,2346),(4704,7816),(3212,790),(12387,693),(11909,2464)
37,(7320,725),(5819,4860),(9812,5290),(4119,3517),(8735,2694),(3713,5223),(2182,5082),(7380,7128),(1772,2617),(11727,7148),(14105,6420),(8527,2352),(4519,7947),(2876,814),(12723,688),(12246,2456)
38,(7244,729),(6086,4860),(9614,5279),(4008,3341),(9001,2676),(3447,5236),(2181,5080),(7380,6530),(1815,2880),(11548,7054),(13946,6206),(9198,1494),(4253,7934),(2611,833),(12965,684),(12511,2448)
39,(6838,752),(6399,4943),(9207,5258),(3602,3330),(9176,2690),(4050,5202),(1875,5174),(7380,6936),(1755,2514),(11455,6659),(13704,5881),(8667,2350),(3847,7916),(2205,862),(12559,690),(12917,2434)
40,(6846,947),(5634,4860),(9165,5486),(3325,3346),(8930,2680),(2765,5204),(1598,5182),(7392,7212),(1710,2241),(11392,6389),(13538,5658),(8945,2344),(3570,7903),(2426,846),(12283,695),(13061,2302)
41,(7130,1086),(5634,4860),(9172,5847),(3658,3330),(8570,2705),(2404,5184),(1562,4874),(7447,7569),(1541,2025),(11312,6036),(13323,5369),(9191,2448),(3209,7902),(2786,820),(11921,701),(12904,2095)
42,(7250,1098),(6390,4406),(9179,6300),(3815,3073),(7452,2988),(2836,5208),(1199,4765),(7387,7174),(1089,2058),(11213,5594),(13479,5578),(9193,2426),(2757,7902),(3238,789),(11880,290),(12451,2117)
43,(7046,1077),(6390,4202),(9176,6129),(3809,3034),(7990,2628),(4050,5202),(994,4752),(7538,7132),(884,2073),(11168,5394),(13601,5742),(9191,2457),(2551,7902),(3443,774),(11768,199),(12246,2127)
44,(6884,1206),(6570,4063),(9171,5832),(4518,2934),(7752,2674),(3042,5497),(1282,4770),(7835,7139),(587,2094),(11180,5444),(13779,5982),(9185,2571),(2496,7653),(3740,753),(11470,205),(11951,2139)
45,(7130,1357),(5634,4860),(9165,5433),(3958,3337),(7649,2938),(3162,5225),(1452,4780),(8233,7146),(673,2088),(11267,5833),(14017,6301),(9032,2343),(2487,7256),(4137,738),(11072,212),(11931,1741)
46,(7443,1367),(6078,4054),(9162,5121),(3822,3125),(7461,3095),(4050,5202),(1140,4761),(8546,7146),(984,2065),(11335,6138),(14203,6551),(8719,2349),(2318,7094),(4449,738),(10760,217),(11916,1429)
47,(7801,1344),(6019,4143),(9162,4763),(3980,2930),(7491,3453),(3832,5215),(945,4548),(8905,7146),(1342,2039),(11337,6147),(13266,5292),(8360,2356),(2251,7087),(4808,738),(10401,223),(11898,1070)
48,(8133,1322),(6007,4238),(9192,4432),(3897,2940),(7473,3781),(3936,5209),(1015,4316),(9086,7146),(1818,2898),(11265,5822),(14219,6573),(8495,2353),(2582,7110),(5140,738),(10068,229),(11881,738)
49,(8270,1451),(6106,4057),(9184,4166),(3821,3117),(7293,3874),(3669,5225),(1224,5814),(8820,7146),(1407,2035),(11206,5562),(14060,6359),(8761,2348),(2850,7110),(5407,738),(9802,234),(11880,472)
50,(8293,1835),(6397,3986),(9483,4062),(4021,3342),(7129,3861),(3285,5230),(1224,5814),(8435,7146),(1024,2063),(11161,5360),(13830,6051),(9145,2341),(3234,7110),(5791,738),(9418,240),(11880,308)
51,(8282,1658),(6240,3939),(9805,4037),(4344,3348),(7452,2988),(3121,5223),(1217,4277),(8112,7146),(702,2086),(11232,5676),(13638,5791),(9198,2068),(3519,7063),(5549,738),(9095,246),(11880,631)
52,(7434,270),(6125,3999),(9614,4052),(4507,3059),(7797,3888),(3466,5237),(998,4319),(8094,7440),(505,2100),(11307,6013),(13432,5515),(9198,1723),(3585,6725),(5204,738),(8750,251),(11893,975)
53,(8262,1036),(6372,3870),(9337,4073),(4627,2977),(8074,3888),(3743,5221),(1075,4304),(8068,7662),(783,2080),(11368,6284),(13266,5292),(9181,1448),(3639,6452),(4926,738),(9023,247),(11907,1253)
54,(8262,684),(6390,4164),(9191,4280),(4518,2934),(8205,3888),(4054,5246),(1134,4293),(7717,7624),(1134,2055),(11306,6007),(13476,5574),(9061,1117),(3707,6107),(4573,738),(9375,241),(11925,1605)
55,(8262,300),(6390,4547),(9162,5256),(4942,3251),(7820,3888),(4097,5629),(1043,4310),(7568,7608),(1517,2027),(11222,5632),(13705,5882),(8930,756),(3670,6293),(4189,738),(9759,234),(11944,1989)
56,(8010,282),(6403,4811),(8898,4662),(4518,2934),(7557,3888),(3948,5821),(1252,4270),(7831,7637),(1567,2023),(11164,5374),(13863,6094),(8840,508),(3619,6552),(3946,706),(10024,230),(12062,2136)
57,(7652,274),(6390,4550),(8539,4662),(4932,3345),(7501,3639),(3788,6032),(1224,5814),(8110,7598),(1210,2049),(11197,5523),(14076,6381),(8776,331),(3550,6903),(3805,377),(10382,224),(12420,2118)
58,(7427,425),(6390,4176),(8166,4662),(5150,3191),(7708,3329),(4050,5202),(1268,4267),(8072,7225),(837,2076),(11279,5888),(14300,6681),(8904,683),(3346,7110),(3937,686),(10755,217),(12794,2100)
59,(7434,270),(6592,4060),(8291,4662),(5165,2898),(7818,3174),(4104,5795),(998,4319),(8078,6932),(543,2097),(11344,6175),(14360,6762),(9004,959),(3051,7110),(3999,973),(10910,389),(13012,2089)
60,(7416,1046),(6649,3891),(8619,4662),(5157,2571),(7629,3442),(3937,5830),(948,4560),(7380,7128),(646,2090),(11336,6141),(14164,6499),(9115,1267),(2724,7110),(4053,1296),(10981,709),(12685,2105)
61,(7416,823),(5634,4860),(8981,4662),(5149,2208),(7652,3630),(3699,5932),(1155,4762),(8075,6967),(1007,2064),(11257,5787),(13948,6209),(9198,1615),(2486,7231),(4075,1657),(11060,1062),(12323,2123)
62,(7146,734),(6545,3852),(9187,4472),(4861,2109),(7974,3570),(3584,5577),(1527,4785),(8257,7146),(1378,2037),(11175,5424),(13726,5910),(9198,1987),(2495,7603),(4084,2028),(11140,1425),(11952,2142)
63,(6851,751),(6441,3852),(9412,4406),(4565,2094),(8259,3653),(3492,5296),(1309,4771),(8552,7146),(1818,2898),(11173,5412),(13549,5673),(9198,2282),(2501,7899),(4079,1814),(11205,1714),(12247,2127)
64,(7004,742),(6590,3852),(9732,4427),(4245,2078),(8298,3812),(3554,5484),(1224,5814),(8873,7146),(1354,2039),(11243,5725),(13358,5416),(9183,2603),(2494,7585),(4070,1495),(11274,2027),(12567,2111)
65,(7320,725),(6540,3852),(10006,4485),(4240,2077),(8116,3611),(3651,5784),(1051,5061),(9135,7146),(1040,2061),(11312,6032),(13110,5330),(9198,1494),(2487,7270),(4073,1592),(11265,1985),(12882,2096)
66,(7425,492),(6419,3852),(9991,4809),(4564,2094),(7811,3546),(3790,5956),(1044,5024),(8811,7146),(717,2085),(11383,6349),(13227,5301),(9198,1494),(2320,7094),(4081,1916),(11194,1668),(12894,2095)
67,(7549,272),(6550,3852),(9976,5146),(4901,2111),(7510,3618),(4046,5736),(1049,4755),(8474,7146),(482,2102),(11460,6677),(13200,5308),(9198,2002),(2179,6976),(3960,738),(11121,1339),(12557,2112)
68,(7924,280),(5634,4860),(9846,5427),(5150,2253),(7474,3248),(4378,5563),(1425,4779),(8099,7146),(857,2075),(11545,7044),(13134,5324),(9198,1626),(2131,7040),(4498,2250),(11040,972),(12181,2130)
69,(8236,287),(6658,3940),(9846,5739),(5157,2564),(7450,2937),(4666,5442),(1395,4777),(8092,7421),(1169,2052),(11594,7352),(13093,5335),(9137,1325),(3510,7110),(4370,2250),(10972,668),(11947,2060)
70,(8262,554),(5634,4860),(9899,5968),(5164,2855),(7441,2646),(4916,5320),(1104,4759),(8118,7711),(1459,2031),(11624,7641),(13242,5297),(9037,1052),(2118,7057),(4113,2207),(10909,383),(11933,1769)
71,(8262,898),(6667,3993),(9162,5256),(5151,3200),(7508,2367),(4870,5363),(941,4526),(8035,7971),(1694,2144),(11661,7985),(13193,5310),(8920,727),(2210,6934),(4080,1865),(11045,212),(11916,1424)
72,(8262,1296),(6666,3988),(9847,5975),(5166,3597),(7733,2176),(4050,5202),(943,4537),(7637,7961),(1758,2536),(11624,7639),(13147,5321),(8785,354),(2239,6895),(4070,1467),(11441,205),(11896,1027)
73,(8278,1581),(6455,4077),(9846,5691),(5062,3776),(7452,2988),(4766,5403),(1003,4817),(7352,7956),(1805,2818),(11594,7355),(13106,5331),(8808,418),(2124,7049),(4270,1358),(11727,200),(11881,741)
74,(8297,1901),(6390,3861),(9846,5371),(4741,3765),(7734,2210),(4050,5202),(1066,5132),(7032,7956),(1579,2923),(11701,7150),(13227,5301),(8917,719),(2256,6873),(4587,1314),(12047,192),(11880,422)
75,(7902,1895),(6033,4048),(10163,5248),(4339,3751),(8012,2349),(4690,5433),(1155,5524),(6870,7956),(1179,2965),(12101,7109),(13264,5292),(9054,1097),(2256,7088),(3960,738),(12450,178),(11880,376)
76,(7652,1894),(6275,4074),(10413,5239),(4189,3745),(7452,2988),(4458,5527),(1213,5768),(7119,7956),(930,2992),(12349,7083),(13075,5339),(9139,1332),(2505,7110),(4738,1294),(12699,170),(11880,625)
77,(7638,1895),(6117,4058),(10800,5256),(4578,3759),(8292,1970),(4050,5202),(1269,6151),(7508,7958),(611,2939),(12735,7042),(13079,5338),(9198,1709),(2894,7110),(4353,1346),(12964,289),(11880,390)
78,(7927,1896),(6006,4248),(11088,5271),(4866,3769),(8280,2132),(4072,5401),(1308,6437),(7795,7965),(551,2658),(13022,7013),(13230,5300),(9198,1997),(3182,7110),(3960,738),(12974,578),(11880,293)
79,(8249,1906),(5891,4544),(10873,5259),(5188,3780),(8166,2354),(4168,5231),(1363,6755),(7380,7128),(483,2343),(13261,6988),(13182,5312),(9198,2320),(3504,7110),(4014,1067),(12989,899),(11880,615)
80,(8280,1623),(6005,4258),(10539,5242),(5522,3780),(7832,2343),(4124,5058),(1449,7075),(8115,7640),(451,2194),(12928,7022),(13075,5339),(8884,2346),(3517,7438),(3960,738),(13006,1233),(11880,454)
81,(8172,1319),(5902,3970),(10138,5249),(5580,3438),(7452,2988),(4401,5216),(1530,7467),(8073,7241),(535,2586),(12531,7064),(13067,5341),(8483,2353),(3526,7838),(3560,766),(13026,1633),(11880,341)
82,(7856,1341),(6034,3775),(9978,5107),(5580,3502),(7446,2060),(4050,5202),(1654,7555),(7843,7140),(602,2894),(12216,7097),(13192,5310),(8355,2356),(3779,7913),(3245,788),(13042,1949),(11880,657)
83,(7488,1365),(5966,3799),(9994,4739),(5489,3780),(7452,1692),(4349,5221),(1906,7286),(7476,7130),(580,2793),(11850,7135),(13266,5292),(8723,2349),(4147,7930),(2878,814),(13038,1859),(11896,1025)
84,(7452,1608),(5910,4003),(10007,4461),(5212,3780),(7452,1413),(4150,5123),(2097,7083),(7407,7308),(521,2521),(11574,7164),(13104,5332),(9001,2343),(4425,7942),(2601,834),(13024,1581),(11910,1303)
85,(7448,1997),(5864,4199),(9635,4421),(5166,3438),(7452,1709),(4116,4744),(1849,7347),(7437,7691),(439,2142),(11185,7169),(13266,5292),(9198,2148),(4707,7859),(2213,861),(13004,1193),(11929,1691)
86,(7438,2264),(5814,4050),(9368,4403),(5007,3342),(7452,1839),(4130,4477),(1666,7542),(7380,7128),(480,2330),(10919,7173),(13222,5302),(9198,1881),(4685,7593),(2408,847),(12990,926),(11942,1958)
87,(7443,2124),(5594,3887),(9186,4200),(4518,2934),(7452,1475),(4140,4114),(1524,7437),(7451,7596),(557,2685),(10555,7178),(13230,5300),(9198,1517),(4654,7231),(2770,822),(12973,564),(11773,2146)
88,(7449,1979),(5603,3958),(9176,3911),(4518,2934),(7426,1189),(4140,3825),(1470,7154),(7409,7879),(617,2967),(10324,7181),(13079,5338),(9198,1758),(4621,6945),(3058,801),(12963,276),(11485,2154)
89,(7436,2306),(5602,4286),(9170,3652),(4642,3290),(7452,2988),(4117,3498),(1721,7084),(7435,7707),(573,2760),(10651,7176),(13133,5325),(9198,2086),(4576,6620),(3385,778),(12746,169),(11451,2155)
90,(7445,2088),(5322,4296),(9178,4007),(4518,2934),(7430,1217),(4122,3552),(2078,7074),(7415,7355),(498,2412),(11008,7171),(13219,5303),(9192,2441),(4528,6267),(3740,753),(12389,181),(11806,2146)
91,(7583,1899),(5012,4301),(9174,3850),(4312,2925),(7429,1208),(4129,3623),(1821,7081),(7296,7130),(1818,2898),(11320,7167),(13185,5312),(9185,2573),(4290,6123),(3975,829),(12076,191),(12119,2133)
92,(7930,1896),(5054,4572),(9172,3732),(4126,3052),(7452,2988),(4110,3418),(1473,7091),(6949,7140),(505,2445),(11583,7257),(13090,5335),(9083,2342),(4107,5880),(4032,1172),(12030,192),(12466,2116)
93,(8256,1906),(5311,4572),(9179,4058),(4108,3320),(7426,1187),(4050,5202),(1370,6796),(6750,7271),(573,2763),(11618,7582),(13123,5327),(8758,2348),(3902,6052),(4070,1495),(12356,182),(12792,2100)
94,(8014,1899),(5634,4860),(9173,3788),(4117,2998),(7452,1510),(4110,3419),(1313,6476),(6750,7596),(617,2966),(11652,7905),(13239,5298),(8432,2354),(4104,5815),(4079,1821),(12681,171),(13053,2155)
95,(7655,1894),(5204,4763),(9174,3805),(4104,2640),(7452,1869),(4130,3634),(1265,6120),(7380,7128),(541,2615),(11637,7757),(13209,5306),(8450,2354),(4104,5817),(4083,1960),(12962,242),(13063,2345)
96,(7447,2013),(5053,4710),(9179,4058),(3952,2488),(7452,2988),(4122,3546),(1224,5814),(6750,7647),(476,2314),(11604,7450),(13077,5339),(8758,2348),(3967,5804),(4075,1652),(12973,549),(13000,2090)
97,(7434,270),(4996,4407),(9171,3695),(3589,2498),(7736,2253),(4118,3511),(1585,5827),(6750,7284),(463,2252),(11499,7165),(13101,5333),(9120,2341),(3768,6026),(4052,1290),(12970,454),(12637,2108)
98,(7434,270),(4644,4348),(9178,4008),(3791,2492),(7724,1958),(4375,3752),(1692,5828),(6743,6817),(562,2710),(11031,7171),(13078,5338),(8807,2347),(3553,5997),(3974,827),(12966,337),(12169,2131)
99,(7452,1690),(4751,4334),(9176,3945),(4008,2486),(7871,1894),(4593,3760),(1905,5851),(6738,6598),(608,2923),(10812,7174),(13233,5300),(8589,2351),(3336,5978),(4087,738),(12973,555),(11952,2142)
100,(7452,1373),(5067,4298),(9170,3628),(4104,2706),(8188,1904),(4377,3752),(2221,5879),(7380,7128),(842,3001),(10495,7179),(13110,5330),(8272,2357),(3171,5964),(4403,738),(12789,687),(11635,2150)
101,(7777,1346),(5390,4323),(9176,3938),(4104,2579),(8280,2128),(4233,3747),(2550,5909),(6407,6217),(1172,2966),(10426,7180),(13099,5333),(8583,2351),(3501,5992),(4734,738),(12459,692),(11952,2142)
102,(8180,1319),(5609,4166),(9435,4066),(4411,2495),(8275,2185),(4636,3761),(2952,5945),(7380,7128),(1573,2923),(10829,7174),(13139,5323),(8985,2344),(3691,6186),(5138,738),(12055,699),(10932,2315)
103,(8262,1150),(5528,4064),(9680,4047),(4657,2510),(8295,1939),(4406,3753),(2994,5948),(6490,6233),(1818,2898),(11076,7171),(13199,5308),(9196,2373),(3644,6428),(5384,738),(11950,700),(10705,2411)
104,(8262,801),(5876,4050),(9735,4043),(4518,2934),(7981,1898),(4223,3746),(2646,5917),(6595,6254),(1884,3240),(11424,7166),(13107,5331),(9183,2605),(3576,6770),(5732,738),(12299,695),(10383,2546)
105,(8262,454),(5850,4236),(9390,4069),(5054,2899),(7634,1895),(4568,3759),(2301,5886),(6938,6276),(1951,3580),(11769,7143),(13087,5336),(9198,2259),(3510,7110),(5585,738),(12645,689),(10311,2576)
106,(8103,284),(5795,4050),(9293,4077),(4518,2934),(7446,2050),(4394,3753),(1977,5857),(7263,6267),(1910,3371),(12093,7109),(13203,5307),(9198,1934),(3834,7110),(5259,738),(12970,684),(10611,2450)
107,(7795,277),(5743,4050),(9600,4053),(4518,2934),(7434,2357),(4194,3745),(1696,5811),(7390,6072),(1851,3068),(12399,7077),(13195,5309),(9198,1626),(4143,7110),(4952,738),(12993,983),(10895,2331)
108,(7434,270),(5877,3870),(9802,4038),(5004,2557),(7091,2344),(4555,3758),(1926,5630),(7409,5710),(1787,2712),(12759,7040),(13116,5329),(9119,1277),(4504,7110),(4589,738),(13011,1345),(11229,2191)
109,(7071,270),(5634,4860),(9441,4065),(4645,2509),(6840,2211),(4369,3752),(2287,5590),(7429,5348),(1729,2354),(13119,7002),(13063,5342),(8996,937),(4662,7332),(4227,738),(13030,1707),(11372,2433)
110,(6809,270),(5926,3813),(9162,5256),(4384,2494),(6840,1949),(4140,3775),(2547,5562),(7424,5424),(1687,2096),(13223,6992),(13240,5298),(8907,691),(4685,7593),(3965,738),(13043,1969),(11315,2207)
111,(6584,278),(6153,3733),(9542,4058),(4110,2400),(6840,1870),(4140,4140),(2909,5522),(7405,5788),(1719,2295),(12861,7029),(13213,5305),(8783,348),(3510,7110),(3818,408),(13037,1843),(11618,2151)
112,(6367,288),(5880,3829),(9875,4032),(3939,2250),(6840,2203),(4140,4094),(2843,5529),(7387,6121),(1773,2624),(12530,7064),(13105,5332),(8826,468),(4687,7624),(3908,617),(13020,1510),(11952,2142)
113,(6030,288),(5634,4860),(9552,4057),(3602,2250),(6851,2540),(4140,3758),(2507,5566),(7186,6269),(1808,2838),(12194,7099),(13098,5333),(8941,785),(4659,7288),(4166,738),(13003,1173),(11935,1805)
114,(5832,413),(5634,4860),(9229,4082),(3460,2445),(6847,2463),(4140,4054),(2185,5601),(6862,6278),(1756,2518),(11872,7132),(13215,5304),(9051,1089),(4498,7110),(4490,738),(12986,849),(11918,1481)
115,(5832,736),(5634,4860),(9453,4064),(3188,2502),(7021,2338),(4140,4190),(1863,5637),(6736,6475),(1703,2198),(11568,7140),(13199,5308),(9161,1394),(4175,7110),(4813,738),(12972,526),(11902,1157)
116,(5832,414),(5634,4860),(9776,4040),(3364,2502),(7344,2367),(4140,3865),(1915,5631),(6742,6799),(1696,2153),(11494,6824),(13083,5337),(9123,1289),(3851,7110),(5138,738),(12961,201),(11886,833)
117,(6035,288),(5634,4860),(9658,4049),(3456,2740),(7441,2616),(4140,3951),(2243,5595),(6749,7130),(1749,2479),(11419,6503),(13127,5326),(9011,978),(3521,7110),(5468,738),(12670,171),(11889,899)
118,(6366,288),(6324,3895),(9327,4074),(3456,2543),(7450,2948),(4050,5202),(2573,5559),(7065,7136),(1803,2807),(11408,6456),(13236,5299),(8898,666),(3571,6795),(5800,738),(12338,182),(11906,1231)
119,(6577,546),(6124,4000),(9195,4352),(3594,2250),(7429,2965),(4140,3870),(2985,5514),(7380,7028),(1766,2579),(11502,6859),(13266,5292),(8757,277),(3651,6388),(5449,738),(11923,196),(11927,1645)
120,(6594,811),(5983,4050),(9166,4626),(3869,2250),(7452,2988),(4140,3894),(2824,5531),(7380,6751),(1721,2307),(11565,7128),(13102,5332),(8499,270),(3705,6117),(5173,738),(11647,202),(11940,1921)
121,(6463,1140),(5634,4860),(9162,4980),(4114,2352),(7149,3503),(4140,4248),(2472,5570),(7380,6398),(1683,2074),(11501,6854),(13085,5337),(8377,279),(3480,5990),(4819,738),(11294,208),(12084,2135)
122,(6490,1070),(5793,4666),(9067,5252),(4104,2723),(7020,3851),(4461,4300),(2103,5610),(7616,6269),(1743,2440),(11416,6492),(13156,5319),(9198,1494),(3110,5959),(4449,738),(10922,215),(12455,2117)
123,(6583,838),(5634,4860),(8816,5244),(4161,2918),(7098,3615),(4605,4465),(1854,5638),(7867,6275),(1783,2687),(11392,6387),(13187,5311),(8498,270),(3330,5978),(4199,738),(10672,219),(12705,2104)
124,(6568,507),(5853,4593),(8471,5232),(4506,2933),(7248,3304),(4652,4807),(1657,5830),(8024,6279),(1686,2911),(11470,6723),(13090,5335),(8369,280),(3674,6007),(3918,640),(10328,225),(11952,2142)
125,(6422,288),(5973,4392),(8154,5221),(4518,2934),(7417,3035),(4908,4891),(1338,5818),(7705,6271),(1370,2945),(11543,7033),(13131,5325),(8687,256),(3674,6273),(3803,371),(10010,230),(13066,2405)
126,(6056,288),(5769,4695),(8096,4890),(4600,2634),(7750,2913),(4697,4879),(1257,6062),(7382,6224),(1006,2984),(11804,7139),(13207,5306),(8443,274),(3604,6632),(3947,708),(9643,236),(11952,2142)
127,(5949,288),(5598,4735),(8089,4774),(4847,2736),(7452,2988),(4715,5181),(1303,6401),(7400,5882),(665,3020),(12145,7104),(13225,5302),(8421,276),(3537,6967),(3650,759),(9301,242),(13068,2430)
128,(6261,288),(5587,4429),(8109,5087),(4883,2736),(8053,2628),(4050,5202),(1282,6248),(7417,5569),(905,2994),(12456,7072),(13097,5334),(8734,253),(3542,6945),(3338,781),(8988,247),(13051,2116)
129,(6575,279),(5414,4454),(8106,5039),(4611,2775),(8118,2908),(4976,4895),(1240,5936),(7380,7128),(1218,2961),(12768,7039),(13128,5326),(8448,274),(3603,6637),(3025,804),(8820,250),(13064,2372)
130,(6928,270),(5455,4383),(8083,4685),(4821,2925),(7452,2988),(4978,4808),(1454,5822),(7415,5609),(1570,2924),(13120,7002),(13216,5304),(8428,275),(3671,6289),(2671,829),(9175,244),(12771,2439)
131,(7249,270),(5359,4216),(8378,4662),(5140,2929),(7501,2975),(5081,5021),(1773,5839),(7397,5929),(1747,2905),(13164,6998),(13194,5309),(9198,1494),(3754,5987),(2352,851),(9495,239),(12451,2450)
132,(7584,273),(5419,4156),(8713,4662),(5159,2625),(7476,3271),(5045,5189),(2107,5869),(7380,7128),(1414,2940),(12831,7033),(13088,5336),(8413,276),(4008,5769),(2337,852),(9829,233),(12115,2461)
133,(7932,280),(5448,4346),(9061,4662),(5151,2277),(7452,2988),(5195,5293),(2454,5900),(7380,6612),(1067,2977),(12485,7069),(13104,5332),(8457,273),(4104,5824),(2684,828),(10178,227),(11768,2459)
134,(8248,287),(5387,4578),(8946,4662),(5151,2288),(7620,3627),(5127,5373),(2770,5928),(7380,6928),(752,3011),(12169,7101),(13228,5301),(8722,253),(3510,7110),(3001,805),(10494,222),(11450,2450)
135,(8262,602),(5433,4688),(8619,4662),(5158,2615),(7487,3406),(5207,5279),(1224,5814),(7380,7000),(832,3002),(11844,7135),(13190,5310),(8395,278),(4104,5834),(3327,782),(10821,216),(11314,2202)
136,(8262,928),(5143,4742),(8293,4662),(5165,2941),(7460,3081),(4966,5486),(2771,5928),(7380,6674),(1157,2968),(11520,7164),(13075,5339),(8453,273),(3510,7110),(3652,759),(10596,220),(11043,2269)
137,(7434,270),(5156,4746),(8256,4662),(5165,3326),(7184,2869),(4602,5616),(2386,5894),(7380,6288),(1541,2927),(11133,7170),(13081,5338),(8657,258),(4042,6076),(3972,815),(10209,227),(10687,2418)
138,(7984,1332),(5177,4908),(8534,4662),(4936,3306),(6916,2799),(4766,5557),(2109,5869),(7393,6010),(1818,2898),(10856,7174),(13242,5297),(8379,279),(3979,5982),(4018,1089),(9931,231),(10431,2525)
139,(7565,1360),(4970,4712),(8953,4662),(5067,3337),(6762,2936),(5079,5562),(1224,5814),(7416,5591),(1401,2942),(10436,7180),(13265,5292),(8562,265),(3919,6036),(4185,1369),(9512,239),(10330,2568)
140,(7317,1363),(5634,4860),(9167,4621),(5149,3179),(6535,2935),(5059,5460),(1443,5822),(7429,5342),(1153,2968),(10404,7180),(13075,5339),(8685,256),(4039,5926),(4432,1335),(9264,243),(10560,2471)
141,(6944,1352),(4670,4926),(9339,4401),(5114,3171),(6733,2855),(4050,5202),(1188,5663),(7418,5541),(782,3007),(10776,7175),(13093,5335),(8312,284),(3893,6061),(4802,1285),(8890,249),(10904,2327)
142,(6854,1572),(4686,5187),(9630,4420),(5143,2930),(7452,2988),(4783,5551),(1121,5380),(7403,5832),(767,3009),(11067,7171),(13242,5297),(8501,270),(3834,6048),(4880,1274),(8896,249),(11173,2214)
143,(6861,1506),(4309,5226),(9162,5256),(4766,2928),(6256,2458),(4435,5695),(1275,5194),(7382,6210),(1143,2969),(11446,7165),(13225,5302),(8617,261),(4207,6098),(4506,1325),(9274,243),(11540,2153)
144,(7041,1355),(4400,5216),(9993,4769),(4511,3008),(6158,2150),(4148,5844),(1497,5185),(7110,6271),(1464,2935),(11594,7358),(13107,5331),(8294,285),(3510,7110),(4185,1369),(9596,237),(11863,2144)
145,(7359,1365),(5634,4860),(9979,5086),(4324,3141),(6218,1971),(4340,5744),(1181,5198),(6793,6280),(1780,2902),(11628,7673),(13116,5329),(8545,267),(4213,6100),(4264,1359),(9914,232),(11940,1914)
146,(7696,1351),(4658,4850),(9979,5087),(4293,3139),(6140,1765),(4590,5725),(1033,4969),(6461,6227),(1875,3192),(11574,7164),(13219,5303),(8613,261),(4118,5924),(4599,1313),(10252,226),(11923,1576)
147,(8048,1328),(4609,4500),(9995,4735),(4512,3004),(6264,2095),(4614,5612),(962,4623),(6628,6261),(1943,3538),(11626,7659),(13223,5302),(9198,1494),(3969,6071),(4948,1265),(10604,220),(11906,1224)
148,(8266,1389),(4732,4337),(9162,5256),(4497,3153),(6351,2367),(4887,5514),(900,4339),(6916,6276),(1925,3448),(11596,7371),(13073,5340),(8551,266),(3714,5975),(4736,1294),(10893,215),(11891,934)
149,(8292,1809),(4994,4448),(9588,4418),(4462,3201),(6713,2579),(5213,5272),(988,4747),(7335,6265),(1844,3035),(11525,6957),(13266,5292),(8525,268),(3584,5575),(4319,1351),(11313,208),(11889,888)
150,(8288,1753),(4994,4440),(9334,4401),(4309,3140),(6782,2619),(5305,5047),(1238,4767),(7590,6269),(1839,3010),(11467,6709),(13234,5299),(8271,287),(3505,5334),(3960,738),(11567,203),(11902,1142)
151,(8268,1425),(5193,4290),(9186,4201),(4113,3288),(6499,2454),(5571,4868),(1224,5814),(7918,6277),(1902,3332),(11392,6390),(13184,5312),(8579,264),(3544,5454),(4076,1713),(11895,197),(11918,1470)
152,(8262,1070),(5034,4300),(9194,4326),(3807,3330),(6295,2196),(5619,5153),(1210,4765),(7962,6278),(1952,3589),(11440,6592),(13098,5333),(8561,265),(3654,5793),(3960,738),(12252,185),(11936,1826)
153,(8262,753),(4721,4338),(9164,4641),(3492,3330),(6035,2202),(5628,4971),(1008,4845),(7646,6270),(1892,3279),(11512,6900),(13125,5327),(8277,286),(3640,6004),(4077,1753),(12568,175),(11952,2142)
154,(8262,390),(4819,4326),(9162,5003),(3459,3024),(6209,2310),(5411,4958),(1224,5814),(7380,6360),(1822,2922),(11481,7165),(13204,5307),(8640,259),(3278,5973),(4068,1391),(12931,162),(11588,2152)
155,(8063,283),(4996,4417),(9211,5258),(3457,3250),(6331,2576),(4050,5202),(1149,5495),(7380,6661),(1870,3169),(11180,7169),(13188,5311),(8555,266),(3213,5968),(4019,1093),(12687,171),(11319,2159)
156,(7736,276),(5158,4572),(9537,5275),(3194,3364),(6440,2660),(4947,5184),(1224,5814),(7380,6989),(1933,3490),(10853,7174),(13074,5339),(8294,285),(3539,5996),(3965,770),(12361,181),(11646,2150)
157,(7380,270),(5431,4425),(9893,5278),(3176,3272),(6406,2633),(4841,5184),(1580,5827),(7413,7343),(1921,3430),(10495,7179),(13110,5330),(8651,259),(3510,7110),(3636,760),(12004,193),(11949,2090)
158,(7026,270),(5577,4501),(10243,5245),(3132,2919),(7452,2988),(5110,4989),(1934,5853),(7550,7606),(1854,3082),(10450,7179),(13197,5309),(8491,270),(4238,6108),(3283,785),(11649,202),(11931,1736)
159,(6735,270),(5379,4577),(10381,5240),(3412,2978),(6224,2943),(5301,4771),(2224,5879),(7840,7637),(1801,2796),(10741,7175),(13185,5312),(8322,283),(3510,7110),(2993,806),(11359,207),(11917,1445)
160,(6712,543),(5004,4572),(10006,5254),(4518,2934),(5960,3077),(5580,4673),(2597,5913),(8118,7763),(1740,2425),(11116,7170),(13118,5328),(8697,255),(4518,6192),(2619,832),(10984,213),(11898,1070)
161,(6731,900),(5118,4572),(9642,5281),(3265,3186),(5915,3443),(5625,5034),(2965,5946),(8118,7815),(1681,2061),(11485,7165),(13054,5344),(8430,275),(3995,5967),(2250,858),(10927,466),(11952,2142)
162,(6636,1282),(5509,4599),(9248,5260),(3289,3186),(7452,2988),(5626,5012),(2834,5934),(7873,7641),(1327,2041),(11876,7132),(13104,5332),(8485,271),(4070,5899),(2497,841),(11013,850),(11880,308)
163,(6420,1394),(5696,4446),(8985,5249),(3182,3327),(5899,3572),(5603,4753),(2572,5911),(7611,7613),(1065,2060),(12138,7105),(13251,5295),(9198,1494),(4156,6079),(2759,822),(11070,1107),(11880,349)
164,(6074,1458),(5741,4392),(8633,5237),(3181,3318),(5942,3223),(5362,4574),(2222,5879),(7422,7406),(714,2085),(12488,7068),(13161,5318),(8396,278),(4491,6183),(3110,798),(11146,1451),(11952,2142)
165,(6146,1446),(5566,4602),(8361,5228),(3213,3186),(7452,2988),(5089,4572),(1950,5855),(7381,7135),(441,2105),(12759,7040),(13104,5332),(8399,277),(4282,6121),(3383,778),(11205,1717),(11880,429)
166,(6487,1373),(5603,4268),(8111,5114),(3384,3186),(5627,2922),(5002,4326),(1709,5743),(7721,7136),(770,2081),(13107,7004),(13196,5309),(9198,1494),(3939,6069),(3731,754),(11281,2058),(11880,316)
167,(6803,1344),(5602,3947),(8090,4793),(3154,3082),(5780,2935),(4710,4340),(1954,5627),(8042,7145),(1090,2058),(13177,6996),(13215,5304),(8427,275),(3510,7110),(3975,828),(11256,1948),(11880,637)
168,(6853,1588),(5598,3921),(8262,4662),(4518,2934),(5961,3067),(4414,4280),(2265,5593),(8354,7146),(1401,2035),(12867,7029),(13086,5336),(8407,277),(4457,6173),(4026,1137),(11189,1643),(11880,455)
169,(6857,1543),(5604,4245),(8587,4662),(4518,2934),(5922,3390),(4180,4276),(2588,5557),(8678,7146),(1622,2019),(12543,7062),(13128,5326),(8732,253),(4553,6451),(4140,1376),(11118,1326),(11880,266)
170,(6706,1337),(5634,4860),(8950,4662),(3129,2732),(5878,3751),(4525,4328),(2950,5518),(9042,7146),(1259,2046),(12181,7100),(13206,5306),(8400,277),(4603,6812),(4501,1326),(11039,970),(11880,630)
171,(6676,1120),(5658,4830),(9072,4662),(3118,2571),(5894,3618),(4621,4584),(2835,5530),(8981,7146),(959,2067),(11883,7131),(13185,5312),(8422,276),(3510,7110),(4798,1285),(10974,677),(11880,473)
172,(6760,785),(5877,4564),(8728,4662),(4518,2934),(5936,3275),(4670,4926),(2491,5568),(8635,7146),(615,2092),(11577,7197),(13088,5336),(8729,253),(4988,7110),(4831,1281),(10899,340),(11880,267)
173,(6881,1030),(6004,4268),(8402,4662),(3173,3240),(7452,2988),(4781,5184),(2167,5603),(8310,7146),(573,2095),(11612,7522),(13125,5327),(8403,277),(4729,7110),(4508,1325),(11070,212),(11880,592)
174,(7434,270),(6157,3983),(8125,4662),(3160,3128),(6339,2939),(4719,5184),(1805,5643),(8076,7263),(936,2069),(11650,7884),(13203,5307),(8483,271),(4364,7110),(4147,1375),(11434,205),(11880,446)
175,(6678,409),(6340,3887),(8484,4662),(4518,2934),(6516,2751),(4362,5220),(1594,5828),(8113,7620),(1293,2043),(11639,7779),(13244,5297),(8655,258),(4006,7110),(4022,1111),(11791,199),(11880,307)
176,(6673,391),(6100,4012),(8754,4662),(4518,2934),(6742,2728),(4095,5213),(1325,5817),(8095,7446),(1563,2024),(11610,7510),(13075,5339),(8385,278),(3736,7110),(3977,844),(12062,191),(11880,577)
177,(6759,723),(6291,4076),(9096,4662),(4518,2934),(6676,2557),(4080,5090),(1168,5579),(8066,7106),(1443,2032),(11574,7169),(13123,5327),(8479,271),(3395,7110),(3867,522),(12404,180),(11880,484)
178,(7120,736),(6390,4374),(8841,4662),(3842,2491),(6342,2362),(4080,5472),(1224,5814),(8092,6719),(1057,2060),(11487,6792),(13179,5313),(8630,260),(3008,7110),(3880,553),(12790,167),(11880,298)
179,(7409,720),(5634,4860),(8552,4662),(4076,2484),(6261,2087),(4169,5658),(1146,5482),(8273,6623),(770,2081),(11421,6511),(13200,5308),(8342,282),(2720,7110),(4046,738),(12964,280),(11880,585)
180,(7416,1052),(6390,4322),(8214,4662),(3738,2494),(6142,1769),(4479,5517),(1223,5813),(8468,6489),(1818,2898),(11345,6181),(13098,5333),(8519,268),(2586,7110),(4385,738),(12975,620),(11880,479)
181,(7087,1081),(6233,4070),(8098,4923),(3464,2389),(6449,1718),(4845,5372),(1276,6203),(8467,6503),(825,2077),(11259,5796),(13266,5292),(8583,264),(2980,7110),(4779,738),(12647,689),(11880,310)
182,(6888,1147),(6096,4015),(8116,5202),(3335,2250),(6729,1725),(4927,5228),(1224,5814),(8319,6627),(1103,2057),(11198,5524),(13210,5305),(8304,284),(3259,7110),(5059,738),(12368,693),(11880,590)
183,(6885,1201),(5634,4860),(8096,4887),(3604,2250),(6600,1722),(4696,5431),(1266,6132),(8107,6474),(1453,2031),(11162,5366),(13230,5300),(8569,265),(3512,7211),(5410,738),(12018,699),(11880,463)
184,(7074,1080),(6123,4001),(8088,4756),(3924,2250),(6279,1713),(4399,5553),(1224,5814),(7990,6278),(1574,2023),(11233,5680),(13111,5330),(8606,262),(3519,7531),(5730,738),(12063,698),(11880,253)
185,(7397,1114),(6248,4071),(8108,5080),(3995,2250),(6285,1714),(4050,5202),(1149,5498),(7665,6270),(1251,2046),(11303,5996),(13105,5332),(8282,286),(3526,7856),(5608,738),(12387,693),(11880,577)
186,(7416,831),(6550,4065),(8107,5056),(3690,2250),(6588,1721),(4070,5385),(1224,5814),(7397,6264),(947,2068),(11370,6293),(13241,5298),(8544,267),(3522,7644),(5305,738),(12690,688),(11880,521)
187,(7137,735),(6418,4082),(8082,4667),(3461,2421),(6840,1865),(4050,5202),(1003,4819),(7786,6273),(559,2096),(11296,5962),(13236,5299),(8563,265),(3513,7254),(4916,738),(12983,785),(11880,262)
188,(6835,752),(6390,4358),(8101,4957),(3456,2724),(6840,2167),(4245,5232),(940,4523),(8089,6281),(605,2093),(11230,5667),(13098,5333),(9198,1494),(3667,7110),(4614,738),(12998,1087),(11880,564)
189,(6892,1058),(6390,4571),(8248,5224),(3146,2773),(7079,2343),(4638,5192),(943,4537),(7752,6273),(998,2064),(11143,5282),(13266,5292),(8655,258),(4060,7110),(4220,738),(13018,1481),(11880,445)
190,(7136,1087),(6390,4323),(8495,5233),(3218,2935),(7325,2366),(4686,5017),(995,4779),(7506,6267),(1245,2047),(11194,5506),(13241,5298),(8594,263),(4307,7110),(3972,738),(13031,1728),(11952,2142)
191,(7364,1110),(6397,3990),(8829,5244),(3545,2978),(7210,2355),(4854,4888),(1060,5106),(7173,6269),(1577,2023),(11266,5831),(13182,5312),(9198,1494),(4641,7110),(3833,443),(13048,2061),(11880,531)
192,(7032,1076),(6393,4046),(9162,5256),(3718,2960),(6878,2325),(4785,4884),(1315,5192),(6840,6278),(1438,2033),(11339,6156),(13074,5339),(8594,263),(4599,6782),(3893,582),(13034,1782),(11880,539)
193,(6816,873),(6402,3919),(9162,4914),(3463,3066),(6840,2018),(4632,4660),(1437,5188),(6736,6515),(1097,2057),(11337,6145),(13124,5327),(8560,265),(4552,6443),(3891,578),(13016,1440),(11952,2142)
194,(6710,532),(6390,4277),(9162,4768),(3460,3241),(6773,1726),(4543,4335),(1224,5814),(6744,6874),(740,2083),(11258,5795),(13208,5306),(8320,283),(4532,6295),(3845,470),(12998,1082),(11880,556)
195,(6604,275),(6390,4587),(9162,5076),(3403,2976),(6464,1718),(4253,4263),(1150,5503),(6712,7143),(1818,2898),(11191,5493),(13192,5310),(8629,260),(4574,6601),(3952,721),(12982,773),(11880,538)
196,(6574,533),(6390,4396),(9323,5264),(3132,2852),(6122,1710),(4360,4257),(1246,5814),(6372,7125),(772,2081),(11167,5387),(13091,5335),(8526,268),(4620,6939),(3818,407),(12969,433),(11952,2142)
197,(6579,551),(6480,4074),(9725,5285),(3452,2807),(6517,1719),(4610,4506),(1646,5830),(5970,7117),(1172,2052),(11255,5778),(13266,5292),(8397,277),(4663,7338),(3935,680),(12829,166),(11880,599)
198,(7434,270),(6606,4058),(9846,5441),(3456,2541),(6789,1726),(4647,4775),(1917,5852),(5699,7111),(1442,2032),(11314,6043),(13218,5303),(8668,257),(4686,7608),(3877,545),(12559,175),(11880,534)
199,(6180,288),(6272,4074),(9846,5778),(3158,2502),(6555,1720),(4702,5107),(2252,5882),(5704,7258),(1570,2023),(11363,6264),(13208,5306),(8492,270),(4714,7943),(3850,483),(12222,186),(11952,2142)
200,(5837,288),(5930,4050),(9989,5956),(3411,2502),(6211,1712),(4965,5147),(2593,5912),(6047,7271),(1228,2048),(11288,5929),(13110,5330),(8373,279),(4688,7627),(3933,677),(11880,198),(11880,540)
201,(6172,288),(5895,3945),(10151,5934),(3456,2802),(6372,1716),(5219,5017),(2937,5943),(6393,7284),(883,2073),(11213,5592),(13086,5336),(8718,254),(4658,7283),(3960,738),(11534,204),(11880,518)
202,(6480,288),(5849,4238),(9162,5256),(3456,2505),(6681,1724),(5102,4997),(2947,5944),(6480,7130),(576,2095),(11145,5291),(13218,5303),(8470,272),(4778,7110),(3919,643),(11226,209),(11880,210)
203,(6803,270),(5896,4050),(9162,5256),(3777,2493),(6840,1893),(5003,5187),(2623,5915),(6382,7284),(611,2092),(11209,5573),(13197,5309),(8377,279),(4940,7110),(3872,533),(10902,215),(11880,510)
204,(7128,270),(5571,4057),(9162,5256),(4102,2484),(6840,2218),(5328,5204),(2299,5886),(6056,7271),(935,2069),(11280,5891),(13082,5337),(8702,255),(4672,7110),(3851,485),(10936,504),(11880,568)
205,(7432,315),(5305,4270),(9846,5626),(4452,2496),(6852,2568),(5619,5156),(1951,5855),(5707,7258),(1284,2044),(11356,6233),(13109,5331),(8444,274),(3510,7110),(3930,669),(11011,845),(11880,218)
206,(7419,638),(5634,4860),(9846,5302),(4775,2526),(6739,2762),(5607,4863),(1704,5769),(5685,7111),(1608,2020),(11324,6086),(13226,5301),(8402,277),(4697,7110),(3802,371),(11082,1162),(11880,501)
207,(7416,985),(5852,4050),(9846,5627),(4888,2540),(7078,2833),(5601,4745),(1648,5830),(6032,7118),(1394,2036),(11248,5748),(13210,5305),(9198,1494),(4352,7110),(3929,667),(11157,1499),(11880,555)
208,(7416,898),(5643,4050),(9162,5256),(4542,2500),(7399,2964),(5387,4716),(1299,5816),(6380,7125),(1047,2061),(11172,5408),(13117,5329),(8400,277),(4003,7110),(3853,488),(11232,1839),(11880,208)
209,(7421,573),(5598,4348),(9162,5256),(4217,2488),(7712,2922),(5093,4724),(1257,6060),(6254,7123),(723,2084),(11182,5456),(13098,5333),(8447,274),(3678,7110),(3870,530),(11303,2157),(11880,513)
210,(7433,272),(5615,4063),(9843,5999),(4118,2297),(8007,2932),(4982,4848),(1297,6359),(5953,7117),(440,2105),(11248,5750),(13237,5299),(9198,1494),(3641,7110),(3930,669),(11239,1869),(11880,590)
211,(7100,270),(5356,4219),(10155,5933),(4158,2486),(8341,2969),(5014,4910),(1285,6267),(5617,7110),(776,2081),(11322,6078),(13189,5311),(8412,276),(3977,7110),(3960,738),(11166,1540),(11880,254)
212,(6704,270),(5634,4860),(9935,5963),(4554,2500),(8269,2963),(5107,4729),(1232,5875),(6009,7118),(1171,2052),(11342,6170),(13142,5322),(8506,269),(4374,7110),(3954,724),(11080,1154),(11880,537)
213,(6848,270),(5594,3890),(9846,5795),(4590,2267),(8535,2929),(5353,4738),(1176,5611),(6280,7123),(1440,2032),(11283,5906),(13126,5326),(8720,254),(3510,7110),(3859,503),(11021,890),(11880,596)
214,(7219,270),(5321,3780),(9846,5426),(4590,2400),(8897,2848),(5438,4587),(1091,5250),(7380,7128),(1538,2025),(11202,5545),(13198,5308),(8350,281),(4675,7478),(3882,556),(10941,529),(11880,226)
215,(7540,272),(5331,3780),(10027,5253),(4419,2250),(9113,2800),(5118,4572),(1026,4935),(6212,7277),(1218,2049),(11151,5315),(13213,5305),(8493,270),(4702,7798),(3911,623),(11880,198),(11880,490)
216,(7889,279),(5580,3677),(10377,5240),(4173,2250),(8771,2876),(4050,5202),(1152,4762),(5863,7264),(868,2074),(11228,5657),(13121,5328),(8653,259),(4699,7764),(3822,417),(10522,221),(11880,562)
217,(8237,287),(5580,3330),(10189,5247),(4522,2250),(8431,2952),(5333,4572),(1500,4783),(5608,7171),(521,2099),(11304,5997),(13071,5340),(8305,284),(4670,7417),(3960,738),(10173,227),(11880,215)
218,(8262,573),(5580,3603),(9976,5164),(4348,2250),(8574,2920),(5049,4572),(1554,5031),(5862,7115),(650,2090),(11371,6299),(13202,5307),(8526,268),(3510,7110),(3838,453),(9865,233),(11880,489)
219,(8262,951),(5580,3577),(9992,4785),(4092,2100),(8945,2838),(4992,4474),(1558,4957),(6242,7123),(1028,2062),(11297,5966),(13266,5292),(8591,263),(4592,6734),(3907,614),(9486,239),(11880,535)
220,(8262,1217),(5634,4860),(10004,4520),(4079,1834),(9168,2746),(4910,4314),(1561,4884),(6507,7129),(1293,2043),(11238,5706),(13092,5335),(8325,283),(4556,6470),(3907,616),(9219,244),(11880,268)
221,(8035,1329),(5580,3635),(9996,4694),(4071,1511),(8940,2680),(4050,5202),(1571,5183),(6750,7227),(1616,2020),(11168,5391),(13124,5327),(8520,268),(4523,6233),(3815,400),(8897,249),(11880,450)
222,(7668,1353),(5609,4000),(9980,5061),(4074,1626),(8574,2705),(4246,4264),(1938,5173),(6750,7594),(1365,2038),(11196,5515),(13199,5308),(8609,262),(4573,6597),(3960,738),(8965,248),(11880,586)
223,(7359,1365),(5581,3792),(9861,5287),(4082,1935),(8265,2725),(4050,5202),(2187,5115),(6750,7902),(1057,2060),(11263,5816),(13200,5308),(8300,285),(4615,6903),(3838,453),(9274,243),(11880,278)
224,(6975,1353),(5207,3780),(9476,5272),(4336,2082),(7958,2628),(4700,4341),(1224,5814),(6750,7624),(673,2088),(11347,6192),(13143,5322),(8607,262),(4619,6934),(3909,620),(9659,236),(11880,502)
225,(6668,1335),(5430,3780),(9171,5256),(4642,2098),(7762,2713),(4050,5202),(1890,5174),(6750,7317),(495,2101),(11337,6144),(13090,5335),(8583,264),(4578,6631),(3889,574),(9966,231),(11880,594)
226,(6691,1062),(5602,3950),(9167,5568),(4964,2114),(7778,2771),(4684,4343),(1568,5183),(6899,7141),(817,2078),(11266,5829),(13209,5306),(9198,1494),(4534,6311),(3833,441),(10287,225),(11880,272)
227,(7434,270),(5831,4050),(9172,5884),(5016,2117),(7908,2628),(4386,4268),(1251,5195),(7216,7132),(1132,2055),(11197,5521),(13197,5309),(8577,264),(4544,6385),(3957,732),(10604,220),(11880,439)
228,(6666,1161),(6004,4267),(9179,6302),(4599,2096),(8247,2727),(4131,4446),(1325,5192),(7126,7135),(1548,2025),(11177,5434),(13171,5315),(8502,270),(4601,6798),(3960,738),(10722,218),(11880,547)
229,(6561,1351),(6011,4204),(8954,6312),(4358,2083),(8488,2710),(4119,4688),(1548,5165),(6885,7142),(1559,2024),(11230,5669),(13125,5327),(9198,1494),(4634,7037),(3892,581),(10482,222),(11880,306)
230,(6193,1438),(5880,4156),(8577,6302),(4190,2075),(8865,2685),(4087,5063),(1224,5814),(6744,6903),(1182,2051),(11313,6038),(13190,5310),(8639,260),(4338,7110),(3878,546),(10103,229),(11880,466)
231,(6040,1464),(5735,4399),(8664,6304),(4476,2089),(9151,2665),(4189,5236),(1553,5073),(6739,6618),(896,2072),(11574,7164),(13188,5311),(8571,265),(4052,7110),(3830,436),(9817,233),(11880,651)
232,(6363,1408),(5598,4564),(8993,6313),(4804,2106),(8881,2684),(4107,4931),(1766,5177),(6732,6290),(569,2096),(11304,5997),(13075,5339),(8279,286),(3724,7110),(3960,738),(9489,239),(11880,322)
233,(6697,1337),(5819,4299),(9176,6474),(4518,2934),(8538,2707),(4124,4587),(2109,5168),(6739,6618),(637,2091),(11228,5661),(13121,5328),(8623,261),(3381,7110),(3824,421),(9145,245),(11880,417)
234,(6855,1567),(5891,3926),(9167,6872),(4751,2103),(8141,2734),(4135,4378),(2280,5173),(6747,7014),(1033,2062),(11574,7164),(13167,5316),(8476,272),(2983,7110),(3928,663),(8749,251),(11880,590)
235,(6850,1615),(5911,4008),(9162,5256),(4477,2089),(8084,2946),(4121,4651),(2006,5171),(6750,7289),(1306,2042),(11201,5541),(13198,5308),(8320,283),(2709,7110),(3883,560),(9021,247),(11880,316)
236,(6881,1267),(5634,4860),(9169,6797),(4128,2072),(7793,2827),(4104,5001),(1658,5180),(6750,7638),(1655,2017),(11278,5882),(13106,5331),(8669,257),(2486,7232),(3849,480),(9370,241),(11880,428)
237,(6886,1174),(5359,4216),(9176,6478),(4360,2083),(7768,2736),(4130,5222),(1340,5191),(7380,7128),(1375,2037),(11347,6192),(13116,5329),(8509,269),(2494,7551),(3945,703),(9688,236),(11880,656)
238,(7052,1355),(5414,4332),(9370,6312),(4711,2101),(7993,2930),(3782,5218),(1062,5112),(6750,7604),(1025,2062),(11327,6100),(13206,5306),(8364,280),(3510,7110),(3806,380),(10039,230),(11880,306)
239,(7361,1365),(5114,4295),(9678,6303),(5020,2117),(8118,2769),(4050,5202),(1001,4808),(6750,7296),(717,2085),(11259,5798),(13193,5310),(8673,257),(2494,7593),(3911,623),(10347,224),(11880,399)
240,(7758,1347),(5634,4860),(9839,6033),(5154,2394),(8482,2711),(3871,5213),(917,4419),(6501,7129),(543,2097),(11172,5409),(13149,5321),(8425,275),(2485,7194),(3852,486),(10745,218),(11880,607)
End
