18,0.5733,0.9422,2.5888
0,(1272.0,6168.9),(11608.2,7485.2),(6757.5, 715.7),( 268.8, 984.5),(12213.1, 186.9),(3591.1,7904.9),(13310.9,5739.8),(8829.1, 475.7),(9159.9,7146.0),(7343.7,2939.9),(11799.2,2146.2),(6574.7,7134.3),(3987.1, 900.8),(1895.3,3294.3),(5787.1,4860.0),(4067.9,5363.2),(4641.0,7088.0),(4437.0,2930.5)
1,(1311.1,6458.4),(11565.9,7129.3),(6757.6, 716.0),( 233.3, 601.0),(12293.8, 184.2),(3523.5,7702.4),(13511.1,6041.9),(8952.5, 816.5),(8826.6,7146.0),(7554.1,2962.5),(12132.0,2133.1),(6241.6,7123.0),(4041.3,1225.6),(1958.2,3616.7),(5921.6,4860.0),(4190.2,5228.2),(9233.8,5259.8),(4517.7,2937.0)
2,(1266.1,6125.8),(11487.4,6794.1),(6757.7, 716.3),( 435.0, 410.7),(11960.6, 195.3),(3514.5,7307.8),(13711.3,6344.0),(9076.0,1157.2),(8732.7,7146.0),(7451.9,2985.9),(12465.0,2116.8),(6360.5,7125.5),(4041.4,1226.4),(1887.8,3255.7),(5589.1,4866.4),(4076.4,5105.3),(9075.3,5253.0),(4347.5,3142.4)
3,(1188.0,5661.0),(11409.0,6458.8),(6757.8, 716.7),( 768.3, 405.7),(11627.3, 202.5),(3365.3,7110.0),(13777.7,6444.2),(9076.0,1157.2),(8891.9,7146.0),(7403.0,2939.0),(12798.0,2100.4),(6693.2,7142.2),(4041.5,1227.2),(1817.5,2895.2),(5334.3,5022.7),(3810.6,5217.0),(9060.5,5252.5),(4121.6,3242.6)
4,(1115.0,5350.8),(11421.5,6512.4),(6757.9, 717.0),(1101.6, 400.6),(11294.0, 208.5),(3031.9,7110.0),(13577.6,6142.1),(9076.0,1157.2),(9033.4,7146.0),(7289.4,2834.0),(13050.2,2092.3),(6693.2,7142.2),(4248.4,1361.2),(1784.7,2694.2),(5432.4,5210.3),(3478.2,5237.7),(9045.6,5252.0),(4344.1,3348.0)
5,(1048.4,5043.9),(11500.0,6847.6),(6758.0, 717.4),(1434.9, 395.6),(10960.8, 214.4),(2953.4,7110.0),(13382.6,5848.0),(9076.0,1157.2),(9156.0,7315.3),(7353.8,2889.8),(13067.8,2426.2),(7035.7,7137.8),(4068.1,1390.0),(1727.8,2345.3),(5616.4,5212.5),(3575.2,5548.8),(9030.8,5251.5),(4500.5,3143.7)
6,( 992.7,4765.4),(11490.4,6806.7),(6758.1, 717.7),(1768.2, 390.6),(10963.5, 214.4),(3049.3,7110.0),(13446.4,5944.2),(9189.0,2502.2),(9177.7,7650.0),(7443.2,2979.2),(13049.8,2084.8),(7368.9,7128.3),(4064.1,1362.9),(1550.8,2024.9),(5615.8,5224.3),(3676.7,5860.6),(9030.8,5251.5),(4508.4,3049.0)
7,( 985.6,4731.9),(11491.1,6809.9),(6758.2, 718.0),(2101.5, 385.6),(10917.2, 419.4),(2715.9,7110.0),(13466.2,5974.1),(9208.7,2782.6),(9511.1,7650.0),(7402.7,2938.7),(13031.9,1734.7),(7368.9,7128.3),(4064.0,1362.1),(1673.0,2006.0),(5604.1,5558.0),(3899.4,6066.8),(9030.8,5251.5),(4500.6,3142.3)
8,(1137.3,4761.2),(11491.9,6813.0),(6758.2, 718.4),(2434.8, 380.6),(10966.7, 642.3),(2383.5,7100.4),(13493.9,6016.0),(9538.1,2730.6),(9844.4,7650.0),(7415.4,2951.4),(13013.9,1384.6),(7368.9,7128.3),(4063.9,1361.3),(1601.5,2021.3),(5720.9,5220.0),(4226.0,6104.4),(9030.8,5251.5),(4508.3,3050.4)
9,(1470.1,4782.0),(11497.0,6835.0),(6758.3, 718.7),(2768.1, 375.5),(11050.1,1017.3),(2125.8,7047.6),(13555.1,6108.3),(9867.5,2678.6),(10177.7,7650.0),(7430.6,2966.6),(12996.0,1034.6),(7368.9,7128.3),(4063.8,1360.5),(1269.0,2045.3),(5933.8,5220.0),(4518.6,6196.3),(9030.8,5251.5),(4465.6,3148.3)
10,(1796.5,4736.0),(11545.7,7164.4),(6758.4, 719.0),(3101.4, 370.5),(11133.4,1392.4),(2319.3,6799.4),(13354.9,5806.2),(10179.1,2629.4),(10319.9,7492.3),(7393.6,2929.6),(12986.6, 851.0),(7407.0,7303.2),(4063.6,1359.7),( 936.5,2069.4),(5631.5,5220.0),(4546.5,6399.8),(9030.8,5251.5),(4500.6,3143.2)
11,(2118.2,4663.3),(11570.4,7164.1),(6758.5, 719.4),(3434.7, 365.5),(11182.9,1615.2),(2200.4,6867.9),(13154.7,5504.1),(9851.7,2681.1),(10253.0,7180.6),(7424.5,2960.5),(12971.8, 504.8),(7595.6,7611.5),(4231.7,1363.5),( 603.9,2093.5),(5645.1,5220.0),(4596.2,6762.0),(9165.0,5431.2),(4508.4,3049.5)
12,(2107.1,4476.0),(11630.7,7158.1),(6758.6, 719.7),(3768.0, 360.5),(11266.3,1990.2),(1974.4,6900.8),(13195.7,5309.6),(9522.3,2733.1),(9919.9,7170.1),(7421.5,2957.5),(12825.4, 166.5),(7448.7,7574.4),(4562.3,1318.2),( 427.2,2078.7),(5689.8,5220.0),(4539.0,7110.0),(9165.0,5431.5),(4185.1,3134.3)
13,(2143.9,4821.1),(11593.2,7344.4),(6758.7, 720.0),(3910.5, 622.6),(11554.3,2153.0),(2284.1,6839.6),(13405.8,5479.9),(9192.9,2785.1),(9586.7,7159.5),(7384.5,2920.5),(12492.3, 177.6),(7383.5,7128.1),(4892.9,1272.8),( 437.7,2132.6),(5533.0,5215.6),(4205.6,7110.0),(9165.0,5431.5),(4035.5,2924.1)
14,(2193.5,5151.1),(11626.9,7661.1),(6914.2, 747.9),(4109.0, 738.0),(11887.5,2143.8),(2471.7,6625.2),(13617.5,5764.3),(9164.6,2976.8),(9448.4,7155.1),(7433.6,2969.6),(12159.1, 188.7),(7716.7,7136.9),(5011.0,1447.7),( 507.4,2455.4),(5624.8,5043.5),(4281.7,7110.0),(8994.5,5250.2),(4106.6,2931.3)
15,(2141.1,4798.5),(11591.0,7323.4),(7247.0, 729.4),(4144.3, 738.0),(12220.4,2128.8),(2337.7,6778.3),(13670.9,5836.0),(9169.7,3346.6),(9676.4,7162.3),(7347.7,2883.7),(11825.9, 199.0),(7394.1,7128.4),(5074.6,1814.2),( 476.0,2102.8),(5496.9,5213.7),(4615.0,7110.0),(8996.5,5250.3),(4106.6,2931.3)
16,(2106.4,4468.6),(11530.1,6976.5),(7422.0, 569.4),(4477.7, 738.0),(12553.4,2112.4),(2107.8,7074.2),(13459.2,5551.6),(9174.9,3716.3),(9343.2,7151.8),(7323.2,2859.2),(11492.6, 204.9),(7428.1,7440.5),(5380.1,1908.0),( 765.2,2081.9),(5625.1,5038.3),(4616.6,6910.4),(8663.3,5238.8),(4122.2,2916.8)
17,(1948.0,4701.8),(11451.7,6641.3),(7481.3, 271.0),(4811.0, 738.0),(12886.4,2096.0),(2151.1,7078.3),(13217.3,5304.2),(9180.0,4085.9),(9161.8,7151.4),(7447.5,2834.8),(11159.3, 210.9),(7607.0,7612.8),(5514.1,2054.6),( 433.2,2105.9),(5472.7,4907.4),(4620.3,6937.4),(8330.2,5227.3),(4122.2,2916.8)
18,(2122.9,4649.6),(11373.4,6306.5),(7814.6, 278.3),(5144.3, 738.0),(13050.5,2096.9),(1817.4,7082.0),(13099.6,5420.8),(9177.4,3898.7),(9149.8,7487.3),(7438.5,2530.0),(10917.9, 215.2),(7448.1,7622.0),(5625.7,2314.2),( 396.0,1900.5),(5290.3,5071.8),(4658.8,7284.3),(8117.5,5212.2),(4122.2,2916.8)
19,(2085.2,4252.0),(11296.5,5963.5),(8147.8, 285.5),(5477.7, 738.0),(12890.0,2095.9),(1484.2,7091.3),(13299.8,5722.9),(9177.4,3899.2),(9458.4,7650.0),(7438.6,2530.8),(11251.2, 209.2),(7448.6,7573.9),(5948.4,2230.5),( 334.0,1546.0),(5222.8,5261.7),(4687.6,7622.1),(8094.3,4853.2),(4122.2,2916.8)
20,(2021.7,3934.7),(11220.4,5623.6),(8480.4, 271.8),(5811.0, 738.0),(12557.0,2112.2),(1373.5,6813.3),(13499.9,6025.0),(9172.3,3531.7),(9765.3,7650.0),(7438.6,2531.6),(11503.5, 204.7),(7373.3,7128.2),(6266.0,2142.0),( 287.4,1184.9),(4973.1,5186.2),(4668.7,7953.9),(8075.9,5222.2),(4122.2,2916.8)
21,(1958.4,3617.8),(11266.8,5830.6),(8813.1, 250.9),(5811.0, 738.0),(12411.9,2119.4),(1313.9,6479.0),(13650.9,6252.8),(9177.4,3901.5),(9431.9,7650.0),(7438.6,2532.4),(11506.2, 204.7),(7040.2,7137.7),(6282.6,2144.3),( 251.9, 801.3),(4964.4,5148.7),(4335.9,7938.7),(7743.0,5239.7),(4122.2,2916.8)
22,(1888.0,3256.8),(11343.7,6173.7),(9122.0, 245.7),(5636.4, 294.9),(12378.9,2121.0),(1268.9,6146.3),(13788.9,6461.1),(9189.1,4241.3),(9398.6,7650.0),(7438.6,2533.2),(11508.9, 204.6),(6707.1,7143.1),(6425.6,2410.5),( 232.7, 594.3),(4930.6,5196.8),(4002.8,7923.6),(7433.8,5253.9),(4122.2,2916.8)
23,(1817.7,2896.2),(11292.1,6318.0),(8788.7, 251.3),(5620.9, 295.5),(12345.9,2122.6),(1223.9,5813.5),(13611.2,6193.0),(9188.8,4235.1),(9144.2,7654.1),(7443.0,2681.5),(11511.7, 204.6),(6374.2,7125.8),(6709.6,2577.0),( 508.1, 409.6),(4840.1,5184.0),(3669.8,7908.4),(7409.4,4973.1),(4122.2,2916.8)
24,(1784.9,2695.2),(11340.4,6159.2),(8824.3, 462.7),(5340.1, 305.4),(12323.4,2123.7),(1153.1,5512.8),(13762.2,6420.8),(9285.3,4077.9),(9144.2,7653.7),(7434.1,2374.3),(11514.4, 204.5),(6041.0,7118.9),(6718.9,2741.3),( 841.5, 404.6),(4690.9,5186.6),(3336.5,7902.0),(7398.1,4658.9),(4122.2,2916.8)
25,(1792.9,2744.2),(11339.3,6154.2),(8947.8, 803.5),(5006.9, 317.2),(12356.4,2122.1),(1264.3,5815.5),(13742.4,6390.9),(9177.4,3901.5),(9222.5,7992.0),(7446.1,2061.5),(11517.1, 204.5),(6215.5,7122.5),(6424.0,2647.2),(1174.7, 399.5),(4359.2,5220.9),(3003.2,7902.0),(7410.1,4288.2),(4122.2,2916.8)
26,(1858.0,3102.9),(11338.2,6149.2),(9071.3,1144.2),(4673.8, 329.0),(12389.4,2120.5),(1597.3,5828.4),(13722.6,6361.0),(9177.4,3900.9),(9161.8,7987.7),(7446.1,2061.5),(11519.8, 204.4),(6065.7,7119.4),(6235.8,2392.7),(1508.0, 394.5),(4359.5,5220.9),(2669.9,7902.0),(7431.5,4011.2),(4122.2,2916.8)
27,(1928.4,3463.9),(11337.1,6144.2),(9152.3,1367.9),(4340.6, 340.8),(12422.5,2118.9),(1929.4,5853.3),(13766.5,6427.2),(9189.0,4239.0),(9089.4,7990.7),(7451.3,1363.0),(11522.5, 204.4),(5732.4,7112.4),(6135.5,2101.1),(1841.3, 389.5),(4691.2,5186.6),(2501.9,7898.2),(7416.7,4099.5),(4380.3,2928.0)
28,(1991.5,3783.7),(11219.8,6318.0),(9152.3,1367.9),(4007.6, 352.6),(12546.5,2112.8),(2175.5,5875.4),(13633.7,6226.8),(9179.2,4532.8),(8756.1,7985.0),(7451.3,1363.0),(11189.3, 210.3),(5599.1,7245.2),(5945.3,1813.4),(2174.6, 384.5),(4693.6,5057.3),(2492.9,7503.7),(7478.8,3753.8),(4322.7,2925.5)
29,(1991.1,3781.4),(11381.8,6342.7),(9152.3,1367.9),(3817.2, 404.8),(12854.5,2097.6),(1843.4,5845.6),(13586.1,6155.1),(9179.2,4532.8),(8509.2,7980.7),(7416.1, 717.9),(11224.0, 209.7),(5609.0,6940.8),(5859.1,1735.4),(2302.1, 382.6),(4816.2,5184.0),(2493.0,7505.1),(7476.6,3765.0),(4265.7,2923.0)
30,(1924.3,3442.5),(11460.3,6678.0),(9197.6,2347.0),(3914.5, 741.2),(12521.8,2114.0),(1510.7,5825.0),(13544.8,6092.7),(9179.2,4532.8),(8785.5,7985.5),(7428.1, 416.6),(11557.3, 203.8),(5608.7,6934.1),(6093.0,2016.0),(1968.8, 387.6),(4599.5,5196.0),(2488.4,7304.0),(7377.7,4099.2),(4484.6,2932.5)
31,(1853.8,3081.6),(11538.7,7013.2),(9180.4,2656.6),(3941.7, 739.3),(12188.8,2130.4),(1221.6,5803.7),(13745.0,6394.8),(9165.0,5430.7),(8452.2,7979.8),(7496.8, 271.4),(11890.6, 197.6),(5594.3,6589.0),(6273.8,2120.1),(1635.5, 392.6),(4690.8,5041.5),(2794.5,7110.0),(7415.9,4106.6),(4151.7,2918.1)
32,(1814.1,2874.1),(11331.4,7167.4),(9054.7,2342.8),(4275.5, 738.0),(11855.7,2144.7),(1155.4,5522.6),(13694.8,6319.1),(9210.9,5258.6),(8119.0,7974.0),(7308.5, 270.0),(12223.6, 186.5),(5580.1,6248.1),(6189.7,2142.0),(1302.2, 397.6),(4693.1,5186.4),(3127.8,7110.0),(7417.2,4097.0),(4138.2,3142.8)
33,(1822.6,2921.7),(11054.5,7171.3),(8721.5,2349.2),(4060.0, 738.0),(11522.5,2153.9),(1225.5,5825.2),(13543.9,6091.3),(9220.0,5259.1),(8119.0,7974.0),(7557.4, 272.7),(12556.8, 175.4),(5594.5,6593.1),(5882.1,2247.7),( 968.9, 402.6),(4361.4,5220.7),(3461.2,7110.0),(7284.2,4087.5),(4285.1,3348.0)
34,(1821.1,2913.7),(11387.8,7166.6),(8884.6,2346.0),(3988.9, 911.2),(11310.8,2187.0),(1270.5,6157.8),(13343.7,5789.2),(9229.1,5259.5),(8119.0,7974.0),(7247.9, 270.0),(12890.0, 164.3),(5594.4,6590.6),(5816.6,2264.7),( 635.6, 407.7),(4154.1,5134.3),(3514.5,7310.0),(7217.4,4079.2),(4482.5,3149.1)
35,(1891.5,3274.7),(11575.6,7179.5),(9178.1,2340.4),(4039.0,1212.0),(11527.2,2452.6),(1270.4,6157.5),(13143.5,5487.1),(9238.2,5260.0),(8037.0,7972.0),(7286.8, 270.0),(12966.1, 339.1),(5591.7,6245.5),(6120.7,2159.7),( 302.3, 412.7),(4164.8,5162.0),(3523.5,7704.5),(7081.0,4062.1),(4149.7,3132.5)
36,(1919.2,3416.5),(11433.9,7166.0),(9176.7,2340.4),(3984.9, 887.2),(11860.4,2462.7),(1312.6,6469.9),(13230.4,5300.9),(9165.0,5431.6),(8172.3,7974.9),(7518.5, 271.8),(12903.7, 685.2),(5924.5,6230.3),(6237.1,2397.0),( 234.4, 613.2),(4214.3,5235.9),(3686.6,7909.2),(7132.6,4068.6),(4149.7,3132.5)
37,(1920.7,3424.5),(11465.7,7165.5),(9135.6,2341.2),(4086.5, 738.0),(12193.5,2458.7),(1270.3,6156.8),(13419.0,5497.6),(9268.0,5261.6),(8157.6,7974.7),(7520.6, 271.9),(12570.4, 690.7),(6090.4,6222.8),(6138.5,2107.0),( 253.6, 820.2),(4230.6,5234.2),(4019.7,7924.3),(6862.7,4050.0),(4149.7,3132.5)
38,(1929.7,3470.5),(11497.6,7165.1),(9189.3,2496.0),(3916.8, 637.3),(12526.7,2447.7),(1316.2,6492.3),(13630.6,5782.0),(9277.1,5262.1),(8142.8,7974.4),(7522.6, 271.9),(12237.1, 696.1),(6194.6,6218.1),(6057.8,1945.6),( 289.1,1203.8),(4240.0,5233.2),(4287.3,7936.5),(7030.7,3852.9),(4027.4,2925.0)
39,(1719.0,3672.5),(11529.4,7164.6),(9189.4,2495.5),(3926.0, 658.7),(12859.8,2436.8),(1312.9,6471.7),(13842.3,6066.4),(9286.3,5262.5),(8455.9,7979.8),(7524.7, 272.0),(11903.8, 701.6),(6521.8,6240.0),(6083.0,1996.1),( 340.1,1581.0),(4223.7,5234.9),(4289.6,7936.6),(7362.8,3880.6),(4360.4,2927.1)
40,(1815.0,3658.1),(11561.2,7164.2),(9189.4,2495.0),(3952.1, 719.5),(13067.7,2423.4),(1312.9,6472.0),(14007.5,6288.4),(9295.4,5263.0),(8461.4,7979.9),(7526.7, 272.0),(11903.8, 701.6),(6853.9,6278.6),(5943.8,1812.0),( 402.2,1935.5),(4207.3,5236.6),(4622.6,7951.8),(7209.2,3867.8),(4342.5,2926.4)
41,(1955.2,3601.2),(11554.9,7164.3),(9189.4,2494.5),(3942.9, 698.1),(12934.3,2093.7),(1313.0,6472.4),(14219.2,6572.8),(9304.5,5263.5),(8485.3,7980.3),(7528.8, 272.1),(11741.2, 200.5),(7187.1,6269.4),(6074.0,1978.1),( 638.0,2091.1),(4197.9,5237.6),(4701.1,7780.9),(6876.2,3852.0),(4285.6,2923.9)
42,(1967.5,3663.4),(11523.1,7164.7),(9189.4,2494.0),(3901.0, 600.3),(12601.4,2110.1),(1315.7,6489.5),(14429.9,6856.9),(9313.6,5264.0),(8500.0,7980.6),(7530.9, 272.1),(11407.9, 206.4),(6915.7,6276.9),(6031.1,1892.2),( 970.5,2067.0),(4214.3,5235.9),(4672.3,7443.0),(6645.2,3869.4),(4285.6,2923.9)
43,(2030.9,3980.7),(11491.2,7165.2),(9189.5,2493.5),(3706.6, 361.4),(12733.6,2103.6),(1375.4,6824.1),(14541.8,7038.1),(9322.7,5264.5),(8417.2,7979.2),(7335.0, 270.0),(11074.6, 212.4),(7205.5,6268.8),(6110.3,2164.9),(1302.6,2042.9),(4256.4,5231.5),(4586.4,7110.0),(6909.2,4050.0),(4285.6,2923.9)
44,(1921.4,4266.0),(11459.4,7165.6),(9189.5,2493.0),(3802.1, 369.7),(13033.4,2088.8),(1440.2,7056.5),(14471.6,6916.6),(9331.8,5264.9),(8402.5,7978.9),(7397.7, 270.0),(11077.3, 212.3),(6897.3,6277.4),(6101.2,2169.4),(1358.1,2038.9),(4240.1,5233.2),(4644.1,7111.1),(7076.9,3856.7),(4123.6,3033.9)
45,(1588.1,4266.0),(11591.5,7328.1),(9189.5,2493.0),(3919.3, 643.1),(12700.7,2105.2),(1370.0,6793.4),(14281.7,6656.9),(9162.0,5258.8),(8735.8,7984.7),(7407.6, 270.0),(11335.9, 207.7),(6570.4,6249.7),(5781.2,2273.8),(1025.5,2063.0),(4512.3,5205.1),(4672.8,7449.0),(7409.0,3884.4),(4138.2,3121.3)
46,(1301.3,4266.0),(11532.4,6986.4),(8870.4,2346.3),(4242.1, 738.0),(12367.7,2121.6),(1311.8,6463.7),(14070.1,6372.5),(9162.0,5258.8),(9069.1,7990.4),(7345.0, 270.0),(11669.2, 201.8),(6732.1,6284.8),(5526.1,2342.3),( 693.0,2087.1),(4528.6,5203.4),(4701.6,7786.8),(7505.4,3620.9),(3925.3,2937.0)
47,(1277.8,4263.8),(11454.0,6651.1),(8537.1,2352.7),(4467.7, 738.0),(12034.7,2137.9),(1271.2,6162.9),(13904.9,6150.5),(9082.2,5253.2),(9153.2,7824.6),(7521.0, 271.9),(12002.4, 193.9),(6853.8,6278.6),(5538.0,2723.3),( 429.9,2093.8),(4197.9,5237.6),(4552.5,7948.6),(7454.8,3873.9),(3594.0,2973.5)
48,(1261.5,4269.1),(11376.5,6320.1),(8320.2,2356.9),(4134.4, 738.0),(11701.5,2149.0),(1311.9,6464.4),(13693.2,5866.1),(9082.2,5253.2),(9393.3,7992.0),(7428.2, 416.2),(12335.6, 182.8),(6732.1,6284.7),(5532.2,2537.1),( 370.2,1752.7),(4214.3,5235.9),(4219.4,7933.4),(7433.4,3999.5),(3266.6,2945.9)
49,( 936.5,4331.1),(11424.4,6524.7),(8653.5,2350.5),(3964.3, 763.8),(11368.3,2158.2),(1311.9,6464.8),(13481.5,5581.6),(9082.2,5253.2),(9221.4,7992.0),(7317.4, 270.0),(12668.7, 171.7),(6739.3,6630.1),(5531.9,2528.5),( 432.3,2107.6),(4230.6,5234.2),(3886.4,7918.3),(7173.2,4073.6),(3131.8,2768.5)
50,( 959.3,4610.6),(11502.8,6860.0),(8986.7,2344.1),(3797.0, 749.5),(11347.1,2332.4),(1271.0,6161.9),(13316.3,5359.6),(9082.2,5253.2),(9200.0,7992.0),(7254.8, 270.0),(12960.0, 163.4),(6746.4,6975.4),(5531.9,2530.1),( 464.8,2258.0),(4188.0,5222.4),(3553.5,7903.2),(6840.6,4050.0),(3228.9,2502.0)
51,( 965.1,4325.6),(11713.2,7149.5),(8701.6,2349.5),(3663.6, 759.0),(11681.3,2457.3),(1271.0,6161.5),(13080.4,5391.9),(9165.0,5431.4),(9178.7,7992.0),(7279.9, 270.0),(12972.0, 510.9),(6484.0,7128.3),(5532.0,2531.7),( 403.9,1945.7),(4149.5,5122.3),(3523.4,7701.5),(7102.7,4064.8),(3228.9,2502.0)
52,(1294.0,4266.0),(11575.0,7173.2),(8904.5,2345.6),(3996.5, 738.0),(12014.5,2464.5),(1270.9,6161.1),(13280.6,5694.0),(9165.0,5431.7),(9162.0,7991.8),(7342.6, 270.0),(12791.7, 687.1),(6150.5,7121.1),(5526.1,2344.7),( 521.3,2099.5),(4160.1,5150.0),(3514.5,7306.9),(7195.7,4076.5),(3324.1,2793.3)
53,(1576.7,4266.0),(11609.1,7493.9),(8863.4,2346.4),(3964.6, 738.0),(12347.7,2453.6),(1312.1,6466.2),(13431.6,5921.8),(9272.8,5261.8),(9152.5,7812.2),(7405.2, 270.0),(12458.5, 692.5),(6451.6,7127.4),(5538.1,2727.1),( 543.6,2097.9),(4486.2,5207.8),(3516.8,7075.4),(7415.9,4107.6),(3324.1,2793.3)
54,(1567.4,4266.0),(11574.8,7171.8),(9196.6,2340.0),(4005.7, 738.0),(12680.8,2442.7),(1267.2,6133.6),(13631.8,6223.9),(9165.0,5432.2),(9150.2,7476.3),(7400.1, 270.0),(12125.2, 698.0),(6784.3,7145.0),(5538.0,2722.5),( 566.0,2096.3),(4819.0,5184.0),(3652.8,7110.0),(7489.0,4104.0),(3168.6,3191.7)
55,(1646.0,4266.0),(11610.7,7509.4),(9179.9,2665.0),(4046.7, 738.0),(13014.0,2431.8),(1270.8,6160.1),(13808.1,6490.0),(9302.6,5263.4),(9162.1,7142.6),(7427.8, 426.0),(12125.2, 698.0),(7117.5,7135.5),(5532.2,2538.0),( 588.3,2094.7),(5151.9,5195.6),(3789.9,7110.0),(7418.5,4089.2),(3393.3,3336.4)
56,(1979.3,4266.0),(11646.7,7847.1),(9372.4,2756.8),(4087.8, 738.0),(13080.8,2614.7),(1270.7,6159.7),(13657.1,6262.2),(9311.7,5263.9),(9169.3,6811.3),(7274.1, 727.9),(12125.2, 698.0),(7381.6,7138.6),(5543.9,2911.6),( 607.7,2093.3),(5484.8,5213.1),(3456.6,7110.0),(7481.6,3739.9),(3333.4,3186.0)
57,(2106.2,4466.3),(11834.2,8012.2),(9701.8,2704.8),(4128.9, 738.0),(13059.2,2262.1),(1270.7,6159.4),(13676.9,6292.1),(9320.8,5264.4),(9176.5,6480.1),(7274.1, 727.9),(11629.2, 202.5),(7430.0,7453.3),(5543.9,2913.2),( 585.4,2094.9),(5610.0,5389.9),(3510.0,7111.0),(7641.7,3425.1),(3457.5,3330.0)
58,(2122.7,4647.5),(11662.2,7992.8),(10002.7,2657.3),(4124.5, 738.0),(13081.3,2622.8),(1312.4,6468.0),(13723.3,6362.0),(9329.9,5264.8),(9176.3,6487.2),(7434.0,1241.8),(11456.1, 205.6),(7425.5,7424.1),(5507.3,2923.3),( 563.1,2096.5),(5610.0,5391.8),(3514.4,7303.9),(7619.1,3457.3),(3790.9,3330.0)
59,(2125.5,4673.8),(11662.3,7993.6),(10018.7,2654.7),(4083.4, 738.0),(13095.2,2823.4),(1400.1,6468.3),(13874.2,6589.8),(9326.7,5264.7),(9165.6,6980.4),(7209.9,1094.7),(11634.7, 202.4),(7425.1,7421.4),(5177.6,2930.1),( 436.9,2128.5),(5610.0,5391.5),(3514.4,7305.3),(7505.0,3606.3),(3826.6,3152.4)
60,(2229.6,5019.6),(11626.3,7655.9),(10325.7,2570.3),(4042.3, 738.0),(13121.4,3201.6),(1730.7,6423.4),(14152.7,6840.0),(9317.6,5264.2),(9165.6,6980.3),(7257.7,1099.6),(11637.4, 202.3),(7424.7,7418.7),(5165.9,2931.7),( 514.2,2487.0),(5610.0,5390.9),(3514.5,7306.8),(7477.9,3289.8),(4074.9,3345.9)
61,(2253.6,5171.2),(11626.4,7656.6),(10634.0,2441.0),(4001.3, 738.0),(13147.5,3579.9),(1660.2,6433.0),(14440.4,6872.0),(9317.6,5264.2),(9165.6,6980.3),(7257.7,1099.6),(11783.9, 199.7),(7404.0,7283.8),(5158.7,2607.5),( 589.3,2835.3),(5782.5,5220.0),(3510.1,7114.3),(7344.8,2880.8),(4137.7,3118.2)
62,(2159.1,4943.0),(11626.5,7657.4),(10942.3,2311.7),(3960.2, 738.0),(13173.7,3958.1),(1331.2,6477.7),(14522.9,7192.1),(9317.6,5264.2),(9165.6,6980.3),(7304.7, 726.2),(12002.9, 193.9),(7404.0,7283.8),(5151.5,2283.3),( 543.2,2621.7),(5616.3,5213.9),(3510.1,7112.9),(7451.9,2985.1),(4137.7,3118.2)
63,(2123.2,4653.0),(11626.6,7658.1),(11250.6,2182.4),(4000.9, 738.0),(13187.6,4158.7),(1294.2,6333.3),(14499.5,7382.6),(9317.6,5264.2),(9165.6,6980.6),(6971.9, 744.7),(12029.8, 193.0),(7404.0,7283.8),(4855.1,2109.1),( 465.9,2263.2),(5521.5,5215.0),(3510.0,7111.5),(7391.9,2927.9),(4420.8,2929.8)
64,(2086.6,4259.1),(11590.6,7320.4),(11588.9,2152.1),(3960.5, 741.0),(13213.8,4536.9),(1288.9,6294.0),(14457.6,7723.3),(9317.6,5264.2),(9338.2,7151.6),(6759.9, 724.6),(12056.6, 192.1),(7532.1,7132.0),(4522.2,2092.2),( 514.4,2100.0),(5616.2,5215.7),(3510.1,7109.7),(7566.4,2959.4),(4480.8,3149.0)
65,(2023.2,3941.8),(11590.7,7321.2),(11922.1,2142.8),(4013.4,1058.2),(13239.9,4915.1),(1288.9,6294.4),(14270.1,8044.1),(9317.6,5264.2),(9671.3,7162.2),(6759.9, 724.9),(11723.4, 200.8),(7236.7,7132.1),(4189.2,2075.2),( 536.8,2098.4),(5557.7,5216.9),(3540.5,6955.1),(7445.1,2981.1),(4492.0,3149.6)
66,(1964.3,3647.5),(11849.5,7135.3),(12255.0,2127.1),(3955.6, 727.8),(13248.3,5296.4),(1294.0,6332.3),(13936.8,8039.7),(9317.6,5264.2),(10004.5,7172.7),(6760.0, 725.3),(11390.1, 206.7),(7218.4,7132.6),(4081.5,1897.4),( 559.1,2096.8),(5566.8,5217.4),(3514.4,7305.8),(7400.9,2936.9),(4436.4,3343.0)
67,(2027.8,3964.9),(11734.7,7147.3),(12588.0,2110.7),(3946.5, 706.4),(12920.7,5341.1),(1294.0,6331.9),(13603.5,8035.4),(9317.6,5264.2),(10296.2,7185.2),(6760.1, 725.6),(11056.9, 212.7),(7200.2,7133.1),(4072.5,1555.7),( 581.4,2095.2),(5575.9,5217.9),(3514.5,7307.2),(7393.9,2962.2),(4643.7,3324.3)
68,(2088.7,4273.6),(11744.1,7146.3),(12920.9,2094.3),(3907.4, 615.4),(13074.7,5383.3),(1293.9,6331.6),(13270.2,8031.0),(9317.6,5264.2),(10320.4,7498.8),(6760.2, 725.9),(10723.6, 218.5),(7262.9,7131.3),(4042.3,1231.8),( 603.8,2093.6),(5585.0,5218.4),(3510.1,7113.9),(7427.8,2963.8),(4563.6,2934.0)
69,(2088.2,4267.8),(11567.8,7137.6),(13040.9,1911.0),(3916.6, 636.8),(13265.1,5670.6),(1293.9,6331.2),(12936.9,8026.6),(9317.6,5264.2),(10093.0,7650.0),(6760.3, 726.3),(10390.3, 224.2),(7163.9,7134.2),(4283.0,1356.5),( 592.3,2094.4),(5594.2,5218.9),(3510.1,7112.4),(7418.1,2954.1),(4253.4,2922.5)
70,(2104.7,4450.1),(11568.5,7140.7),(13023.0,1561.0),(3925.8, 658.2),(13205.8,5581.2),(1289.2,6296.2),(12603.5,8022.3),(9317.6,5264.2),(9797.4,7650.0),(6760.4, 726.6),(10057.0, 229.8),(6984.3,7139.3),(4611.9,1311.3),( 569.9,2096.0),(5603.3,5219.3),(3510.0,7111.0),(7381.1,2917.1),(4173.6,2919.0)
71,(2106.7,4472.1),(11569.3,7143.9),(13013.6,1377.4),(3952.3, 720.0),(13186.0,5551.3),(1293.8,6330.5),(12270.3,8017.9),(9317.6,5264.2),(9795.3,7650.0),(6760.5, 726.9),(9723.7, 235.5),(7127.5,7135.2),(4942.5,1266.0),( 547.6,2097.6),(5612.4,5219.8),(3514.4,7303.9),(7436.9,2972.9),(4173.6,2919.0)
72,(2105.8,4461.7),(11570.0,7147.0),(12995.6,1027.3),(3943.1, 698.6),(13166.2,5521.4),(1289.3,6296.9),(12177.9,8016.7),(9317.6,5264.2),(10095.0,7650.0),(6760.6, 727.3),(9390.4, 241.1),(7109.3,7135.7),(5011.9,1454.3),( 525.3,2099.2),(5610.3,5219.7),(3514.4,7305.4),(7409.0,2945.0),(4173.6,2919.0)
73,(2248.4,4267.4),(11570.8,7150.2),(12996.3,1041.7),(3910.8, 623.2),(13222.8,5606.8),(1293.7,6329.8),(12511.2,8021.1),(9000.8,5250.4),(10059.4,7650.0),(6760.6, 727.6),(9057.1, 246.8),(7038.9,7137.7),(5103.7,1839.2),( 502.9,2100.9),(5601.2,5219.2),(3514.5,7306.8),(7532.8,2967.8),(4173.6,2919.0)
74,(2089.0,4276.9),(11571.5,7153.3),(13014.3,1391.8),(3920.0, 644.6),(13297.3,5719.3),(1293.6,6329.4),(12844.5,8025.4),(9000.8,5250.4),(9902.3,7650.0),(6760.7, 727.9),(8750.8, 259.7),(7057.1,7137.2),(5430.7,1908.0),( 480.6,2102.5),(5675.3,5220.0),(3545.9,6927.5),(7428.0,2964.0),(4173.6,2919.0)
75,(2123.5,4656.9),(11493.0,6818.1),(13032.3,1741.9),(3947.9, 738.9),(13482.5,5998.6),(1293.6,6329.0),(13177.8,8029.8),(9000.8,5250.4),(9619.0,7650.0),(6760.8, 728.3),(8792.7, 375.4),(7075.3,7136.7),(5514.2,2056.7),( 458.3,2104.1),(5720.0,5220.0),(3510.1,7113.4),(7619.3,2946.2),(4124.2,3037.1)
76,(2104.4,4446.8),(11416.6,6491.6),(12972.9,2091.8),(3615.7, 762.3),(13331.5,5770.9),(1347.5,6667.4),(13511.1,8034.1),(9000.8,5250.4),(9952.4,7650.0),(6760.9, 728.6),(8826.8, 469.4),(7075.3,7136.7),(5673.1,2301.9),( 790.8,2080.0),(5387.1,5208.0),(3513.2,7093.6),(7399.1,2935.1),(4124.2,3037.1)
77,(2088.0,4266.4),(11495.1,6826.8),(12639.9,2108.2),(3449.0, 774.1),(13131.3,5468.8),(1424.8,7025.5),(13844.4,8038.5),(9000.8,5250.4),(10285.7,7650.0),(6761.0, 728.9),(8950.2, 810.1),(7075.3,7136.7),(5995.8,2218.2),( 805.7,2078.9),(5336.3,5021.1),(3556.9,7110.0),(7447.4,2831.6),(4124.2,3037.1)
78,(2107.1,4476.5),(11543.0,7031.4),(12307.0,2124.5),(3781.6, 750.6),(13266.0,5291.6),(1774.3,7083.2),(14177.7,8042.9),(9164.1,4646.4),(10319.2,7484.0),(6677.1, 405.3),(9073.7,1150.8),(7075.3,7136.7),(6277.7,2130.6),( 473.2,2103.0),(5632.7,4860.2),(3890.3,7110.0),(7438.6,2533.2),(4124.2,3037.1)
79,(2144.0,4821.8),(11896.2,7130.4),(11974.2,2140.9),(3964.2, 763.1),(13252.1,5091.0),(2106.5,7073.3),(14419.4,8034.7),(9189.1,4240.6),(10145.2,7177.2),(6918.0, 270.0),(9154.7,1374.6),(7075.3,7136.7),(6166.6,1834.2),( 476.2,2311.1),(5438.6,4935.8),(4223.6,7110.0),(7443.0,2681.5),(4017.5,2926.2)
80,(2292.5,5174.8),(11688.0,7152.1),(11939.1,2142.4),(4009.7,1036.1),(13225.9,4712.8),(2296.1,6825.9),(14461.2,7694.1),(9404.5,4405.8),(9812.0,7166.6),(7251.3, 270.0),(9154.7,1374.6),(7075.3,7136.7),(6019.9,1547.3),( 548.0,2644.0),(5764.9,4860.0),(4556.9,7110.0),(7443.0,2683.3),(4133.7,2917.3)
81,(2243.8,5033.8),(11592.5,7338.4),(11942.7,1955.0),(4124.3, 738.0),(13199.8,4334.6),(2252.8,6860.2),(14503.0,7353.5),(9630.9,4420.9),(9478.8,7156.1),(7584.6, 273.3),(9154.7,1374.6),(7075.3,7136.7),(6122.9,1717.8),( 470.7,2285.5),(5943.8,4860.0),(4619.9,6934.6),(7391.6,2961.1),(4106.3,2929.7)
82,(2140.6,4795.0),(11628.5,7676.0),(11924.7,1596.4),(4211.2, 738.0),(13185.9,4134.0),(2265.8,6858.3),(14524.5,6992.1),(9298.3,4398.7),(9162.0,7145.6),(7428.0, 419.9),(9197.5,2348.1),(7075.3,7136.7),(6234.1,2014.2),( 427.1,2077.9),(5610.9,4863.3),(4658.7,7282.5),(7426.4,2962.4),(4106.3,2929.7)
83,(2020.4,4685.4),(11699.0,8010.5),(11906.8,1237.7),(4042.2, 738.0),(13159.7,3755.8),(2455.4,6643.8),(14245.0,6840.0),(9178.3,4539.7),(9169.2,6814.4),(7579.5, 273.2),(9189.3,2785.7),(7075.3,7136.7),(6275.7,2142.0),( 564.6,2096.4),(5626.3,4833.0),(4687.4,7620.4),(7228.2,2801.0),(4106.6,2931.8)
84,(2106.2,4466.7),(12032.3,8014.8),(11888.9, 879.1),(3953.6, 723.1),(13133.6,3377.6),(2686.0,6380.3),(14000.9,6780.9),(9095.9,4662.0),(9169.2,6815.2),(7577.4, 273.1),(9518.7,2733.7),(7075.3,7136.7),(6078.4,1986.9),( 542.3,2098.0),(5601.2,4745.2),(4689.5,7954.8),(7452.0,2986.7),(4119.2,3007.4)
85,(2142.3,4808.4),(12142.7,8016.3),(11888.9, 879.1),(3836.4, 449.7),(13107.4,2999.4),(2920.7,6133.3),(13800.7,6478.8),(9177.7,4544.2),(9169.2,6815.3),(7575.3, 273.1),(9848.1,2681.7),(7075.3,7136.7),(5851.6,1728.6),( 435.9,2124.2),(5623.2,4861.5),(4356.6,7939.7),(7451.9,2985.9),(4106.9,2933.4)
86,(2141.0,4798.3),(11809.4,8011.9),(11838.6, 198.7),(3696.5, 361.5),(13093.5,2798.8),(2825.3,6228.7),(13649.7,6251.0),(9177.7,4544.2),(9169.2,6814.3),(7573.3, 273.0),(10175.4,2630.0),(7075.3,7136.7),(5700.8,1592.2),( 477.8,2102.7),(5566.3,4869.7),(4220.4,7933.5),(7451.9,2985.1),(4106.9,2933.4)
87,(2106.4,4468.7),(11646.2,7842.7),(11505.4, 204.7),(3936.2, 355.1),(13067.6,2422.8),(2603.2,6474.9),(13669.5,6280.9),(9177.7,4544.2),(9176.4,6484.2),(7571.2, 273.0),(10220.1,2614.5),(7075.3,7136.7),(5949.3,1817.0),( 455.5,2104.3),(5320.6,5034.2),(4553.5,7948.6),(7392.3,2928.3),(4106.9,2933.4)
88,(2122.5,4645.2),(11645.9,7839.7),(11243.9, 209.4),(3861.0, 507.0),(12940.7,2434.2),(2372.6,6738.4),(13689.4,6310.8),(9290.1,5262.7),(9169.2,6815.4),(7569.2, 272.9),(9883.3,2676.1),(7075.3,7136.7),(5945.7,1813.7),( 433.2,2105.9),(5065.2,5038.7),(4886.4,7949.2),(7425.8,2961.8),(4106.9,2933.4)
89,(2123.0,4651.0),(11610.0,7502.0),(11174.8, 210.6),(3941.8, 695.6),(13067.7,2425.0),(2166.8,6993.0),(13489.2,6008.7),(9281.0,5262.3),(9162.0,7147.1),(7567.1, 272.9),(9796.1,2689.9),(7380.1,6261.8),(6073.3,1976.7),( 453.6,2104.4),(5114.0,5193.6),(5219.5,7935.9),(7420.1,2956.1),(4121.2,3019.3)
90,(2123.5,4656.8),(11593.9,7350.8),(10902.5, 215.5),(3912.1, 626.2),(13050.2,2092.5),(2230.9,7085.9),(13421.8,5907.0),(9271.8,5261.8),(9150.0,7483.0),(7565.1, 272.8),(9566.5,2726.1),(7341.3,6265.1),(5970.5,1836.1),( 476.0,2102.8),(5163.0,5331.6),(5552.6,7922.5),(7383.2,2919.2),(4137.9,2917.5)
91,(2107.6,4481.4),(11590.2,7316.4),(11180.2, 210.5),(3921.3, 647.6),(13067.8,2426.0),(2276.8,7090.3),(13402.0,5877.1),(9162.0,5257.7),(9153.1,7822.2),(7563.0, 272.8),(9237.1,2778.1),(7008.1,6274.3),(6030.5,1891.0),( 498.3,2101.2),(5169.6,5323.7),(5611.4,7750.7),(7434.9,2970.9),(4289.1,2924.0)
92,(2159.4,4945.4),(11250.8,7168.6),(11183.0, 210.4),(3956.8, 730.6),(12983.0,2091.3),(2266.4,7089.3),(13377.9,5840.8),(9242.1,5260.2),(8978.0,7988.8),(7561.0, 272.8),(9164.6,2976.2),(7113.1,6271.4),(6161.0,2157.6),( 468.1,2273.3),(5268.4,5044.9),(5602.4,7417.7),(7447.5,2835.3),(4121.0,3017.7)
93,(2158.8,4940.1),(11500.2,7165.0),(11230.3, 209.6),(4039.6, 738.0),(12650.0,2107.7),(2147.6,7018.6),(13313.1,5743.0),(9575.0,5277.7),(8644.8,7983.1),(7558.9, 272.7),(9169.7,3345.9),(7380.2,6260.5),(6229.8,2374.1),( 470.0,2282.0),(5177.2,4909.0),(5490.7,7110.0),(7447.5,2836.1),(4105.2,2923.0)
94,(2123.0,4650.9),(11593.0,7342.6),(11563.6, 203.6),(3954.0, 724.0),(12317.0,2124.0),(2171.2,6987.0),(13293.3,5713.1),(9903.3,5275.6),(8620.5,7982.7),(7556.9, 272.7),(9172.3,3533.1),(7398.2,5924.6),(6087.8,2005.7),( 604.8,2093.5),(5082.6,4944.3),(5157.4,7110.0),(7447.6,2836.9),(4105.2,2923.0)
95,(2123.5,4656.7),(11591.1,7324.5),(11560.9, 203.7),(3944.8, 702.6),(12285.7,2125.6),(2243.2,7087.1),(13493.5,6015.2),(10031.9,5253.8),(8326.2,7977.6),(7554.8, 272.6),(9177.4,3898.8),(7415.8,5595.2),(6077.5,1985.0),( 591.2,2094.5),(4932.0,5184.0),(4824.1,7110.0),(7431.1,2967.1),(4105.2,2923.0)
96,(2107.6,4481.4),(11454.4,7165.7),(11529.8, 204.3),(3909.1, 619.2),(12383.3,2120.8),(2165.1,6995.1),(13555.6,6109.0),(9979.4,5089.1),(8326.2,7977.6),(7552.7, 272.6),(9172.3,3532.1),(7397.8,5931.0),(5959.0,1825.8),( 438.1,2134.4),(5160.8,4985.1),(4490.7,7110.0),(7447.5,2835.5),(4105.2,2923.0)
97,(2123.7,4658.6),(11422.6,7166.1),(11555.4, 203.8),(3918.3, 640.6),(12416.3,2119.2),(2142.3,7025.5),(13404.6,5881.1),(9979.0,5099.3),(8326.2,7977.6),(7550.7, 272.5),(9172.3,3529.5),(7397.8,5930.9),(5955.4,1822.5),( 526.8,2099.1),(5371.8,4991.5),(4535.4,7110.0),(7447.5,2836.3),(4105.2,2923.0)
98,(2107.4,4479.5),(11392.1,7166.6),(11535.3, 204.2),(3959.8, 737.6),(12552.6,2112.5),(2124.9,7048.9),(13595.2,6168.8),(9979.0,5099.3),(8297.8,7977.1),(7548.6, 272.5),(9167.1,3160.8),(7398.1,5925.3),(6116.2,2062.4),( 504.5,2100.7),(5172.2,4991.4),(4707.9,7110.0),(7447.6,2837.1),(4105.2,2923.0)
99,(2106.9,4473.7),(11424.0,7166.1),(11538.0, 204.1),(3950.7, 716.2),(12482.4,2115.9),(2147.7,7018.5),(13444.3,5941.0),(9979.0,5099.3),(8301.0,7977.2),(7546.6, 272.4),(9169.7,3348.0),(7397.9,5930.5),(6150.6,2131.3),( 482.1,2102.4),(5143.7,4975.6),(4624.7,7110.0),(7447.6,2837.9),(4105.2,2923.0)
100,(2106.4,4467.9),(11455.8,7165.7),(11540.7, 204.1),(3941.5, 694.8),(12486.4,2115.7),(2171.1,6987.1),(13295.9,5717.1),(9844.3,5991.7),(7967.7,7970.2),(7544.5, 272.4),(9174.9,3717.8),(7397.9,5930.4),(6140.3,2110.7),( 459.8,2104.0),(5165.2,4987.6),(4618.6,7110.0),(7447.6,2838.7),(4105.2,2923.0)
101,(2122.5,4645.9),(11575.0,7173.1),(11543.4, 204.0),(3912.4, 627.0),(12453.3,2117.3),(2148.3,7017.5),(13276.1,5687.2),(9960.3,6306.3),(8241.6,7976.1),(7542.5, 272.4),(9290.1,4077.5),(7380.1,6261.8),(6130.0,2090.0),( 437.5,2105.6),(5193.7,5003.4),(4573.9,7110.0),(7443.0,2682.0),(4105.2,2923.0)
102,(2125.8,4676.0),(11610.9,7510.8),(11541.8, 204.0),(3921.6, 648.4),(12215.7,2129.0),(2118.9,7056.9),(13333.0,5773.0),(9960.3,6306.3),(8226.8,7975.9),(7540.4, 272.3),(9180.0,4084.7),(7380.1,6262.0),(6101.1,2032.3),( 449.4,2104.7),(5222.2,5019.2),(4529.3,7110.0),(7452.0,2987.2),(4104.4,2918.2)
103,(2142.2,4807.5),(11609.2,7494.8),(11548.9, 203.9),(3956.5, 729.8),(12248.7,2127.4),(2141.7,7026.5),(13352.8,5802.9),(9960.3,6306.3),(8371.9,7978.4),(7538.4, 272.3),(9180.0,4085.2),(7380.1,6262.1),(6111.4,2052.9),( 465.9,2263.1),(5250.8,5035.1),(4484.6,7110.0),(7452.0,2986.4),(4121.5,3021.0)
104,(2141.2,4799.2),(11570.6,7149.5),(11551.6, 203.9),(3947.3, 708.3),(12354.2,2122.2),(2338.4,6777.5),(13372.6,5832.8),(9924.0,5965.4),(8545.4,7981.4),(7536.3, 272.2),(9174.9,3715.5),(7397.9,5929.7),(6155.4,2140.8),( 467.8,2271.8),(5279.3,5050.9),(4817.9,7110.0),(7451.9,2985.6),(4104.6,2919.8)
105,(2143.5,4818.1),(11574.6,7169.4),(11533.7, 204.2),(3906.6, 613.4),(12321.2,2123.8),(2227.3,6912.3),(13221.6,5605.0),(9924.0,5965.4),(8401.3,7978.9),(7534.3, 272.2),(9172.3,3532.9),(7398.1,5926.5),(6145.1,2120.2),( 469.6,2280.5),(5255.8,5037.9),(4773.3,7110.0),(7451.9,2984.8),(4121.2,3019.4)
106,(2144.2,4823.4),(11574.5,7168.7),(11530.9, 204.2),(3915.8, 634.9),(12348.0,2122.5),(2344.5,6770.6),(13298.5,5721.1),(9924.0,5965.4),(8516.0,7980.9),(7532.2, 272.1),(9172.3,3528.8),(7398.1,5926.6),(5971.6,1837.2),( 471.5,2289.3),(5538.9,4873.6),(4642.4,7098.6),(7451.9,2984.0),(4104.9,2921.3)
107,(2159.4,4945.2),(11609.6,7498.5),(11559.8, 203.7),(3925.0, 656.3),(12620.9,2109.1),(2222.3,6919.0),(13278.7,5691.2),(9741.9,5286.5),(8501.3,7980.6),(7530.2, 272.1),(9167.1,3159.0),(7397.9,5929.2),(6049.9,1929.9),( 438.5,2136.3),(5744.1,4726.3),(4643.1,7103.6),(7447.5,2835.3),(4121.0,3017.9)
108,(2158.7,4939.9),(11610.3,7505.6),(11226.5, 209.7),(3953.1, 721.9),(12780.1,2101.3),(2167.1,6992.6),(13429.7,5919.0),(9881.2,5281.9),(8834.6,7986.4),(7528.1, 272.0),(9167.1,3159.5),(7399.1,6264.5),(6090.9,2011.9),( 436.7,2127.6),(5554.3,4871.4),(4643.8,7108.7),(7447.5,2836.1),(4105.2,2922.9)
109,(2158.1,4934.6),(11610.3,7504.9),(11229.2, 209.6),(3943.9, 700.5),(12920.9,2094.4),(2144.3,7023.0),(13570.1,6131.0),(9881.5,5281.9),(8819.8,7986.1),(7526.0, 272.0),(9167.1,3160.0),(7396.7,6264.4),(5922.1,1792.4),( 494.2,2101.5),(5631.5,4860.4),(4621.7,6947.7),(7447.6,2836.9),(4120.7,3016.3)
110,(2122.6,4646.8),(11610.2,7504.1),(11184.1, 210.4),(3910.0, 621.3),(12887.8,2096.0),(2122.9,7051.4),(13590.0,6160.9),(9947.4,5263.0),(8822.9,7986.2),(7524.0, 272.0),(9164.6,2977.5),(7388.6,6103.9),(6081.9,1993.8),( 471.8,2103.1),(5362.1,4999.6),(4621.0,6942.7),(7447.6,2837.7),(4120.7,3016.3)
111,(2125.6,4674.8),(11610.1,7503.4),(11181.3, 210.5),(3919.2, 642.7),(13050.5,2097.0),(2145.7,7021.0),(13541.0,6086.9),(9925.9,5269.2),(8837.6,7986.4),(7521.9, 271.9),(9164.6,2976.9),(7388.6,6103.8),(5946.9,1814.8),( 432.8,2109.6),(5331.3,5025.2),(4534.7,7110.0),(7447.6,2838.5),(4120.7,3016.3)
112,(2142.0,4806.2),(11610.0,7502.7),(11237.4, 209.5),(3958.9, 735.5),(13067.6,2421.5),(2200.9,6947.4),(13678.8,6295.0),(9860.0,5288.0),(8852.3,7986.7),(7519.9, 271.9),(9164.6,2976.4),(7388.6,6103.6),(5943.3,1811.6),( 464.3,2256.0),(5270.7,5046.1),(4490.0,7110.0),(7451.9,2985.2),(4105.9,2927.5)
113,(2141.3,4800.5),(11626.1,7654.2),(11175.9, 210.6),(3949.8, 714.1),(12897.6,2095.5),(2374.2,6736.6),(13501.4,6027.1),(9902.7,5275.8),(8867.0,7986.9),(7517.8, 271.8),(9164.6,2975.9),(7389.4,6088.6),(6111.8,2053.6),( 466.2,2264.7),(5264.4,5042.7),(4823.4,7110.0),(7451.9,2984.4),(4119.9,3011.7)
114,(2143.4,4816.9),(11626.2,7654.9),(11173.2, 210.6),(3940.6, 692.7),(12930.7,2093.9),(2349.4,6765.0),(13547.7,6097.1),(9970.6,5256.4),(8881.8,7987.2),(7515.8, 271.8),(9164.6,2975.4),(7406.6,5767.3),(6030.9,1891.9),( 468.1,2273.4),(5317.3,5037.0),(4509.3,7110.0),(7451.9,2983.6),(4106.2,2929.1)
115,(2144.0,4822.2),(11593.7,7349.1),(11170.5, 210.7),(3913.3, 629.1),(13050.2,2092.5),(2328.0,6789.5),(13412.5,5893.0),(9904.7,5275.2),(8548.5,7981.4),(7513.7, 271.7),(9167.1,3158.0),(7388.6,6103.1),(6041.3,1912.5),( 470.0,2282.1),(5348.0,5011.3),(4554.0,7110.0),(7418.4,2954.4),(4119.7,3010.1)
116,(2159.6,4946.4),(11593.6,7348.4),(11167.8, 210.7),(3922.5, 650.5),(12972.8,2091.8),(2306.6,6813.9),(13587.3,6156.9),(9833.1,5291.3),(8563.2,7981.7),(7511.7, 271.7),(9167.1,3158.5),(7388.6,6102.9),(6051.6,1933.2),( 440.1,2143.4),(5403.9,4964.8),(4598.6,7110.0),(7451.9,2984.9),(4106.4,2930.7)
117,(2158.9,4941.1),(11593.5,7347.7),(11165.0, 210.8),(3955.6, 727.7),(13005.8,2090.2),(2285.2,6838.4),(13436.4,5929.1),(9849.5,5291.0),(8702.1,7984.1),(7509.6, 271.6),(9167.1,3159.0),(7388.6,6102.9),(6089.3,2008.5),( 438.2,2134.7),(5563.4,4870.1),(4643.3,7110.0),(7395.0,2931.0),(4119.4,3008.5)
118,(2158.2,4935.8),(11626.5,7657.9),(11162.3, 210.8),(3946.4, 706.2),(13050.0,2088.6),(2315.3,6804.0),(13523.8,6061.0),(9771.1,5288.1),(9035.4,7989.8),(7507.6, 271.6),(9167.1,3159.5),(7388.6,6102.9),(5926.6,1796.5),( 436.3,2126.0),(5481.1,4900.4),(4600.0,7110.0),(7423.1,2959.1),(4106.7,2932.3)
119,(2142.2,4807.6),(11626.6,7658.6),(11159.6, 210.9),(3907.5, 615.5),(13066.0,2430.1),(2125.3,7048.3),(13504.0,6031.1),(9780.2,5288.5),(9368.7,7992.0),(7505.5, 271.6),(9167.1,3160.0),(7388.6,6102.9),(6080.3,1990.5),( 434.4,2117.3),(5582.1,4867.4),(4620.7,6940.4),(7422.8,2958.8),(4119.2,3007.0)
120,(2142.9,4813.0),(11629.3,7683.9),(11492.9, 204.9),(3916.7, 637.0),(12732.9,2441.0),(2318.7,6800.1),(13545.1,6093.1),(9898.5,5277.0),(9629.2,7984.5),(7503.4, 271.5),(9164.6,2977.5),(7388.6,6102.9),(5951.4,1818.9),( 432.6,2108.6),(5408.2,4961.2),(4518.1,7110.0),(7385.9,2921.9),(4122.0,3023.9)
121,(2140.5,4793.7),(11626.8,7660.1),(11490.2, 205.0),(3925.9, 658.4),(12399.7,2451.9),(2243.7,6890.4),(13564.9,6123.0),(9718.3,5285.3),(9691.5,7992.5),(7501.4, 271.5),(9164.6,2976.9),(7388.6,6102.9),(5947.9,1815.7),( 464.6,2257.0),(5556.3,4871.1),(4619.2,6929.4),(7432.2,2968.2),(4104.1,2916.9)
122,(2139.8,4788.4),(11626.8,7660.8),(11600.6, 203.0),(3952.2, 719.8),(12066.6,2462.8),(2153.1,7011.2),(13395.3,5867.1),(9727.4,5285.8),(9974.8,7995.1),(7499.3, 271.4),(9164.6,2976.4),(7388.6,6102.9),(6113.5,2056.9),( 484.5,2102.2),(5489.8,4893.2),(4640.9,7087.1),(7413.7,2949.7),(4104.1,2916.9)
123,(2159.4,4945.0),(11626.9,7661.5),(11603.3, 202.9),(3943.0, 698.4),(12206.6,2458.2),(2165.7,6994.4),(13433.8,5925.1),(9736.5,5286.2),(9641.5,7992.1),(7497.3, 271.4),(9164.6,2975.9),(7388.6,6102.9),(6032.6,1895.2),( 467.5,2270.4),(5589.3,4866.4),(4641.5,7092.1),(7404.3,2940.3),(4104.5,2918.9)
124,(2123.3,4654.5),(11627.0,7662.3),(11606.0, 202.9),(3910.9, 623.4),(12539.8,2447.3),(2142.9,7024.8),(13453.6,5955.0),(9604.4,5279.3),(9610.4,7805.4),(7495.2, 271.3),(9169.7,3345.2),(7388.6,6102.9),(6143.1,2116.2),( 549.0,2097.5),(5600.2,4864.8),(4642.2,7097.1),(7441.3,2977.3),(4121.4,3020.3)
125,(2124.3,4664.4),(11627.1,7663.0),(11479.3, 205.2),(3920.1, 644.8),(12531.2,2447.6),(2124.3,7049.6),(13473.4,5984.9),(9595.2,5278.8),(9282.7,7650.0),(7493.2, 271.3),(9167.2,3162.6),(7388.6,6102.9),(6132.8,2095.5),( 571.3,2095.9),(5523.0,4875.9),(4594.7,6750.6),(7404.6,2940.6),(4104.8,2920.5)
126,(2159.0,4942.3),(11628.8,7679.5),(11611.4, 202.8),(3958.0, 733.4),(12474.0,2449.5),(2317.5,6801.4),(13437.6,5930.9),(9763.9,5287.7),(9249.4,7650.0),(7491.1, 271.2),(9167.2,3162.1),(7388.6,6102.9),(6087.6,2005.2),( 471.3,2288.4),(5571.5,4868.9),(4623.2,7110.0),(7413.5,2949.5),(4121.1,3018.7)
127,(2123.1,4652.5),(11628.8,7678.7),(11614.2, 202.7),(3948.8, 712.0),(12441.2,2450.6),(2296.1,6825.8),(13562.3,6119.0),(9773.0,5288.2),(9216.1,7650.0),(7489.1, 271.2),(9167.2,3161.6),(7388.6,6102.9),(5931.2,1800.6),( 582.7,2095.1),(5398.3,4969.4),(4620.2,7110.0),(7450.4,2986.4),(4121.1,3018.7)
128,(2123.7,4658.3),(11628.7,7678.0),(11616.9, 202.7),(3939.7, 690.6),(12629.6,2444.4),(2274.7,6850.3),(13582.1,6148.9),(9782.1,5288.6),(9182.7,7650.0),(7487.0, 271.2),(9167.2,3161.1),(7388.6,6102.9),(6078.6,1987.2),( 560.3,2096.7),(5367.5,4995.1),(4575.5,7110.0),(7395.5,2931.5),(4121.1,3018.7)
129,(2107.4,4479.9),(11627.4,7665.9),(11619.6, 202.6),(3914.2, 631.2),(12375.5,2452.7),(2325.7,6792.1),(13431.1,5921.2),(9791.2,5289.1),(9149.4,7650.0),(7485.0, 271.1),(9167.1,3160.6),(7388.6,6102.9),(5956.0,1823.0),( 538.0,2098.3),(5336.7,5020.8),(4530.8,7110.0),(7422.6,2958.6),(4121.1,3018.7)
130,(2106.9,4474.1),(11627.5,7666.7),(11622.3, 202.6),(3923.4, 652.7),(12342.7,2453.8),(2347.1,6767.6),(13450.9,5951.1),(9800.3,5289.6),(9171.9,7650.0),(7482.9, 271.1),(9169.7,3343.1),(7388.6,6102.9),(5952.4,1819.8),( 515.7,2099.9),(5303.1,5048.7),(4486.2,7110.0),(7423.4,2959.4),(4121.1,3018.7)
131,(2106.4,4468.3),(11627.6,7667.4),(11625.0, 202.6),(3954.7, 725.6),(12362.2,2453.1),(2368.5,6743.2),(13470.8,5981.0),(9540.6,5275.9),(9382.7,7650.0),(7480.9, 271.0),(9169.7,3343.6),(7388.6,6102.9),(6115.1,2060.2),( 493.3,2101.6),(5333.9,5023.1),(4468.5,7110.0),(7386.4,2922.4),(4121.1,3018.7)
132,(2142.6,4810.5),(11627.6,7668.1),(11627.8, 202.5),(3945.5, 704.1),(12395.1,2452.1),(2389.9,6718.7),(13319.8,5753.2),(9531.4,5275.4),(9349.4,7650.0),(7478.8, 271.0),(9169.7,3344.1),(7388.6,6102.9),(6034.3,1898.5),( 433.7,2114.1),(5364.7,4997.4),(4513.2,7110.0),(7431.7,2967.7),(4119.7,3010.1)
133,(2140.8,4796.2),(11628.3,7674.3),(11630.5, 202.5),(3908.4, 617.7),(12610.1,2445.0),(2333.7,6782.9),(13420.4,5904.9),(9863.0,5287.1),(9271.9,7650.0),(7476.7, 270.9),(9164.6,2975.9),(7388.6,6102.9),(6141.4,2112.8),( 463.4,2251.5),(5586.9,4866.7),(4642.4,7098.4),(7414.2,2950.2),(4119.7,3010.1)
134,(2106.6,4470.2),(11627.8,7669.6),(11297.2, 208.4),(3917.6, 639.1),(12826.7,2437.9),(2231.2,6907.0),(13579.4,6145.0),(9756.6,5287.3),(9282.7,7650.0),(7474.7, 270.9),(9164.6,2975.4),(7388.6,6102.9),(6054.9,1939.8),( 457.9,2104.1),(5509.7,4877.8),(4643.1,7103.4),(7403.8,2939.8),(4119.3,3008.0)
135,(2142.9,4813.2),(11627.9,7670.3),(11452.1, 205.6),(3926.8, 660.5),(12859.5,2436.8),(2198.0,6951.4),(13380.7,5845.1),(9765.7,5287.8),(9249.4,7650.0),(7472.6, 270.8),(9167.1,3158.0),(7388.6,6102.9),(6100.0,2030.1),( 466.3,2264.9),(5584.8,4867.0),(4643.8,7108.4),(7440.8,2976.8),(4106.8,2932.7)
136,(2143.6,4818.5),(11628.1,7672.1),(11449.4, 205.7),(3951.3, 717.7),(12877.5,2436.2),(2220.8,6921.0),(13531.7,6072.9),(9774.9,5288.3),(9216.1,7650.0),(7470.6, 270.8),(9167.1,3158.5),(7388.6,6102.9),(6075.6,1981.3),( 468.1,2273.6),(5604.8,4864.2),(4621.8,6947.9),(7405.1,2941.1),(4119.1,3006.5)
137,(2139.8,4788.2),(11644.1,7823.1),(11305.4, 208.3),(3942.1, 696.3),(12844.7,2437.3),(2350.3,6763.9),(13511.9,6043.0),(9784.0,5288.7),(9182.7,7650.0),(7468.5, 270.8),(9167.1,3159.0),(7388.6,6102.9),(5964.1,1830.4),( 564.4,2096.4),(5456.2,4921.1),(4573.6,7110.0),(7412.9,2948.9),(4119.1,3006.5)
138,(2107.1,4476.1),(11644.2,7823.8),(11308.1, 208.2),(3911.8, 625.5),(13067.7,2424.2),(2371.7,6739.5),(13707.9,6338.9),(9793.1,5289.2),(9149.4,7650.0),(7466.5, 270.7),(9167.1,3159.5),(7388.6,6102.9),(5960.5,1827.2),( 586.7,2094.8),(5296.1,5054.6),(4528.9,7110.0),(7449.9,2985.9),(4119.1,3006.5)
139,(2143.9,4821.2),(11644.3,7824.6),(11105.2, 211.8),(3921.0, 646.9),(12949.4,2092.9),(2393.1,6715.0),(13557.0,6111.1),(9802.2,5289.7),(9171.9,7650.0),(7464.4, 270.7),(9167.1,3160.0),(7388.6,6102.9),(5957.0,1823.9),( 439.9,2142.7),(5473.2,4907.0),(4484.2,7110.0),(7396.0,2932.0),(4121.4,3020.4)
140,(2159.7,4947.4),(11644.4,7825.3),(11102.5, 211.9),(3957.1, 731.3),(12982.4,2091.3),(2183.7,6970.3),(13576.8,6141.0),(9878.2,5282.8),(9205.3,7650.0),(7462.4, 270.6),(9164.6,2977.5),(7388.6,6102.9),(6116.8,2063.5),( 438.0,2134.0),(5442.4,4932.7),(4470.4,7110.0),(7422.1,2958.1),(4104.7,2920.4)
141,(2123.5,4656.2),(11644.4,7826.0),(11099.8, 211.9),(3947.9, 709.9),(13015.4,2089.7),(2160.9,7000.7),(13596.6,6170.9),(9740.3,5286.4),(9238.6,7650.0),(7460.3, 270.6),(9164.6,2977.0),(7388.6,6102.9),(6035.9,1901.8),( 525.1,2099.3),(5386.6,4979.2),(4515.1,7110.0),(7423.9,2959.9),(4104.7,2920.4)
142,(2124.0,4662.0),(11608.5,7488.4),(11097.0, 212.0),(3938.8, 688.5),(13048.5,2088.1),(2106.3,7073.7),(13445.7,5943.1),(9600.6,5279.1),(9316.1,7650.0),(7458.3, 270.5),(9164.6,2976.4),(7388.6,6102.9),(6139.8,2109.5),( 435.2,2120.7),(5444.2,4931.1),(4642.4,7098.7),(7386.9,2922.9),(4105.2,2922.9)
143,(2159.3,4944.7),(11611.4,7515.7),(11094.3, 212.0),(3915.1, 633.3),(13018.3,2089.6),(2295.8,6826.3),(13294.5,5715.0),(9758.5,5287.4),(9282.7,7650.0),(7456.2, 270.5),(9164.6,2975.9),(7388.6,6102.9),(6056.6,1943.1),( 433.3,2111.9),(5520.9,4876.2),(4597.1,7110.0),(7431.2,2967.2),(4120.7,3016.3)
144,(2158.7,4939.4),(11611.3,7515.0),(11091.6, 212.1),(3924.3, 654.8),(12748.8,2102.8),(2262.7,6865.1),(13494.7,6017.1),(9767.6,5287.9),(9249.4,7650.0),(7454.2, 270.4),(9164.6,2975.4),(7388.6,6102.9),(6101.7,2033.4),( 463.8,2253.7),(5453.8,4923.2),(4641.7,7110.0),(7414.8,2950.8),(4105.4,2924.5)
145,(2158.0,4934.1),(11644.7,7829.0),(11424.9, 206.1),(3953.8, 723.5),(12586.2,2110.8),(2301.8,6819.3),(13554.4,6107.1),(9776.7,5288.4),(9216.1,7650.0),(7452.1, 270.4),(9167.1,3158.0),(7388.6,6102.9),(6074.0,1978.0),( 465.7,2262.4),(5617.5,4862.4),(4601.6,7110.0),(7403.3,2939.3),(4120.5,3014.7)
146,(2142.4,4809.4),(11644.8,7829.7),(11422.2, 206.2),(3944.6, 702.0),(12553.2,2112.4),(2257.7,6871.8),(13574.2,6137.0),(9901.8,5276.1),(9182.7,7650.0),(7450.0, 270.3),(9167.1,3158.5),(7388.6,6102.9),(5968.7,1834.5),( 467.6,2271.1),(5448.6,4927.5),(4556.9,7110.0),(7440.3,2976.3),(4105.7,2926.1)
147,(2140.9,4797.3),(11644.9,7830.4),(11419.5, 206.2),(3909.3, 619.8),(12520.2,2114.1),(2307.9,6812.4),(13594.0,6166.9),(9714.8,5285.1),(9149.4,7650.0),(7448.0, 270.3),(9167.2,3161.6),(7388.6,6102.9),(5965.1,1831.3),( 469.5,2279.8),(5479.3,4901.9),(4512.3,7110.0),(7405.6,2941.6),(4120.2,3013.1)
148,(2143.7,4820.0),(11609.0,7492.8),(11416.7, 206.3),(3918.5, 641.2),(12515.1,2114.3),(2252.6,6878.5),(13443.1,5939.2),(9381.9,5267.6),(9150.2,7476.3),(7445.9, 270.3),(9167.2,3161.1),(7388.6,6102.9),(5961.5,1828.0),( 471.4,2288.5),(5579.2,4867.8),(4619.1,6928.6),(7412.4,2948.4),(4105.9,2927.7)
149,(2159.8,4948.6),(11610.9,7511.3),(11414.0, 206.3),(3959.6, 737.0),(12548.1,2112.7),(2314.0,6805.5),(13297.1,5718.9),(9617.0,5279.9),(9005.1,7146.0),(7443.9, 270.2),(9167.1,3160.0),(7388.6,6102.9),(6118.4,2066.9),( 438.7,2137.0),(5393.6,4973.3),(4479.7,7110.0),(7449.4,2985.4),(4119.9,3011.5)
150,(2159.2,4943.3),(11645.1,7832.6),(11340.7, 207.6),(3950.4, 715.6),(12786.9,2100.9),(2247.6,6885.2),(13497.3,6021.0),(9742.1,5286.5),(8920.3,7146.0),(7441.8, 270.2),(9164.6,2977.5),(7388.6,6102.9),(6148.4,2126.9),( 436.8,2128.3),(5362.8,4999.0),(4524.4,7110.0),(7396.5,2932.5),(4106.2,2929.2)
151,(2158.5,4938.0),(11645.2,7833.4),(11072.6, 212.4),(3941.2, 694.2),(12980.2,2091.4),(2320.0,6798.5),(13551.7,6103.2),(9751.2,5287.0),(8887.6,7146.0),(7439.8, 270.1),(9164.6,2977.0),(7388.6,6102.9),(6138.1,2106.2),( 434.9,2119.6),(5468.0,4911.4),(4569.0,7110.0),(7421.5,2957.5),(4119.7,3010.0)
152,(2157.8,4932.7),(11645.3,7834.1),(11069.9, 212.5),(3912.7, 627.6),(13013.2,2089.8),(2242.6,6891.9),(13571.6,6133.1),(9760.4,5287.5),(8854.9,7146.0),(7437.7, 270.1),(9164.6,2976.5),(7388.6,6102.9),(6093.0,2016.1),( 433.1,2110.9),(5560.3,4870.5),(4643.4,7105.9),(7424.4,2960.4),(4106.5,2930.8)
153,(2142.6,4810.8),(11645.4,7834.8),(11067.1, 212.5),(3921.9, 649.0),(13046.2,2088.2),(2219.8,6922.3),(13591.4,6163.0),(9769.5,5288.0),(8769.7,7146.0),(7435.7, 270.0),(9164.6,2975.9),(7388.6,6102.9),(6103.4,2036.7),( 464.1,2254.7),(5629.3,4860.7),(4622.1,6950.4),(7387.4,2923.4),(4119.4,3008.4)
154,(2143.3,4816.1),(11645.4,7835.6),(11064.4, 212.6),(3956.2, 729.2),(13020.5,2089.5),(2209.4,6936.1),(13539.6,6084.8),(9778.6,5288.5),(8789.6,7146.0),(7434.4, 270.0),(9164.6,2975.4),(7388.6,6102.9),(6113.7,2057.3),( 466.0,2263.4),(5552.1,4871.7),(4621.4,6945.4),(7430.7,2966.7),(4106.7,2932.4)
155,(2143.9,4821.4),(11609.5,7497.9),(11061.7, 212.6),(3947.0, 707.8),(12987.5,2091.1),(2364.0,6748.3),(13460.2,5965.1),(9445.7,5270.9),(9122.9,7146.0),(7436.5, 270.1),(9167.2,3162.6),(7388.6,6102.9),(6153.2,2136.4),( 467.8,2272.2),(5542.4,4873.1),(4555.0,7110.0),(7415.3,2951.3),(4119.1,3006.8)
156,(2124.4,4664.8),(11609.6,7498.6),(11059.0, 212.7),(3906.9, 614.0),(12954.5,2092.7),(2159.5,7002.6),(13279.9,5693.0),(9553.2,5276.6),(9155.8,7318.5),(7438.5, 270.1),(9167.2,3162.1),(7388.6,6102.9),(6043.1,1916.3),( 557.5,2096.9),(5619.6,4862.1),(4619.9,6934.4),(7402.8,2938.8),(4122.0,3023.8)
157,(2159.0,4941.9),(11610.3,7505.4),(11056.3, 212.7),(3916.0, 635.4),(12812.6,2099.7),(2107.7,7071.8),(13430.9,5920.8),(9544.1,5276.1),(9155.8,7318.4),(7440.6, 270.1),(9167.2,3161.6),(7388.6,6102.9),(6132.6,2095.1),( 470.7,2285.5),(5569.9,4869.2),(4619.2,6929.3),(7439.8,2975.8),(4104.2,2917.0)
158,(2158.3,4936.6),(11610.2,7504.7),(11389.5, 206.8),(3925.2, 656.9),(12522.4,2113.9),(2243.5,6890.6),(13411.1,5890.9),(9535.0,5275.6),(9155.8,7318.3),(7442.6, 270.2),(9167.2,3161.1),(7388.6,6102.9),(6087.4,2004.8),( 439.3,2140.1),(5524.5,4875.6),(4640.9,7087.1),(7406.1,2942.1),(4121.7,3022.2)
159,(2142.1,4806.9),(11610.2,7504.0),(11386.8, 206.8),(3952.9, 721.3),(12512.9,2114.4),(2324.9,6792.9),(13391.3,5861.0),(9525.8,5275.1),(9144.1,7645.8),(7444.7, 270.2),(9167.1,3160.6),(7388.6,6102.9),(6077.1,1984.2),( 437.5,2131.4),(5451.6,4925.0),(4511.6,7110.0),(7411.9,2947.9),(4104.4,2918.6)
160,(2142.8,4812.2),(11609.9,7501.6),(11367.9, 207.1),(3943.7, 699.9),(12822.1,2099.2),(2238.5,6897.3),(13437.8,5931.2),(9491.3,5273.3),(9258.6,7650.0),(7446.8, 270.3),(9169.7,3343.1),(7388.6,6102.9),(5960.1,1826.8),( 435.6,2122.6),(5395.7,4971.6),(4556.3,7110.0),(7448.9,2984.9),(4121.4,3020.6)
161,(2143.4,4817.5),(11574.0,7164.1),(11045.4, 212.9),(3910.2, 621.9),(12944.9,2093.2),(2190.7,6961.1),(13302.4,5726.9),(9507.6,5274.2),(9292.0,7650.0),(7448.8, 270.3),(9164.6,2977.0),(7388.6,6102.9),(6068.1,1966.1),( 433.7,2113.9),(5435.0,4938.8),(4600.9,7110.0),(7397.0,2933.0),(4104.7,2920.2)
162,(2144.1,4822.8),(11593.8,7350.5),(11373.3, 207.0),(3919.4, 643.3),(12756.1,2102.5),(2386.5,6722.5),(13282.6,5697.0),(9509.7,5274.3),(9150.0,7482.5),(7450.9, 270.4),(9164.6,2976.5),(7388.6,6102.9),(5984.9,1849.2),( 463.4,2251.7),(5465.8,4913.1),(4642.4,7110.0),(7421.0,2957.0),(4121.2,3019.1)
163,(2159.5,4945.8),(11593.8,7349.7),(11375.9, 207.0),(3958.7, 734.9),(12645.0,2107.9),(2178.3,6977.6),(13326.5,5763.2),(9518.9,5274.8),(9322.4,7650.0),(7452.9, 270.4),(9169.7,3344.6),(7388.6,6102.9),(5981.4,1846.0),( 465.3,2260.4),(5556.7,4871.0),(4621.5,6946.1),(7424.9,2960.9),(4105.0,2921.7)
164,(2123.4,4655.0),(11593.7,7349.0),(11378.8, 206.9),(3949.5, 713.5),(12690.0,2105.7),(2155.5,7008.0),(13413.7,5894.9),(9822.0,5290.7),(9232.2,7650.0),(7455.0, 270.5),(9164.6,2975.4),(7388.6,6102.9),(6151.5,2133.1),( 500.8,2101.0),(5632.8,4860.2),(4620.8,6941.1),(7387.9,2923.9),(4120.9,3017.5)
165,(2124.2,4663.6),(11629.6,7686.7),(11045.5, 212.9),(3940.3, 692.1),(13022.8,2089.3),(2111.7,7066.4),(13586.1,6155.0),(9812.9,5290.3),(9198.9,7650.0),(7457.0, 270.5),(9167.1,3157.9),(7388.6,6102.9),(6044.8,1919.6),( 523.1,2099.4),(5555.6,4871.2),(4620.1,6936.1),(7430.2,2966.2),(4120.9,3017.5)
166,(2159.1,4943.1),(11629.5,7685.9),(11048.2, 212.9),(3913.6, 629.7),(12989.7,2091.0),(2239.5,6896.0),(13544.8,6092.8),(9803.8,5289.8),(9165.6,7650.0),(7459.1, 270.5),(9167.1,3158.5),(7388.6,6102.9),(6130.9,2091.8),( 469.2,2278.4),(5538.9,4873.6),(4619.4,6931.0),(7415.8,2951.8),(4120.5,3014.9)
167,(2158.5,4937.8),(11629.4,7685.2),(11051.0, 212.8),(3922.8, 651.1),(13059.3,2264.3),(2329.8,6787.3),(13525.0,6062.8),(9794.7,5289.3),(9155.8,7650.0),(7461.1, 270.6),(9167.1,3159.0),(7388.6,6102.9),(6100.2,2030.5),( 471.1,2287.1),(5442.9,4932.2),(4461.5,7110.0),(7402.3,2938.3),(4105.6,2925.9)
168,(2157.8,4932.5),(11626.6,7658.7),(11053.7, 212.8),(3955.3, 727.1),(13058.7,2254.1),(2308.4,6811.8),(13474.8,5987.1),(9785.6,5288.8),(9189.1,7650.0),(7463.2, 270.6),(9167.1,3159.5),(7388.6,6102.9),(6110.6,2051.1),( 439.0,2138.5),(5599.5,4864.9),(4506.2,7110.0),(7439.3,2975.3),(4120.2,3013.4)
169,(2142.6,4811.0),(11626.7,7659.5),(11056.4, 212.7),(3946.1, 705.7),(12938.5,2093.5),(2252.2,6879.1),(13436.1,5928.7),(9776.5,5288.3),(9222.4,7650.0),(7465.2, 270.7),(9167.1,3160.0),(7388.6,6102.9),(6065.1,1960.2),( 437.1,2129.8),(5522.3,4876.0),(4550.8,7110.0),(7406.7,2942.7),(4105.9,2927.4)
170,(2140.7,4795.7),(11626.8,7660.2),(11059.1, 212.7),(3907.8, 616.1),(12828.6,2098.9),(2144.6,7022.5),(13416.3,5898.8),(9582.7,5278.1),(9144.1,7646.0),(7467.3, 270.7),(9164.6,2977.5),(7388.6,6102.9),(5993.1,1856.6),( 504.6,2100.7),(5314.9,5038.9),(4595.5,7110.0),(7411.4,2947.4),(4120.0,3011.8)
171,(2106.6,4470.6),(11593.1,7343.9),(11354.2, 207.4),(3916.9, 637.5),(12506.4,2114.7),(2174.2,6983.1),(13396.5,5868.9),(9758.2,5287.4),(9252.9,7650.0),(7469.3, 270.8),(9169.7,3343.6),(7388.6,6102.9),(5989.5,1853.3),( 434.2,2116.4),(5345.7,5013.3),(4643.9,7109.5),(7448.4,2984.4),(4120.0,3011.8)
172,(2141.0,4798.3),(11629.1,7681.5),(11400.6, 206.6),(3926.1, 659.0),(12839.2,2098.4),(2151.4,7013.5),(13547.5,6096.7),(9749.1,5286.9),(9286.2,7650.0),(7471.4, 270.8),(9164.6,2976.5),(7388.6,6102.9),(5985.9,1850.1),( 440.2,2105.4),(5618.4,4862.2),(4621.6,6946.9),(7397.5,2933.5),(4119.5,3009.2)
173,(2140.4,4793.0),(11629.0,7680.8),(11348.7, 207.5),(3952.0, 719.2),(12806.1,2100.0),(2115.8,7060.9),(13527.6,6066.8),(9740.0,5286.4),(9268.4,7650.0),(7473.5, 270.9),(9164.6,2976.0),(7388.6,6102.9),(6149.9,2129.7),( 446.6,2104.9),(5541.2,4873.3),(4620.9,6941.8),(7420.5,2956.5),(4119.5,3009.2)
174,(2106.8,4472.6),(11628.9,7680.1),(11346.0, 207.5),(3942.8, 697.8),(12594.9,2110.4),(2138.6,7030.5),(13507.8,6036.9),(9730.9,5285.9),(9235.1,7650.0),(7475.5, 270.9),(9169.7,3345.1),(7388.6,6102.9),(6139.6,2109.1),( 469.0,2103.3),(5303.5,5048.4),(4528.6,7110.0),(7425.4,2961.4),(4119.5,3009.2)
175,(2143.3,4816.4),(11627.2,7663.9),(11408.7, 206.4),(3911.1, 624.0),(12374.1,2121.2),(2193.8,6956.9),(13541.2,6087.3),(9721.8,5285.5),(9201.8,7650.0),(7477.6, 270.9),(9167.1,3157.9),(7388.6,6102.9),(6129.2,2088.5),( 466.8,2267.2),(5334.3,5022.7),(4483.9,7110.0),(7388.4,2924.4),(4121.9,3023.7)
176,(2144.0,4821.7),(11627.3,7664.6),(11411.4, 206.4),(3920.3, 645.4),(12707.0,2104.9),(2382.8,6726.8),(13419.0,5902.8),(9637.3,5281.0),(9419.6,7650.0),(7479.6, 271.0),(9167.2,3162.1),(7388.6,6102.9),(6101.9,2033.8),( 468.6,2275.9),(5434.9,4938.9),(4470.8,7110.0),(7429.6,2965.6),(4104.2,2917.1)
177,(2159.6,4946.9),(11592.7,7339.4),(11078.2, 212.3),(3957.8, 732.8),(13039.8,2088.5),(2175.2,6981.8),(13360.9,5815.1),(9361.5,5266.5),(9752.9,7650.0),(7481.7, 271.0),(9167.1,3159.0),(7388.6,6102.9),(6112.2,2054.4),( 470.5,2284.6),(5586.2,4866.8),(4641.6,7092.7),(7416.3,2952.3),(4121.7,3022.1)
178,(2125.1,4670.4),(11592.6,7338.7),(11080.9, 212.3),(3948.6, 711.4),(13006.8,2090.1),(2152.4,7012.2),(13330.1,5768.7),(9655.6,5282.0),(9717.2,7650.0),(7483.7, 271.1),(9167.1,3159.5),(7388.6,6102.9),(6026.2,1886.6),( 439.5,2141.0),(5508.2,4878.0),(4642.3,7097.7),(7401.8,2937.8),(4104.5,2918.7)
179,(2158.3,4936.3),(11627.5,7666.8),(11083.6, 212.2),(3939.4, 690.0),(12973.7,2091.8),(2278.6,6845.9),(13449.7,5949.2),(9685.3,5283.5),(9681.6,7650.0),(7485.8, 271.1),(9167.1,3160.0),(7388.6,6102.9),(6029.8,1889.8),( 437.7,2132.3),(5585.4,4866.9),(4590.1,7110.0),(7438.8,2974.8),(4121.4,3020.5)
180,(2142.1,4807.2),(11628.4,7675.6),(11086.3, 212.2),(3914.5, 631.8),(13058.8,2254.5),(2321.8,6796.5),(13510.5,6040.9),(9676.2,5283.1),(9645.9,7650.0),(7487.8, 271.2),(9164.6,2977.5),(7388.6,6102.9),(5994.0,1857.5),( 435.8,2123.5),(5410.2,4959.5),(4634.7,7110.0),(7407.2,2943.2),(4104.7,2920.3)
181,(2142.8,4812.5),(11628.4,7674.9),(11089.0, 212.1),(3923.7, 653.2),(12931.6,2093.8),(2119.9,7055.5),(13490.6,6011.0),(9942.2,5264.5),(9610.2,7650.0),(7489.9, 271.2),(9164.6,2977.0),(7388.6,6102.9),(5990.5,1854.2),( 433.9,2114.8),(5359.1,5002.1),(4608.6,7110.0),(7410.9,2946.9),(4121.2,3018.9)
182,(2140.5,4794.2),(11627.7,7669.0),(11091.8, 212.1),(3954.4, 725.0),(12898.5,2095.4),(2142.7,7025.1),(13558.4,6113.2),(9738.1,5286.3),(9613.4,7650.0),(7491.9, 271.3),(9164.6,2976.5),(7388.6,6102.9),(6148.2,2126.4),( 432.4,2106.0),(5328.3,5027.8),(4563.9,7110.0),(7447.9,2983.9),(4121.2,3018.9)
183,(2106.7,4471.7),(11627.8,7669.8),(11094.5, 212.0),(3945.2, 703.6),(12868.7,2096.9),(2176.1,6980.5),(13401.8,5876.9),(9729.0,5285.8),(9649.1,7650.0),(7494.0, 271.3),(9164.6,2976.0),(7388.6,6102.9),(6137.9,2105.8),( 454.4,2104.4),(5540.5,4873.4),(4620.1,6935.6),(7398.1,2934.1),(4121.2,3018.9)
184,(2143.1,4815.2),(11628.1,7672.7),(11097.2, 212.0),(3908.7, 618.2),(12901.7,2095.3),(2220.7,6921.1),(13382.0,5847.0),(9719.9,5285.4),(9684.8,7650.0),(7496.1, 271.3),(9164.6,2975.4),(7388.6,6102.9),(6092.8,2015.5),( 466.1,2264.1),(5617.7,4862.3),(4619.4,6930.5),(7420.0,2956.0),(4105.4,2924.4)
185,(2143.8,4820.5),(11628.0,7672.0),(11316.1, 208.1),(3917.9, 639.7),(12568.8,2111.7),(2350.4,6763.8),(13532.9,6074.8),(9710.8,5284.9),(9720.4,7650.0),(7498.1, 271.4),(9167.2,3162.6),(7388.6,6102.9),(6103.6,2037.1),( 468.0,2272.9),(5370.4,4992.6),(4465.3,7110.0),(7425.9,2961.9),(4120.5,3014.8)
186,(2159.8,4948.1),(11644.1,7823.3),(11438.6, 205.9),(3927.0, 661.1),(12601.8,2110.0),(2225.7,6914.4),(13513.1,6044.8),(9701.7,5284.4),(9756.1,7650.0),(7500.2, 271.4),(9167.2,3162.1),(7388.6,6102.9),(6113.9,2057.8),( 469.9,2281.6),(5339.7,5018.3),(4510.0,7110.0),(7388.9,2924.9),(4105.7,2926.0)
187,(2123.5,4656.7),(11644.2,7824.0),(11441.4, 205.8),(3951.1, 717.1),(12367.2,2121.6),(2344.4,6770.7),(13493.3,6014.9),(9692.6,5283.9),(9765.2,7650.0),(7502.2, 271.5),(9167.2,3161.6),(7388.6,6102.9),(6153.0,2136.0),( 603.0,2093.6),(5499.8,4884.8),(4642.3,7098.0),(7429.1,2965.1),(4105.7,2926.0)
188,(2107.6,4481.4),(11644.3,7824.7),(11444.1, 205.8),(3941.9, 695.7),(12334.2,2123.2),(2143.3,7024.3),(13555.8,6109.3),(9666.6,5282.6),(9729.6,7650.0),(7504.3, 271.5),(9167.2,3161.1),(7388.6,6102.9),(6142.7,2115.3),( 593.1,2094.3),(5572.7,4868.8),(4643.0,7103.0),(7416.8,2952.8),(4106.1,2928.5)
189,(2123.7,4658.6),(11608.4,7487.1),(11446.8, 205.7),(3912.0, 626.1),(12335.1,2123.2),(2123.9,7050.1),(13355.6,5807.2),(9333.9,5265.0),(9693.9,7650.0),(7506.3, 271.6),(9172.3,3530.3),(7388.6,6102.9),(6053.7,1937.3),( 570.8,2095.9),(5397.5,4970.1),(4629.3,7110.0),(7401.3,2937.3),(4106.1,2928.5)
190,(2107.4,4479.5),(11608.4,7487.8),(11449.5, 205.7),(3921.2, 647.5),(12633.9,2108.5),(2146.7,7019.7),(13375.4,5837.1),(9343.0,5265.5),(9658.2,7650.0),(7508.4, 271.6),(9169.7,3343.1),(7388.6,6102.9),(6098.8,2027.6),( 548.4,2097.6),(5433.3,4940.3),(4614.0,7110.0),(7438.2,2974.2),(4106.1,2928.5)
191,(2106.9,4473.7),(11611.5,7516.3),(11116.2, 211.6),(3956.9, 730.7),(12966.8,2092.1),(2172.1,6985.9),(13315.5,5746.7),(9655.9,5282.0),(9622.6,7650.0),(7510.4, 271.7),(9169.7,3343.6),(7388.6,6102.9),(6076.9,1983.8),( 526.1,2099.2),(5514.6,4877.1),(4621.0,6942.3),(7407.7,2943.7),(4119.3,3007.6)
192,(2106.4,4467.9),(11611.4,7515.5),(11118.9, 211.6),(3947.7, 709.3),(12800.2,2100.3),(2149.3,7016.3),(13464.3,5971.2),(9646.7,5281.5),(9601.1,7650.0),(7512.5, 271.7),(9164.6,2976.5),(7388.6,6102.9),(6119.4,2068.9),( 503.7,2100.8),(5464.7,4914.1),(4620.3,6937.3),(7410.4,2946.4),(4119.3,3007.6)
193,(2142.5,4810.0),(11611.3,7514.8),(11294.3, 208.5),(3906.2, 612.5),(12534.8,2113.3),(2117.9,7058.1),(13484.1,6001.1),(9637.6,5281.0),(9636.8,7650.0),(7514.5, 271.8),(9169.7,3344.6),(7388.6,6102.9),(6006.4,1868.7),( 434.2,2116.2),(5433.9,4939.7),(4619.6,6932.3),(7447.4,2983.4),(4104.2,2917.1)
194,(2140.8,4796.7),(11611.2,7514.1),(11124.4, 211.5),(3915.4, 633.9),(12867.8,2097.0),(2140.7,7027.7),(13426.9,5914.7),(9961.4,5259.0),(9672.4,7650.0),(7516.6, 271.8),(9164.6,2975.4),(7388.6,6102.9),(6010.0,1871.9),( 439.3,2105.5),(5584.6,4867.1),(4618.9,6927.2),(7398.6,2934.6),(4104.2,2917.1)
195,(2140.2,4791.4),(11644.8,7829.9),(11127.1, 211.4),(3924.6, 655.3),(12899.5,2095.4),(2178.1,6977.9),(13573.0,6135.2),(9650.2,5281.7),(9708.1,7650.0),(7518.6, 271.8),(9167.1,3157.9),(7388.6,6102.9),(6013.6,1875.1),( 447.5,2104.9),(5509.8,4877.7),(4641.2,7089.2),(7419.5,2955.5),(4104.5,2919.2)
196,(2159.7,4947.9),(11608.9,7492.2),(11129.8, 211.4),(3953.5, 722.9),(12932.5,2093.8),(2218.7,6923.7),(13372.8,5833.1),(9348.7,5265.8),(9743.8,7650.0),(7520.7, 271.9),(9167.1,3158.4),(7388.6,6102.9),(6034.7,1899.4),( 465.8,2262.7),(5460.4,4917.7),(4527.2,7110.0),(7426.4,2962.4),(4121.3,3020.0)
197,(2159.1,4942.6),(11611.0,7511.9),(11283.5, 208.7),(3944.3, 701.5),(12599.6,2110.2),(2352.8,6761.1),(13318.2,5750.7),(9681.6,5283.3),(9777.6,7650.0),(7522.8, 271.9),(9167.1,3158.9),(7388.6,6102.9),(6141.0,2112.0),( 467.7,2271.4),(5628.6,4860.8),(4642.7,7100.3),(7389.5,2925.5),(4104.8,2920.8)
198,(2125.6,4674.7),(11645.1,7832.1),(11471.3, 205.3),(3909.6, 620.3),(12632.6,2108.5),(2150.2,7015.0),(13518.4,6052.8),(9937.2,5265.9),(9741.9,7650.0),(7524.8, 272.0),(9167.1,3159.5),(7388.6,6102.9),(6055.3,1940.6),( 554.0,2097.2),(5551.4,4871.8),(4643.4,7105.3),(7428.6,2964.6),(4121.1,3018.4)
199,(2142.0,4806.1),(11645.1,7832.8),(11474.0, 205.3),(3918.8, 641.8),(12702.4,2105.1),(2117.0,7059.4),(13481.5,5997.1),(9743.5,5286.6),(9706.2,7650.0),(7526.9, 272.0),(9167.1,3160.0),(7388.6,6102.9),(6100.5,2030.9),( 470.6,2284.8),(5543.1,4873.0),(4622.2,6951.0),(7417.3,2953.3),(4105.1,2922.4)
200,(2142.7,4811.4),(11610.8,7509.7),(11140.7, 211.2),(3959.3, 736.5),(13035.1,2088.7),(2308.7,6811.5),(13429.5,5918.7),(9734.4,5286.1),(9670.6,7650.0),(7528.9, 272.1),(9164.6,2977.5),(7388.6,6102.9),(6110.8,2051.6),( 439.5,2140.8),(5620.3,4862.0),(4596.9,7110.0),(7380.3,2916.3),(4120.8,3016.9)
201,(2143.3,4816.7),(11646.7,7847.3),(11272.6, 208.8),(3950.2, 715.0),(13059.4,2266.7),(2252.0,6879.3),(13629.7,6220.8),(9888.2,5279.9),(9634.9,7650.0),(7531.0, 272.1),(9164.6,2977.0),(7388.6,6102.9),(6121.1,2072.2),( 437.6,2132.1),(5569.3,4869.2),(4620.7,6940.0),(7437.7,2973.7),(4105.3,2923.9)
202,(2140.0,4790.0),(11645.4,7835.0),(11269.9, 208.9),(3941.0, 693.6),(13011.3,2431.9),(2144.8,7022.3),(13609.9,6190.9),(9874.5,5283.9),(9599.2,7650.0),(7533.0, 272.2),(9164.6,2976.5),(7388.6,6102.9),(6001.9,1864.5),( 515.8,2099.9),(5322.4,5032.7),(4514.9,7110.0),(7408.2,2944.2),(4105.3,2923.9)
203,(2107.0,4474.8),(11645.5,7835.7),(11148.9, 211.1),(3912.9, 628.2),(13058.7,2253.5),(2174.0,6983.3),(13659.2,6265.3),(9744.2,5286.6),(9624.4,7650.0),(7535.1, 272.2),(9164.6,2976.0),(7388.6,6102.9),(6005.4,1867.8),( 493.5,2101.5),(5317.4,5036.8),(4470.2,7110.0),(7409.9,2945.9),(4105.3,2923.9)
204,(2106.5,4469.0),(11609.5,7498.1),(11151.6, 211.0),(3922.1, 649.6),(12951.1,2092.9),(2151.2,7013.7),(13459.0,5963.2),(9411.3,5269.1),(9660.1,7650.0),(7537.1, 272.2),(9164.6,2975.5),(7388.6,6102.9),(6037.6,1905.3),( 471.1,2103.2),(5348.2,5011.1),(4484.4,7110.0),(7446.8,2982.8),(4105.3,2923.9)
205,(2122.4,4644.9),(11574.4,7167.6),(11154.3, 211.0),(3956.0, 728.6),(12918.1,2094.5),(2116.0,7060.7),(13281.2,5694.9),(9245.6,5260.4),(9695.8,7650.0),(7539.2, 272.3),(9167.1,3157.9),(7388.6,6102.9),(6138.0,2106.1),( 448.8,2104.8),(5614.2,4862.8),(4641.9,7094.5),(7399.1,2935.1),(4106.3,2929.5)
206,(2125.9,4677.5),(11609.7,7499.5),(11157.0, 210.9),(3946.8, 707.2),(12885.0,2096.1),(2138.8,7030.3),(13327.9,5765.4),(9578.4,5277.9),(9731.4,7650.0),(7541.2, 272.3),(9167.1,3158.4),(7388.6,6102.9),(5952.3,1819.7),( 438.0,2105.6),(5537.0,4873.9),(4642.6,7099.5),(7419.0,2955.0),(4119.6,3009.7)
207,(2142.4,4808.9),(11610.2,7504.5),(11159.7, 210.9),(3907.1, 614.6),(12882.2,2096.3),(2194.0,6956.7),(13412.3,5892.7),(9569.3,5277.4),(9767.1,7650.0),(7543.3, 272.4),(9167.1,3158.9),(7388.6,6102.9),(5955.8,1822.9),( 465.4,2260.8),(5557.4,4870.9),(4643.3,7104.6),(7426.9,2962.9),(4106.5,2931.1)
208,(2143.0,4814.2),(11610.1,7503.8),(11162.5, 210.8),(3916.3, 636.0),(12915.2,2094.6),(2216.8,6926.3),(13392.5,5862.8),(9560.2,5277.0),(9754.2,7650.0),(7545.4, 272.4),(9167.2,3161.1),(7388.6,6102.9),(5959.4,1826.1),( 467.3,2269.5),(5632.1,4860.3),(4641.0,7110.0),(7390.0,2926.0),(4119.4,3008.1)
209,(2143.7,4819.5),(11609.9,7501.7),(11250.8, 209.2),(3925.5, 657.4),(12582.3,2111.0),(2355.1,6758.5),(13436.6,5929.4),(9456.9,5271.5),(9718.6,7650.0),(7547.4, 272.5),(9167.1,3160.6),(7388.6,6102.9),(5963.0,1829.4),( 469.1,2278.2),(5360.2,5001.1),(4602.3,7110.0),(7428.1,2964.1),(4106.8,2932.7)
210,(2159.9,4949.0),(11593.9,7351.0),(11584.1, 203.3),(3952.6, 720.8),(12386.7,2120.6),(2376.5,6734.0),(13303.6,5728.7),(9466.0,5272.0),(9682.9,7650.0),(7549.5, 272.5),(9169.7,3347.8),(7388.6,6102.9),(5966.6,1832.6),( 471.0,2286.9),(5470.6,4909.2),(4557.6,7110.0),(7417.8,2953.8),(4119.1,3006.6)
211,(2159.2,4943.7),(11593.8,7350.3),(11581.4, 203.3),(3943.4, 699.3),(12353.7,2122.2),(2347.1,6767.6),(13283.8,5698.8),(9475.1,5272.5),(9647.2,7650.0),(7551.5, 272.6),(9169.7,3347.3),(7388.6,6102.9),(5970.1,1835.8),( 439.0,2138.7),(5538.5,4873.6),(4513.0,7110.0),(7380.8,2916.8),(4121.9,3023.5)
212,(2158.6,4938.4),(11593.7,7349.6),(11509.3, 204.6),(3910.5, 622.4),(12320.6,2123.9),(2220.1,6921.9),(13325.3,5761.4),(9523.8,5275.0),(9611.6,7650.0),(7553.6, 272.6),(9169.7,3344.1),(7388.6,6102.9),(5973.7,1839.1),( 437.2,2129.9),(5615.7,4862.6),(4619.1,6928.7),(7437.2,2973.2),(4104.2,2917.3)
213,(2157.9,4933.1),(11626.3,7656.0),(11512.1, 204.6),(3919.7, 643.9),(12653.4,2107.5),(2164.9,6995.5),(13414.9,5896.7),(9514.6,5274.6),(9612.1,7650.0),(7555.6, 272.6),(9169.7,3344.6),(7388.6,6102.9),(6049.2,1928.3),( 505.5,2100.7),(5573.8,4868.6),(4640.9,7087.8),(7408.7,2944.7),(4121.7,3021.9)
214,(2142.5,4810.3),(11626.4,7656.7),(11514.8, 204.5),(3958.4, 734.4),(12620.4,2109.1),(2142.1,7025.9),(13395.1,5866.8),(9505.5,5274.1),(9647.8,7650.0),(7557.7, 272.7),(9169.7,3345.1),(7388.6,6102.9),(5948.9,1816.6),( 434.3,2116.6),(5520.6,4876.2),(4641.6,7092.8),(7409.4,2945.4),(4104.5,2918.8)
215,(2140.8,4796.4),(11626.5,7657.4),(11517.5, 204.5),(3949.3, 712.9),(12587.3,2110.8),(2125.1,7048.5),(13433.9,5925.4),(9511.8,5274.4),(9683.4,7650.0),(7559.7, 272.7),(9167.2,3162.7),(7388.6,6102.9),(5952.5,1819.9),( 441.1,2105.3),(5597.8,4865.2),(4642.3,7097.8),(7446.3,2982.3),(4121.4,3020.4)
216,(2140.1,4791.1),(11626.6,7658.2),(11184.2, 210.4),(3940.1, 691.5),(12920.3,2094.4),(2147.9,7018.1),(13453.8,5955.3),(9829.1,5291.1),(9719.1,7650.0),(7561.8, 272.8),(9167.1,3158.4),(7388.6,6102.9),(5956.1,1823.1),( 445.7,2105.0),(5591.7,4866.0),(4643.0,7102.9),(7399.6,2935.6),(4104.7,2920.4)
217,(2159.7,4947.6),(11626.6,7658.9),(11186.9, 210.4),(3913.8, 630.3),(12887.3,2096.0),(2170.9,6987.5),(13473.6,5985.2),(9530.1,5275.4),(9754.8,7650.0),(7563.8, 272.8),(9167.2,3161.6),(7388.6,6102.9),(5959.7,1826.4),( 465.7,2262.4),(5514.5,4877.1),(4643.7,7107.9),(7418.5,2954.5),(4121.1,3018.8)
218,(2159.0,4942.3),(11593.3,7345.2),(11189.7, 210.3),(3923.0, 651.7),(12880.0,2096.4),(2148.1,7017.9),(13322.6,5757.4),(9468.8,5272.1),(9766.6,7650.0),(7565.9, 272.9),(9167.2,3161.1),(7388.6,6102.9),(5963.2,1829.6),( 467.6,2271.1),(5580.0,4867.7),(4621.8,6948.5),(7427.5,2963.5),(4105.0,2922.0)
219,(2123.1,4652.5),(11593.2,7344.4),(11192.4, 210.3),(3955.1, 726.5),(12821.0,2099.3),(2119.1,7056.5),(13342.4,5787.3),(9459.7,5271.7),(9730.9,7650.0),(7567.9, 272.9),(9167.1,3160.0),(7388.6,6102.9),(6053.0,1936.0),( 552.2,2097.3),(5609.6,4863.5),(4621.1,6943.4),(7390.5,2926.5),(4120.9,3017.2)
220,(2124.6,4667.1),(11626.9,7661.1),(11195.1, 210.2),(3945.9, 705.1),(12946.0,2093.1),(2141.9,7026.1),(13397.7,5870.8),(9792.6,5289.2),(9695.2,7650.0),(7570.0, 273.0),(9164.6,2977.5),(7388.6,6102.9),(5938.4,1807.2),( 574.6,2095.7),(5532.4,4874.5),(4620.4,6938.4),(7427.6,2963.6),(4105.3,2924.1)
221,(2125.3,4672.4),(11629.0,7681.4),(11197.8, 210.2),(3908.0, 616.7),(12979.1,2091.5),(2176.9,6979.5),(13548.7,6098.6),(9783.5,5288.7),(9659.6,7650.0),(7572.1, 273.0),(9164.6,2977.0),(7388.6,6102.9),(5942.0,1810.4),( 471.5,2289.1),(5562.1,4870.3),(4619.8,6933.4),(7418.3,2954.3),(4120.5,3015.1)
222,(2126.0,4677.7),(11629.0,7680.6),(11215.5, 209.9),(3917.2, 638.1),(12721.9,2104.1),(2154.1,7009.9),(13528.9,6068.7),(9774.4,5288.2),(9623.9,7650.0),(7574.1, 273.0),(9164.6,2976.5),(7388.6,6102.9),(5945.6,1813.6),( 579.4,2095.3),(5627.4,4860.9),(4619.1,6928.4),(7381.4,2917.4),(4105.7,2926.1)
223,(2142.4,4809.1),(11628.9,7679.9),(11212.8, 209.9),(3926.4, 659.5),(12688.9,2105.8),(2113.1,7064.5),(13509.1,6038.8),(9765.3,5287.8),(9599.8,7650.0),(7576.2, 273.1),(9164.6,2976.0),(7388.6,6102.9),(5949.2,1816.9),( 437.6,2131.9),(5550.2,4872.0),(4641.0,7088.1),(7436.7,2972.7),(4120.2,3013.1)
224,(2140.9,4797.6),(11627.2,7664.0),(11206.0, 210.0),(3951.7, 718.7),(13021.6,2089.4),(2135.9,7034.1),(13540.0,6085.5),(9756.1,5287.3),(9635.4,7650.0),(7578.2, 273.1),(9164.6,2975.5),(7388.6,6102.9),(5952.7,1820.1),( 515.0,2100.0),(5544.2,4872.8),(4641.7,7093.1),(7409.2,2945.2),(4106.0,2927.7)
225,(2106.5,4469.2),(11627.3,7664.8),(11207.3, 210.0),(3942.5, 697.2),(12988.6,2091.0),(2182.9,6971.5),(13420.2,5904.6),(9603.0,5279.2),(9671.1,7650.0),(7580.3, 273.2),(9167.1,3157.9),(7388.6,6102.9),(5956.3,1823.3),( 492.6,2101.6),(5439.7,4934.9),(4556.1,7110.0),(7408.8,2944.8),(4106.0,2927.7)
226,(2122.4,4644.7),(11592.6,7339.3),(11204.6, 210.1),(3911.4, 624.5),(12778.4,2101.4),(2160.1,7001.9),(13359.6,5813.3),(9395.9,5268.3),(9706.8,7650.0),(7582.3, 273.2),(9167.2,3162.2),(7388.6,6102.9),(5959.9,1826.6),( 470.3,2103.2),(5416.1,4954.6),(4643.2,7104.2),(7445.8,2981.8),(4106.0,2927.7)
227,(2123.0,4650.5),(11592.6,7338.6),(11537.8, 204.1),(3920.6, 646.0),(12556.5,2112.3),(2107.1,7072.5),(13380.6,5844.8),(9728.8,5285.8),(9742.4,7650.0),(7584.4, 273.3),(9167.1,3158.9),(7388.6,6102.9),(5963.5,1829.8),( 447.9,2104.8),(5543.1,4873.0),(4643.9,7109.2),(7400.1,2936.1),(4119.4,3008.5)
228,(2125.0,4669.8),(11628.5,7676.2),(11216.9, 209.8),(3957.5, 732.2),(12889.5,2095.9),(2129.9,7042.1),(13531.5,6072.6),(9719.7,5285.4),(9778.1,7650.0),(7586.4, 273.3),(9167.1,3159.4),(7388.6,6102.9),(6052.9,1935.8),( 438.9,2105.5),(5551.4,4871.8),(4621.6,6947.1),(7418.0,2954.0),(4106.7,2932.3)
229,(2158.4,4936.9),(11628.4,7675.5),(11196.4, 210.2),(3948.4, 710.8),(12877.7,2096.5),(2324.2,6793.7),(13511.7,6042.7),(9710.6,5284.9),(9743.2,7650.0),(7588.5, 273.4),(9167.1,3160.0),(7388.6,6102.9),(5938.7,1807.4),( 465.4,2260.9),(5628.6,4860.8),(4621.0,6942.1),(7428.0,2964.0),(4119.2,3006.9)
230,(2142.1,4806.6),(11628.3,7674.8),(11193.7, 210.3),(3939.2, 689.4),(12910.8,2094.8),(2239.1,6896.6),(13491.9,6012.8),(9701.5,5284.4),(9707.6,7650.0),(7590.5, 273.4),(9164.6,2977.5),(7388.6,6102.9),(5942.2,1810.6),( 503.3,2100.8),(5560.9,4870.4),(4620.3,6937.1),(7391.0,2927.0),(4121.9,3023.4)
231,(2142.7,4811.9),(11627.7,7669.2),(11191.0, 210.3),(3914.7, 632.4),(13050.3,2093.6),(2190.1,6961.8),(13557.2,6111.4),(9692.3,5283.9),(9671.9,7650.0),(7592.6, 273.4),(9164.6,2977.0),(7388.6,6102.9),(5945.8,1813.8),( 468.3,2274.3),(5533.5,4874.4),(4619.6,6932.1),(7427.1,2963.1),(4104.2,2917.4)
232,(2143.4,4817.2),(11627.8,7669.9),(11188.3, 210.4),(3923.9, 653.8),(12952.9,2092.8),(2387.2,6721.8),(13403.0,5878.7),(9666.8,5282.6),(9636.2,7650.0),(7594.7, 273.5),(9164.6,2976.5),(7388.6,6102.9),(5949.4,1817.1),( 470.2,2283.0),(5610.7,4863.3),(4456.0,7110.0),(7418.9,2954.9),(4121.6,3021.8)
233,(2144.1,4822.5),(11592.1,7334.2),(11185.5, 210.4),(3954.2, 724.4),(12985.9,2091.2),(2195.2,6955.1),(13376.8,5839.2),(9334.1,5265.1),(9600.6,7650.0),(7596.7, 273.5),(9164.6,2976.0),(7388.6,6102.9),(5953.0,1820.3),( 439.9,2142.6),(5578.8,4867.9),(4641.3,7090.4),(7381.9,2917.9),(4104.5,2919.0)
234,(2159.5,4946.1),(11592.0,7333.4),(11182.8, 210.4),(3945.0, 703.0),(13019.0,2089.5),(2156.0,7007.3),(13314.1,5744.6),(9343.2,5265.5),(9623.1,7650.0),(7598.8, 273.6),(9169.7,3345.1),(7388.6,6102.9),(6056.7,1943.4),( 438.0,2133.9),(5515.7,4876.9),(4642.0,7095.4),(7436.2,2972.2),(4121.4,3020.2)
235,(2123.4,4655.2),(11608.2,7485.0),(11180.1, 210.5),(3908.9, 618.8),(12686.2,2105.9),(2111.2,7067.1),(13294.3,5714.7),(9655.6,5282.0),(9658.8,7650.0),(7598.3, 273.6),(9167.2,3162.7),(7388.6,6102.9),(6101.9,2033.7),( 524.4,2099.3),(5456.9,4920.6),(4573.2,7110.0),(7409.7,2945.7),(4121.4,3020.2)
236,(2123.9,4661.0),(11611.8,7519.1),(11513.4, 204.5),(3918.1, 640.2),(12648.7,2107.7),(2134.0,7036.7),(13485.5,6003.2),(9646.5,5281.5),(9694.4,7650.0),(7596.3, 273.5),(9167.2,3162.2),(7388.6,6102.9),(6112.2,2054.4),( 502.1,2100.9),(5373.9,4989.8),(4617.9,7110.0),(7408.3,2944.3),(4121.4,3020.2)
237,(2107.2,4477.1),(11611.7,7518.3),(11510.7, 204.6),(3960.0, 738.0),(12615.7,2109.4),(2184.8,6968.9),(13425.4,5912.6),(9637.4,5281.0),(9730.1,7650.0),(7594.2, 273.5),(9167.2,3161.6),(7388.6,6102.9),(6154.7,2139.4),( 479.7,2102.5),(5429.7,4943.2),(4625.4,7110.0),(7445.3,2981.3),(4121.4,3020.2)
238,(2106.7,4471.3),(11608.4,7487.2),(11244.1, 209.4),(3950.8, 716.6),(12948.7,2093.0),(2162.0,6999.3),(13354.4,5805.3),(9379.7,5267.5),(9765.8,7650.0),(7592.2, 273.4),(9167.2,3161.1),(7388.6,6102.9),(6144.4,2118.7),( 457.4,2104.2),(5339.5,5018.4),(4621.2,6943.8),(7400.6,2936.6),(4121.4,3020.2)
239,(2106.1,4465.5),(11608.5,7488.0),(11169.2, 210.7),(3941.6, 695.1),(12818.3,2099.4),(2139.2,7029.7),(13374.2,5835.2),(9388.8,5267.9),(9755.6,7650.0),(7590.1, 273.4),(9167.1,3160.6),(7388.6,6102.9),(6134.0,2098.1),( 435.1,2105.8),(5300.3,5051.1),(4543.4,7110.0),(7417.4,2953.4),(4121.4,3020.2)
240,(2142.1,4806.7),(11608.5,7488.7),(11502.5, 204.7),(3912.3, 626.6),(12516.6,2114.2),(2128.0,7044.7),(13316.8,5748.6),(9397.9,5268.4),(9719.9,7650.0),(7588.1, 273.3),(9169.7,3343.0),(7388.6,6102.9),(6097.1,2024.2),( 451.7,2104.6),(5331.1,5025.4),(4498.8,7110.0),(7428.5,2964.5),(4121.4,3020.2)
