10,0.6892,0.8207,1.5099
0,(2089.1,4278.1),(11961.2,2141.5),(6437.2, 288.0),(5624.6,5047.6),(3501.3,7110.0),(1149.0,5495.2),(11542.1,7164.4),(11971.4, 700.5),(7046.8,7137.5),(7443.0,2681.2)
1,(2057.2,4677.1),(12293.9,2125.2),(6103.9, 288.0),(5922.2,5220.0),(3551.1,6900.8),(4200.4,2487.6),(11593.5,7347.0),(9165.0,5431.4),(6713.8,7143.6),(7380.0,2371.1)
2,(1730.9,4750.8),(12626.9,2108.8),(6103.9, 288.0),(5732.4,5220.0),(3621.7,6542.3),(4533.5,2499.9),(11629.4,7684.7),(9254.5,5260.9),(6380.9,7125.9),(7423.4,2375.0)
3,(1401.8,4777.7),(12959.9,2092.4),(6103.9, 288.0),(5399.5,5208.6),(3692.2,6183.9),(4608.3,2739.8),(11546.6,8009.0),(9054.6,5252.3),(6047.6,7119.0),(7443.0,2681.5)
4,(1069.0,4756.9),(13040.8,1909.0),(5553.9, 738.0),(5329.0,5027.2),(3521.3,5994.5),(4449.4,2931.0),(11213.3,8006.0),(9039.8,5251.8),(5714.4,7112.0),(7443.0,2680.7)
5,( 954.9,4590.5),(13022.9,1559.0),(5220.6, 738.0),(5620.5,4861.9),(3189.2,5966.0),(4116.5,2916.5),(10880.0,8003.1),(9024.9,5251.3),(5687.7,7257.5),(7434.1,2373.2)
6,(1058.3,4307.8),(13004.9,1208.9),(4887.2, 738.0),(5954.8,4860.0),(2944.4,6109.6),(4137.2,3148.5),(10546.7,8000.1),(9165.0,5432.7),(6020.8,7270.3),(7446.1,2060.4)
7,(1390.6,4266.0),(12987.0, 858.8),(4553.9, 738.0),(5753.8,4860.0),(2722.1,6339.0),(4320.3,3348.0),(10213.3,7997.2),(9162.1,5259.0),(6353.9,7283.1),(7445.8,2068.4)
8,(1723.9,4266.0),(12807.3, 686.8),(4220.6, 738.0),(5591.8,4712.2),(2491.5,6602.6),(4500.4,3145.6),(9880.0,7994.2),(9007.4,5250.7),(6518.7,7244.1),(7567.2,2360.3)
9,(2057.2,4266.0),(12474.0, 692.3),(3948.7, 711.7),(5280.2,4572.0),(2262.1,6865.9),(4411.2,2929.4),(9629.1,7983.3),(9022.3,5251.2),(6750.0,7145.1),(7438.5,2528.8)
10,(2051.0,4081.2),(12140.8, 697.7),(3831.5, 438.2),(4984.9,4578.3),(2185.0,7081.5),(4468.2,2931.8),(9666.7,7650.0),(9037.1,5251.7),(6742.8,6799.7),(7438.5,2530.0)
11,(1987.6,3763.9),(12140.8, 697.7),(4125.9, 348.4),(5023.0,4914.5),(2517.4,7110.0),(4510.7,2933.7),(10000.1,7650.0),(9052.0,5252.2),(6735.6,6454.4),(7438.6,2530.8)
12,(1920.9,3425.4),(12140.8, 697.7),(4459.0, 336.6),(4998.1,5111.9),(2850.7,7110.0),(4453.7,2931.2),(10332.0,7649.9),(9052.0,5252.2),(6912.8,6277.0),(7438.6,2531.6)
13,(1850.5,3064.4),(11644.8, 202.2),(4792.2, 324.8),(5190.4,5197.6),(3152.0,7110.0),(4396.8,2928.7),(10307.9,7336.3),(9052.0,5252.2),(7246.1,6267.7),(7438.4,2525.6)
14,(1787.6,2711.6),(11311.5, 208.2),(5125.3, 313.0),(5130.5,5369.4),(2818.6,7110.0),(4339.7,2926.2),(10494.7,7179.2),(9180.6,4522.8),(7246.1,6267.7),(7438.6,2533.2)
15,(1730.6,2362.7),(10978.3, 214.1),(5458.4, 301.2),(4825.5,5537.0),(2485.3,7110.0),(4477.3,2932.2),(10828.0,7174.5),(9188.7,4234.6),(7246.1,6267.7),(7443.0,2681.5)
16,(1659.6,2017.0),(10916.5, 416.3),(5791.5, 289.4),(4933.7,5498.4),(2488.6,7311.0),(4501.6,2933.3),(11161.3,7169.8),(9177.4,3899.9),(7382.0,7128.1),(7443.0,2680.7)
17,(1327.5,2041.1),(10966.0, 639.1),(5881.1, 288.0),(5182.2,5309.1),(2497.5,7702.4),(4315.4,2925.2),(11494.6,7165.1),(9172.3,3531.0),(7715.2,7136.8),(7442.9,2679.9)
18,(1643.3,2018.2),(11049.4,1014.2),(5889.8, 288.0),(5479.3,5212.8),(2488.5,7307.8),(4111.7,2916.3),(11538.6,7012.6),(9174.9,3718.2),(7737.6,7137.4),(7442.9,2679.1)
19,(1706.0,2212.2),(11132.7,1389.2),(5889.8, 288.0),(5625.0,5039.2),(2341.6,7096.4),(4111.7,2916.3),(11334.3,7167.4),(9180.5,4094.5),(7404.4,7128.6),(7308.9,2364.6)
20,(1763.0,2561.1),(11182.2,1612.0),(5812.1, 847.3),(5483.1,4898.7),(2141.0,7027.3),(4113.6,2358.6),(11001.0,7172.1),(9179.4,4531.6),(7404.4,7128.6),(7434.1,2373.6)
21,(1820.8,2912.3),(11265.6,1987.1),(5976.2,1164.2),(5219.9,5018.0),(2337.7,6778.4),(4447.7,2250.0),(10667.7,7176.8),(8929.5,4662.0),(7404.4,7128.6),(7446.1,2060.8)
22,(1891.2,3273.3),(11539.5,2153.5),(5877.4,1278.0),(5282.5,4782.7),(2568.3,6514.8),(4447.7,2250.0),(10334.4,7181.5),(8596.2,4662.0),(7268.4,6267.1),(7445.8,2068.0)
23,(1932.6,3485.1),(11872.7,2144.2),(5617.3,1287.4),(5556.6,4607.1),(2803.0,6251.0),(4317.8,2491.9),(10001.3,7172.6),(8262.9,4662.0),(6935.2,6276.4),(7557.4,2361.5)
24,(2025.1,3951.5),(12205.7,2129.5),(5725.1,1614.1),(5376.4,4519.8),(3032.9,6021.1),(3984.7,2487.3),(9668.1,7162.1),(8594.5,4662.0),(6732.1,6284.7),(7734.0,2190.0)
25,(2088.1,4267.3),(12538.6,2113.1),(5973.5,1838.9),(5598.3,4351.5),(3365.0,5981.1),(3651.5,2496.6),(9334.9,7151.5),(8927.8,4662.0),(6739.3,6630.1),(7688.8,1892.2)
26,(2107.2,4477.5),(12871.6,2096.8),(6149.6,2145.2),(5514.9,4066.9),(3697.1,6009.5),(3465.1,2375.2),(9162.1,7142.5),(8901.1,4662.0),(6746.4,6975.4),(7688.8,1892.2)
27,(1849.3,4724.0),(13049.6,2080.1),(5837.8,2259.2),(5269.8,4285.4),(4021.4,6074.9),(3692.5,2250.0),(9169.3,6811.3),(8729.5,4662.0),(7015.7,7138.4),(7688.8,1892.2)
28,(1521.0,4785.2),(13031.6,1730.0),(5526.0,2339.5),(5003.7,4306.5),(4346.1,6140.4),(4025.9,2250.0),(9176.5,6480.0),(8396.2,4662.0),(7096.1,7136.1),(7432.1,1228.6)
29,(1188.6,4764.4),(13013.7,1379.9),(5513.9,2049.6),(5115.8,4572.0),(4520.9,6212.8),(4086.0,2068.6),(9512.0,6308.5),(8422.9,4662.0),(6762.9,7145.6),(7432.1,1228.6)
30,( 995.2,4777.9),(12995.7,1029.9),(5262.1,1908.0),(5446.4,4588.7),(4570.6,6575.0),(4077.0,1726.8),(9845.1,6301.5),(8434.5,4662.0),(6762.9,7145.6),(7177.7, 733.2)
31,(1080.5,5204.0),(12895.8, 685.3),(5056.4,1788.3),(5581.8,4469.4),(4620.3,6937.1),(4067.0,1380.2),(10178.2,6315.3),(8407.8,4662.0),(6762.9,7145.6),(6844.9, 751.7)
32,(1153.5,5514.3),(12562.5, 690.8),(5009.0,1432.2),(5607.5,4194.6),(4416.4,7110.0),(4012.9,1055.4),(10253.2,6496.8),(8381.1,4662.0),(6927.2,7956.0),(6844.2, 941.0)
33,(1224.8,5820.3),(12229.2, 696.3),(4777.0,1288.7),(5666.7,4050.0),(4083.0,7110.0),(4005.8, 738.0),(10274.7,6841.6),(8354.5,4662.0),(7260.5,7956.0),(6884.6,1213.1)
34,(1269.8,6152.9),(11895.9, 701.7),(4448.1,1333.8),(6000.0,4050.0),(3749.7,7110.0),(4339.1, 738.0),(10296.4,7187.4),(8687.8,4662.0),(7425.3,7774.0),(6857.0,1549.7)
35,(1315.3,6487.2),(11895.9, 701.7),(4117.5,1379.2),(5868.0,4190.5),(3513.5,7092.3),(4672.4, 738.0),(10320.5,7501.0),(9021.1,4662.0),(7427.8,7438.9),(6857.0,1549.7)
36,(1375.0,6821.8),(11733.3, 200.6),(4072.6,1560.0),(5685.7,4459.6),(3584.0,6733.8),(5005.8, 738.0),(10064.2,7650.0),(9021.1,4662.0),(7355.1,7128.7),(6674.6,1723.9)
37,(1460.7,7106.1),(11400.0, 206.6),(4081.6,1901.8),(5593.6,4718.5),(3654.5,6375.3),(5339.1, 738.0),(9730.9,7650.0),(9021.1,4662.0),(7021.9,7138.2),(6674.6,1723.9)
38,(1531.1,7469.6),(11066.7, 212.5),(3819.0,2070.0),(5598.0,4355.6),(3696.0,6164.5),(5617.2, 738.0),(9612.3,7823.5),(9078.9,5253.1),(6688.9,7141.9),(6674.6,1723.9)
39,(1584.4,7797.6),(10878.5, 245.3),(3485.6,2070.0),(5615.4,4045.7),(3661.7,5814.5),(5631.4, 738.0),(9815.9,7993.6),(9254.2,5260.9),(6355.9,7125.4),(6674.6,1723.9)
40,(1818.9,7929.3),(10961.9, 620.4),(3152.3,2070.0),(5614.4,4037.7),(3560.1,5502.6),(5324.9, 738.0),(10149.2,7996.6),(9165.0,5431.9),(6022.7,7118.5),(6674.6,1723.9)
41,(2151.9,7916.0),(11045.2, 995.4),(3102.2,2219.5),(5770.9,4050.0),(3313.6,5231.3),(4991.6, 738.0),(10482.5,7999.5),(9034.2,5251.6),(5689.4,7111.5),(6674.6,1723.9)
42,(2484.9,7902.7),(11094.7,1218.3),(3123.2,2639.8),(5899.2,3958.7),(2980.6,5216.6),(4658.2, 738.0),(10815.8,8002.5),(9019.4,5251.1),(5608.6,6933.6),(6857.5,1544.7)
43,(2497.4,7701.3),(11178.1,1593.3),(3224.2,2936.5),(5999.0,4050.0),(2647.8,5198.1),(4324.9, 738.0),(11149.1,8005.4),(9004.5,5250.6),(5594.3,6588.5),(6857.9,1540.3)
44,(2488.5,7306.7),(11261.4,1968.3),(3553.1,2977.8),(5943.7,4050.0),(2315.4,5176.9),(3991.6, 738.0),(11482.5,8008.4),(8989.7,5250.1),(5518.8,6239.6),(6841.4,1713.1)
45,(2674.8,7110.0),(11178.9,2212.5),(3884.4,2941.8),(6017.6,4050.0),(2175.2,5041.1),(3847.7, 476.0),(11662.3,7994.0),(9001.3,5250.5),(5190.3,6223.0),(6841.0,1717.5)
46,(3008.1,7110.0),(10870.6,2341.8),(4122.1,3024.5),(5925.0,4050.0),(2123.7,4658.6),(4021.7, 352.1),(11626.4,7656.4),(9016.1,5251.0),(4862.3,6239.5),(6840.6,1721.9)
47,(3336.5,7110.0),(10562.3,2471.0),(4366.8,3143.3),(6023.7,4050.0),(2104.6,4448.5),(4354.8, 340.3),(11590.5,7318.7),(9031.0,5251.5),(4850.4,6237.8),(6840.2,1726.2)
48,(3003.2,7110.0),(10254.0,2600.3),(4509.6,3034.4),(5937.6,4050.0),(1781.1,4266.0),(4687.9, 328.5),(11872.8,7132.9),(9045.9,5252.0),(5039.9,6267.1),(6856.5,1554.3)
49,(2669.9,7110.0),(9922.2,2670.0),(4607.9,2735.2),(6005.0,4050.0),(1447.8,4266.0),(5021.0, 316.7),(12204.6,7098.3),(9060.7,5252.5),(5032.7,6605.3),(6857.0,1549.9)
50,(2337.9,7096.1),(9592.7,2722.0),(4716.5,2736.0),(5956.3,4050.0),(1120.2,4296.1),(5354.2, 304.9),(12536.5,7063.7),(9075.6,5253.0),(5025.5,6943.6),(6857.4,1545.5)
51,(2005.0,7076.8),(9263.3,2774.0),(4718.2,2736.0),(5986.4,4050.0),( 905.1,4361.3),(5687.3, 293.1),(12867.3,7029.3),(9090.4,5253.5),(4724.7,7110.0),(6858.2,1536.8)
52,(2145.7,7021.1),(9062.6,2812.1),(4601.7,2934.0),(5915.2,4067.7),(1057.3,4308.0),(5687.3, 293.1),(12815.1,7034.7),(9105.3,5254.0),(4620.0,6935.5),(6874.5,1365.7)
53,(2343.3,6772.0),(9164.6,2975.8),(4268.7,2923.2),(5776.4,4350.7),(1389.5,4266.0),(5610.2, 295.8),(13146.9,7000.2),(8772.1,5242.6),(4859.3,7110.0),(6756.5,1341.5)
54,(2573.9,6508.4),(9169.7,3345.6),(4268.7,2923.2),(5562.9,4601.4),(1722.9,4266.0),(5277.1, 307.6),(13473.1,6950.6),(8439.0,5231.1),(5192.6,7110.0),(6435.4,1390.0)
55,(2809.5,6244.5),(9172.3,3532.8),(4104.4,2478.7),(5598.4,4348.6),(2056.2,4266.0),(4944.1, 319.4),(13801.0,6886.6),(8439.0,5231.1),(5526.0,7110.0),(6398.3,1401.4)
56,(3039.4,6014.6),(9177.5,3902.6),(3953.4,2250.0),(5768.7,4050.0),(2051.1,4081.4),(4610.9, 331.2),(14132.3,6840.0),(8439.0,5231.1),(5859.2,7115.1),(6721.1,1338.9)
57,(3377.9,5982.2),(9189.4,4245.9),(3620.1,2250.0),(5899.0,3958.2),(1987.6,3764.1),(4277.8, 343.0),(14401.0,6817.2),(8439.0,5231.1),(6192.5,7122.0),(7054.2,1355.6)
58,(3710.0,6010.6),(9189.4,4245.9),(3464.7,2380.3),(5996.8,4050.0),(1920.9,3425.6),(3944.6, 354.8),(14235.8,6595.1),(8439.0,5231.1),(6525.6,7131.0),(7387.4,1366.0)
59,(4034.6,6075.8),(9189.4,4245.9),(3723.8,2494.6),(5945.9,4050.0),(1850.5,3064.6),(3859.7, 503.9),(14024.1,6310.7),(8108.6,6450.7),(6525.6,7131.0),(7387.4,1366.0)
60,(4125.2,5952.8),(9259.1,5261.1),(4057.0,2485.3),(6015.4,4050.0),(1787.6,2711.8),(4068.7, 738.0),(13812.5,6026.3),(8087.5,6793.4),(6525.6,7131.0),(7451.9,1910.4)
61,(3863.4,6057.8),(9162.0,5257.5),(4390.1,2494.6),(5927.2,4050.0),(1730.6,2362.8),(4402.1, 738.0),(13600.8,5741.9),(8148.5,7146.0),(6525.6,7131.0),(7439.9,2223.2)
62,(3673.0,5849.2),(9094.6,5253.7),(4599.1,2620.2),(6025.9,4050.0),(1660.6,2017.0),(4735.4, 738.0),(13435.6,5519.9),(8481.8,7146.0),(6451.7,7946.5),(7297.1,2363.6)
63,(3571.5,5537.3),(9109.5,5254.2),(4840.0,2736.0),(5935.4,4050.0),(1328.6,2041.0),(5068.7, 738.0),(13151.7,5320.6),(8815.1,7146.0),(6118.5,7936.0),(7438.5,2530.3)
64,(3431.4,5236.2),(9124.3,5254.7),(5027.8,2765.1),(6007.2,4050.0),( 996.0,2065.1),(5402.1, 738.0),(13169.0,5525.6),(9148.5,7146.0),(5785.3,7925.4),(7438.4,2526.9)
65,(3098.4,5222.4),(9139.2,5255.2),(4757.2,2928.5),(5954.1,4050.0),( 663.5,2089.2),(5735.4, 738.0),(13320.0,5753.4),(9165.7,6977.1),(5615.9,7915.6),(7682.1,2346.8)
66,(2765.7,5204.6),(9154.0,5255.7),(4635.0,3131.8),(5988.6,4050.0),( 436.5,2126.9),(5735.4, 738.0),(13520.2,6055.5),(9172.9,6645.8),(5606.9,7582.6),(7733.8,2185.0)
67,(2679.1,5199.8),(9155.0,5255.8),(4487.1,2932.7),(5972.8,4050.0),( 513.8,2485.4),(5735.4, 738.0),(13699.7,6326.4),(9179.9,6321.4),(5635.2,7110.4),(7563.7,1900.6)
68,(3011.9,5218.3),(9140.2,5255.2),(4154.1,2918.2),(5871.5,4181.3),( 591.2,2843.9),(5828.6, 738.0),(13651.3,6253.4),(9172.7,6652.7),(5968.5,7117.3),(7445.9,2066.5)
69,(3345.1,5232.6),(9140.2,5255.2),(4154.1,2918.2),(5696.9,4446.2),( 639.1,3061.4),(5495.3, 738.0),(13851.5,6555.5),(9165.5,6983.9),(6301.7,7124.3),(7434.1,2378.5)
70,(3528.4,5405.0),(9111.1,4662.0),(3919.5,2489.1),(5600.4,4742.3),( 726.5,3419.7),(5161.9, 738.0),(14078.2,6840.0),(8831.9,7146.0),(6634.7,7138.3),(7442.9,2678.7)
71,(3629.9,5716.9),(8777.8,4662.0),(3586.3,2498.4),(5445.3,4930.3),( 811.7,3772.6),(4828.6, 738.0),(14411.6,6840.0),(8498.6,7146.0),(6634.7,7138.3),(7294.4,2363.3)
72,(3777.4,6029.1),(8444.4,4662.0),(3586.3,2498.4),(5170.9,4990.7),( 870.3,4148.2),(4495.3, 738.0),(14255.1,6621.1),(8165.3,7146.0),(6634.7,7138.3),(7509.5,2367.1)
73,(4107.0,6080.6),(8412.9,4662.0),(3227.5,2782.6),(5328.6,4753.9),( 930.5,4478.5),(4161.9, 738.0),(14043.4,6336.6),(8076.2,6962.6),(6675.6,7953.6),(7333.1,2366.8)
74,(4424.6,6164.0),(8746.2,4662.0),(3221.3,2935.8),(5563.4,4598.2),( 992.4,4764.1),(3963.6, 759.3),(13831.8,6052.2),(8100.1,6604.7),(6342.4,7943.1),(7396.9,2372.6)
75,(4544.2,6382.9),(9079.6,4662.0),(3550.1,2978.1),(5452.7,4348.3),(1053.5,5069.3),(4017.7,1084.1),(13666.5,5830.2),(8151.0,6283.6),(6009.3,7932.5),(7406.5,2373.5)
76,(4593.9,6745.1),(9182.0,4512.0),(3881.4,2942.2),(5130.5,4294.1),(1121.9,5380.3),(4206.5,1367.0),(13454.9,5545.8),(8483.9,6300.2),(5676.2,7921.9),(7434.0,2376.0)
77,(4621.9,6948.7),(9180.0,4085.9),(4122.0,3024.0),(4994.7,4441.7),(1194.9,5690.5),(4537.1,1321.6),(13205.8,5307.0),(8817.1,6308.7),(5611.4,7750.6),(7434.0,2376.8)
78,(4330.8,7110.0),(9177.4,3898.7),(4109.1,3348.0),(5255.4,4572.0),(1249.0,5999.1),(4867.7,1276.2),(13103.3,5426.4),(9150.3,6317.2),(5602.4,7417.6),(7434.0,2377.6)
79,(3997.4,7110.0),(9172.3,3529.0),(4385.9,3306.9),(5563.8,4614.3),(1294.0,6331.8),(5010.6,1444.3),(13303.5,5728.5),(9483.5,6309.3),(5871.4,7264.5),(7434.1,2372.9)
80,(3664.1,7110.0),(9167.1,3159.2),(4325.5,3141.3),(5729.0,4860.0),(1348.1,6670.9),(5059.8,1801.5),(13503.7,6030.6),(9816.8,6300.3),(6204.5,7277.3),(7434.1,2379.0)
81,(3516.7,7076.1),(9167.2,3160.9),(4121.0,3017.8),(5979.7,4860.0),(1461.7,7091.9),(5354.5,1908.0),(13654.6,6258.4),(10149.8,6314.2),(6533.6,7288.9),(7434.1,2379.8)
82,(3587.2,6717.6),(9172.3,3530.6),(4121.0,3017.8),(6008.7,4860.0),(1794.9,7082.6),(5514.1,2053.5),(13634.8,6228.5),(10253.1,6495.0),(6645.7,7139.0),(7440.0,2220.1)
83,(3657.7,6359.1),(9174.9,3717.8),(4121.0,3017.8),(5955.0,4860.0),(2114.0,7063.4),(5601.7,2320.4),(13615.0,6198.6),(10274.6,6839.8),(6978.8,7139.5),(7440.0,2220.9)
84,(3666.2,6006.9),(9063.3,4087.9),(4121.0,3017.8),(5901.3,4860.0),(2184.3,6870.2),(5924.4,2236.7),(13654.1,6257.6),(10254.0,7180.7),(7312.0,7129.9),(7439.9,2221.7)
85,(3334.2,5978.4),(8730.0,4093.1),(4121.0,3017.8),(5807.3,4860.0),(1854.3,6918.3),(6139.1,2108.3),(13673.9,6287.5),(9920.9,7170.1),(7312.0,7129.9),(7438.4,2527.0)
86,(3002.2,5949.6),(8396.7,4098.4),(4121.0,3017.8),(5698.7,4781.5),(1524.3,6966.5),(5955.3,1822.4),(13693.7,6317.4),(9587.7,7159.5),(7312.0,7129.9),(7439.9,2223.5)
87,(2670.1,5919.8),(8063.4,4103.7),(4121.0,3017.8),(5908.2,4513.3),(1461.3,7109.1),(5706.8,1597.6),(13657.2,6262.4),(9254.5,7148.9),(7312.1,6265.9),(7440.2,2215.7)
88,(2338.1,5890.0),(8108.1,4103.0),(4121.0,3017.8),(5757.4,4710.2),(1531.7,7472.6),(5636.5,1278.0),(13637.4,6232.5),(9155.9,7316.6),(6978.9,6275.1),(7440.2,2215.7)
89,(2006.0,5860.2),(8152.8,4102.3),(4121.0,3017.8),(5499.5,4885.1),(1654.8,7555.2),(5969.8,1278.0),(13617.6,6202.6),(9144.2,7653.7),(6732.0,6283.8),(7440.2,2215.7)
90,(1673.8,5831.3),(8197.5,4101.6),(4121.0,3017.8),(5291.0,5066.2),(1896.1,7297.9),(5940.7,1119.3),(13651.5,6253.7),(9222.7,7992.0),(6739.2,6629.1),(7191.5,1359.9)
91,(1340.7,5818.5),(8227.7,4101.1),(4121.0,3017.8),(5128.4,5371.9),(2172.4,7080.3),(5815.1, 831.0),(13671.3,6283.6),(9556.0,7992.0),(6746.4,6974.5),(6875.8,1351.7)
92,(1184.9,5647.8),(8183.0,4101.8),(4240.6,2921.9),(4821.0,5538.6),(2504.6,7110.0),(5565.2, 738.0),(13691.1,6313.5),(9611.0,7811.9),(6972.1,7139.7),(6856.6,1554.2)
93,(1111.9,5337.5),(8138.3,4102.5),(4183.6,2919.5),(4938.2,5496.8),(2838.0,7110.0),(5308.9, 738.0),(13659.9,6266.3),(9345.2,7650.0),(6990.3,7139.1),(6856.6,1554.2)
94,(1334.3,5192.2),(8093.6,4103.2),(4126.6,2917.0),(5184.3,5306.6),(3171.3,7110.0),(5272.9, 738.0),(13640.0,6236.4),(9576.1,7650.0),(7323.5,7129.6),(6721.9,1725.0)
95,(1548.2,5178.6),(8048.9,4104.0),(4198.6,2920.1),(5484.3,5213.1),(3504.6,7110.0),(5226.8, 738.0),(13620.2,6206.5),(9909.5,7650.0),(7656.7,7135.3),(6857.8,1541.4)
96,(1619.7,4775.9),(8087.8,4103.3),(4198.6,2920.1),(5610.0,5392.1),(3514.6,7311.0),(5185.7, 738.0),(13600.4,6176.6),(10242.8,7650.0),(7796.1,7138.9),(6841.5,1712.1)
97,(1946.0,4702.2),(8132.5,4102.6),(4198.6,2920.1),(5610.0,5390.2),(3514.5,7306.5),(5144.7, 738.0),(13668.6,6279.6),(10319.5,7487.3),(7639.1,7134.8),(6841.1,1716.4)
98,(2122.8,4648.4),(8177.2,4101.9),(4271.3,2923.3),(5625.0,5040.2),(3370.4,7110.0),(5062.8, 738.0),(13688.5,6309.5),(10295.6,7175.3),(7471.6,7130.4),(6840.7,1720.8)
99,(2084.7,4249.3),(8221.9,4101.2),(4604.5,2934.0),(5459.8,5211.8),(3546.3,6925.6),(4729.5, 738.0),(13711.7,6344.6),(10274.0,6830.5),(7405.9,7296.6),(6905.7,1350.9)
100,(2021.2,3932.0),(8203.4,4101.5),(4937.5,2921.0),(5293.4,5056.8),(3587.7,6714.8),(4396.1, 738.0),(13862.7,6572.4),(10252.5,6485.7),(7552.3,7606.8),(7238.8,1361.3)
101,(1957.9,3615.1),(8536.7,4096.2),(5268.9,2940.8),(5561.5,4870.4),(3658.3,6356.3),(4062.8, 738.0),(14114.9,6840.0),(9999.9,6307.9),(7883.8,7642.7),(7238.8,1361.3)
102,(1887.5,3254.2),(8869.9,4090.9),(5543.9,2914.3),(5588.2,4699.8),(3793.3,6034.4),(3988.8, 910.8),(14407.2,6825.5),(9811.7,6284.3),(8117.0,7657.9),(7238.8,1361.3)
103,(1843.7,2898.4),(9180.0,4085.7),(5532.0,2531.9),(5520.7,4356.0),(4124.5,6081.8),(4042.9,1235.5),(14242.0,6603.5),(9993.9,5955.8),(8081.1,7311.6),(7445.9,2067.5)
104,(2177.0,2902.9),(9177.4,3898.5),(5661.7,2304.8),(5201.6,4289.7),(4440.9,6168.9),(4072.5,1558.8),(14030.3,6319.1),(9993.9,5955.8),(7823.9,7139.7),(7434.1,2379.3)
105,(2510.3,2907.5),(9172.3,3528.7),(5984.4,2221.2),(4995.0,4437.0),(4544.5,6385.3),(4081.5,1900.6),(13818.7,6034.7),(10263.7,6318.0),(7611.3,7134.1),(7442.9,2677.9)
106,(2843.6,2912.0),(9167.1,3158.9),(6279.2,2134.6),(5184.3,4572.0),(4594.2,6747.5),(4121.8,2253.0),(13607.0,5750.2),(10597.0,6318.0),(7841.5,7140.1),(7438.5,2529.4)
107,(2843.6,2912.0),(9167.2,3161.1),(6168.1,1838.2),(5514.5,4600.1),(4622.2,6951.0),(4121.8,2253.0),(13441.8,5528.2),(10930.4,6318.0),(7935.7,7142.6),(7438.5,2530.2)
108,(3122.6,2630.4),(9172.3,3530.9),(6023.2,1552.7),(5744.0,4389.6),(4313.1,7110.0),(4105.1,2922.3),(13265.5,5285.1),(11263.7,6318.0),(8076.1,6964.4),(7438.6,2531.0)
109,(3102.0,2213.6),(9174.9,3718.1),(6258.0,1427.0),(5886.3,4142.8),(3979.8,7110.0),(4120.8,3247.1),(13239.4,4906.9),(11418.1,6497.7),(8088.8,6774.2),(7447.6,2837.8)
110,(3293.9,2070.0),(9180.5,4093.9),(6577.3,1346.4),(5918.2,4034.9),(3646.4,7110.0),(4122.6,3552.2),(13213.2,4528.6),(11496.5,6832.9),(8112.0,6281.9),(7252.7,2814.2)
111,(3627.3,2070.0),(9179.6,4530.3),(6677.3,1118.8),(5747.1,4050.0),(3510.1,7114.5),(4122.6,3552.2),(13199.3,4328.1),(11555.2,7164.3),(7778.8,6273.7),(6940.0,2684.5)
112,(3960.6,2070.0),(9179.6,4530.3),(6766.3, 749.3),(5606.8,4205.9),(3515.0,7084.6),(4122.6,3552.2),(13173.1,3949.8),(11221.9,7169.0),(7445.6,6265.6),(6848.8,2488.9)
113,(4293.6,2080.6),(9179.6,4530.3),(6794.1, 754.6),(5578.0,4496.2),(3415.5,7110.0),(4446.9,4294.7),(13147.0,3571.6),(10888.6,7173.7),(7445.6,6265.6),(7079.3,2343.8)
114,(4626.5,2097.5),(9108.8,5254.2),(7126.9, 736.1),(5679.7,4860.0),(3082.2,7110.0),(4614.2,4531.7),(13133.1,3371.1),(10555.3,7178.3),(7445.6,6265.6),(7410.7,2373.9)
115,(4959.2,2114.4),(9224.3,5259.3),(7416.1, 718.3),(6013.0,4860.0),(2748.9,7110.0),(4641.2,4727.0),(13106.9,2992.8),(10296.4,7187.7),(7309.6,7130.0),(7434.0,2376.1)
116,(5148.1,2127.2),(9165.0,5431.4),(7428.1, 416.9),(6346.4,4860.0),(2416.2,7103.5),(4733.1,5184.0),(13080.8,2614.6),(10320.6,7501.2),(6976.4,7139.5),(7443.0,2682.9)
117,(5155.3,2451.4),(9165.0,5431.4),(7298.1, 270.0),(6462.9,4662.0),(2113.9,7063.4),(5066.1,5191.1),(13058.8,2255.8),(10060.7,7650.0),(6643.6,7138.9),(7505.6,2974.6)
118,(5166.0,2934.1),(9316.6,5264.1),(7567.8, 272.9),(6796.2,4662.0),(2305.0,6815.7),(4930.5,5197.8),(12827.7,2098.9),(9727.3,7650.0),(6310.5,7124.5),(7830.6,2901.3)
119,(5149.2,3178.9),(9325.7,5264.6),(7237.5, 270.0),(7129.6,4662.0),(2535.6,6552.1),(4648.1,5450.0),(12494.7,2115.3),(9612.3,7823.9),(5977.2,7117.5),(8159.6,2955.2)
120,(4896.8,3345.8),(9330.9,5264.9),(7433.8, 275.5),(7398.1,4659.9),(2723.2,6337.8),(4400.7,5553.2),(12161.9,2131.7),(9440.6,7992.0),(5643.9,7110.6),(8485.9,2940.3)
121,(4643.8,3326.4),(9321.8,5264.4),(7433.8, 275.5),(7410.0,4289.2),(2995.3,6058.7),(4707.0,5427.0),(11951.7,2135.8),(9107.3,7991.1),(5758.1,7260.2),(8811.2,2868.0)
122,(4625.9,2932.5),(9312.7,5263.9),(7433.8, 275.5),(7435.7,3985.7),(3290.3,5974.7),(4915.4,5333.2),(11933.8,1777.2),(8774.0,7985.3),(6091.2,7273.0),(9136.6,2795.6)
123,(4598.8,2616.4),(9303.6,5263.5),(7127.7,1086.2),(7505.9,3617.0),(3622.4,6003.1),(5095.1,5006.1),(11915.8,1418.6),(8440.7,7979.6),(6424.3,7285.8),(9189.1,2500.8)
124,(4340.1,2492.7),(9294.5,5263.0),(6879.6,1027.1),(7478.8,3300.5),(3669.2,5837.6),(5343.5,4744.6),(11897.9,1059.9),(8440.7,7979.6),(6532.6,7131.5),(9189.1,2500.8)
125,(4006.9,2486.7),(9285.4,5262.5),(6761.6, 731.4),(7478.7,3299.0),(3567.7,5525.7),(5568.8,4631.9),(11897.9,1059.9),(8080.1,7973.1),(6364.5,7125.6),(9189.1,2500.8)
126,(3673.7,2496.0),(9276.2,5262.0),(6761.7, 731.7),(7398.7,2964.3),(3391.9,5234.6),(5699.3,4780.7),(11897.9,1059.9),(7746.8,7964.7),(6031.2,7118.7),(9196.5,1489.9)
127,(3456.6,2493.8),(9056.7,5252.4),(6761.8, 732.0),(7088.9,2855.7),(3058.9,5220.7),(5908.6,4512.6),(11702.5, 201.2),(7413.7,7956.4),(5697.9,7111.7),(9115.4,1266.1)
128,(3670.3,2250.0),(9071.6,5252.9),(6761.9, 732.4),(6768.0,2952.0),(2726.2,5202.5),(5756.7,4711.0),(11369.2, 207.1),(7428.0,7756.1),(5608.7,6933.9),(8992.0, 925.4)
129,(4003.6,2250.0),(9086.4,5253.4),(6762.0, 732.7),(6813.6,2778.5),(2393.2,5183.9),(5498.6,4885.9),(11035.9, 213.1),(7425.0,7420.6),(5594.3,6588.9),(8868.5, 584.6)
130,(4336.9,2250.0),(9101.3,5253.9),(6762.0, 733.0),(7128.0,2844.6),(2177.3,5053.8),(5467.8,4911.5),(10880.0, 251.9),(7424.6,7417.9),(5527.3,6240.5),(8722.9, 253.9)
131,(4336.9,2250.0),(9101.3,5253.9),(6762.1, 733.4),(7178.0,2866.2),(2140.4,4793.1),(5625.9,4861.2),(10963.3, 626.9),(7544.4,7132.3),(5198.2,6220.9),(8390.5, 278.5)
132,(4750.1,2522.9),(9101.3,5253.9),(6762.2, 733.7),(7432.7,2968.7),(1840.8,4725.9),(5365.5,4996.8),(11046.7,1002.0),(7877.6,7141.1),(4872.3,6240.9),(8057.5, 283.6)
133,(5004.8,2563.7),(9188.1,5257.4),(6762.3, 734.0),(7413.2,2949.2),(1565.9,4790.5),(5077.3,4941.6),(11096.2,1224.8),(7868.8,7140.9),(4542.0,6195.3),(7806.2, 278.1)
134,(4792.1,2736.0),(9197.2,5257.9),(6762.4, 734.4),(7404.8,2940.8),(1556.6,4994.6),(4899.8,4891.2),(11179.5,1599.8),(7583.9,7133.4),(4580.6,5972.9),(8139.4, 285.3)
135,(4609.2,2749.5),(9206.3,5258.3),(6762.5, 734.7),(7441.8,2977.8),(1223.9,5196.5),(4995.0,4689.5),(11262.9,1974.9),(7250.7,7131.7),(4509.2,5657.3),(8139.4, 285.3)
136,(4508.5,3047.6),(9215.4,5258.8),(6762.6, 735.0),(7404.1,2940.1),(1117.7,5362.2),(5302.2,4770.4),(11481.9,2155.1),(6917.5,7141.2),(4213.0,5811.3),(8139.4, 285.3)
137,(4208.2,3135.4),(9165.0,5431.3),(6678.7, 411.4),(7413.9,2949.9),(1190.7,5672.4),(5564.5,4616.7),(11815.1,2145.8),(6915.7,7141.3),(3958.0,6001.8),(8139.4, 285.3)
138,(4058.4,2921.4),(9165.0,5431.6),(6392.4, 288.0),(7450.9,2986.9),(1247.6,5988.4),(5738.1,4860.0),(11824.3,2145.5),(6933.9,7140.7),(3775.5,5969.5),(8262.7,1325.2)
139,(3727.4,2959.4),(9165.0,5432.0),(6059.1, 288.0),(7395.0,2931.0),(1292.5,6321.0),(5970.5,4860.0),(11833.5,2145.3),(6952.1,7140.2),(4028.4,5752.8),(8285.6,1702.7)
140,(3398.0,2975.1),(9165.0,5432.3),(6059.1, 288.0),(7423.1,2959.1),(1345.6,6656.9),(5637.2,4860.0),(11842.7,2145.0),(6970.3,7139.7),(4084.9,5515.9),(8204.3,1317.8)
141,(3456.5,2993.6),(9165.0,5432.7),(6059.1, 288.0),(7630.1,2943.5),(1412.7,7001.3),(5628.9,4842.0),(11851.9,2144.8),(6988.5,7139.2),(3951.3,5208.2),(7871.7,1340.0)
142,(3277.2,3186.0),(8990.3,5250.1),(5509.1, 738.0),(7404.0,2940.0),(1713.7,7084.9),(5579.8,4483.7),(11861.1,2144.5),(7006.7,7138.7),(3618.5,5229.0),(7688.9,1352.2)
143,(3148.5,3039.5),(9162.0,5258.7),(5365.0, 738.0),(7414.1,2950.1),(2046.9,7075.6),(5578.2,4494.7),(11870.3,2144.3),(7024.8,7138.1),(3285.6,5230.1),(7854.6,1341.2)
144,(3407.5,2977.2),(9021.3,5251.1),(5324.0, 738.0),(7451.0,2987.0),(1935.0,7256.4),(5599.9,4864.9),(11879.5,2144.0),(7087.0,7136.4),(3285.6,5230.1),(7846.0,1341.7)
145,(3740.3,2958.1),(9162.0,5258.1),(5282.9, 738.0),(7394.9,2930.9),(1693.8,7513.7),(5340.8,5017.3),(11888.7,2143.8),(7061.2,7137.1),(2908.7,5522.6),(7837.4,1342.3)
146,(3826.7,3152.9),(9162.0,5257.8),(5299.0, 738.0),(7423.2,2959.2),(1584.1,7794.8),(5299.0,5052.2),(11897.9,2143.5),(7050.5,7137.4),(2577.1,5559.0),(7828.8,1342.9)
147,(4078.6,3346.2),(9162.0,5257.4),(5340.0, 738.0),(7422.7,2958.7),(1796.3,7930.2),(5291.0,5065.9),(11907.1,2143.2),(7032.3,7137.9),(2245.5,5595.3),(7820.3,1343.4)
148,(4375.4,3321.3),(9162.0,5257.1),(5381.1, 738.0),(7385.8,2921.8),(2129.2,7916.9),(5129.5,5370.6),(11916.3,2143.0),(7014.1,7138.5),(1913.8,5631.6),(7811.7,1344.0)
149,(4509.3,3039.0),(9162.0,5256.7),(5047.8, 738.0),(7432.3,2968.3),(2462.3,7903.6),(4823.3,5537.8),(11925.5,2142.7),(6995.9,7139.0),(1722.4,5680.2),(7479.1,1366.2)
150,(4502.9,2933.3),(9162.0,5256.4),(4714.4, 738.0),(7413.6,2949.6),(2497.5,7701.8),(4935.9,5497.6),(11934.7,2142.5),(6977.8,7139.5),(1396.2,5820.6),(7479.1,1366.2)
151,(4200.0,2920.2),(9162.0,5256.0),(4381.1, 738.0),(7404.4,2940.4),(2488.5,7307.3),(5183.3,5307.9),(11943.9,2142.2),(6959.6,7140.0),(1187.8,5660.1),(7479.1,1366.2)
152,(4104.5,2919.0),(9165.0,5430.3),(4047.8, 738.0),(7441.4,2977.4),(2652.2,7110.0),(5291.0,5065.8),(11950.8,2142.0),(6941.4,7140.5),(1114.8,5349.9),(7094.2, 737.9)
153,(4121.4,3020.2),(9165.0,5430.7),(3889.2, 572.7),(7404.5,2940.5),(2985.5,7110.0),(5290.4,5071.1),(11941.6,2142.3),(6923.2,7141.1),(1048.2,5043.1),(7098.9, 737.6)
154,(4121.4,3020.2),(9165.0,5431.0),(3630.4, 362.5),(7413.6,2949.6),(3017.1,7110.0),(5274.1,5201.5),(11932.4,2142.5),(6910.1,7141.4),( 986.7,4736.7),(7107.7, 737.1)
155,(4121.4,3020.2),(9165.0,5431.4),(3297.1, 367.6),(7450.5,2986.5),(3025.8,7110.0),(5274.7,5196.2),(11923.2,2142.8),(6928.3,7140.9),( 924.4,4450.2),(7116.5, 736.6)
156,(4121.4,3020.2),(9165.0,5431.7),(2963.8, 372.6),(7395.4,2931.4),(3034.5,7110.0),(5275.4,5190.9),(11914.0,2143.1),(6946.4,7140.4),(1208.8,4279.2),(7125.3, 736.1)
157,(4121.4,3020.2),(9165.0,5432.1),(2630.5, 377.6),(7422.7,2958.7),(3043.1,7110.0),(5276.1,5185.6),(11904.8,2143.3),(6964.6,7139.9),(1543.1,4266.0),(7134.1, 735.7)
158,(4121.4,3020.2),(9165.0,5432.4),(2297.2, 382.6),(7423.3,2959.3),(3051.8,7110.0),(5291.5,5061.9),(11895.6,2143.6),(6982.8,7139.3),(1876.4,4266.0),(7142.9, 735.2)
159,(4121.4,3020.2),(9314.3,5264.0),(1963.9, 387.6),(7386.3,2922.3),(3060.5,7110.0),(5290.9,5067.2),(11886.4,2143.8),(7316.0,7129.8),(2209.7,4267.1),(7151.7, 734.7)
160,(4121.4,3020.2),(9323.4,5264.5),(1630.6, 392.7),(7431.8,2967.8),(3069.1,7110.0),(5290.2,5072.5),(11877.2,2144.1),(7110.8,7135.7),(2379.1,4268.6),(7160.5, 734.2)
161,(4121.4,3020.2),(9162.0,5258.9),(1297.3, 397.7),(7414.1,2950.1),(3077.8,7110.0),(5274.2,5200.1),(11868.0,2144.3),(7037.4,7137.8),(2088.3,4269.8),(7169.3, 733.7)
162,(4121.4,3020.2),(9162.0,5258.6),( 964.0, 402.7),(7403.9,2939.9),(3086.5,7110.0),(5274.9,5194.8),(11858.8,2144.6),(7055.6,7137.3),(2104.6,4448.1),(7178.1, 733.2)
163,(4121.4,3020.2),(9162.0,5258.2),( 630.7, 407.7),(7440.9,2976.9),(3095.1,7110.0),(5337.3,5020.2),(11849.6,2144.8),(7056.2,7137.3),(2105.1,4453.9),(7187.0, 732.7)
164,(4121.4,3020.2),(9162.0,5257.9),( 297.4, 412.8),(7405.0,2941.0),(3103.8,7110.0),(5291.9,5059.1),(11840.4,2145.1),(7038.0,7137.8),(2105.6,4459.7),(7195.8, 732.2)
165,(4121.4,3020.2),(9162.0,5257.5),( 234.5, 613.6),(7413.0,2949.0),(3112.5,7110.0),(5291.2,5064.4),(11831.2,2145.4),(7019.8,7138.3),(2089.5,4282.5),(7204.6, 731.7)
166,(4121.4,3020.2),(9162.0,5257.2),( 253.7, 820.7),(7450.0,2986.0),(3121.1,7110.0),(5290.5,5069.7),(11822.0,2145.6),(7001.6,7138.8),(2089.0,4276.7),(7213.4, 731.3)
167,(4121.4,3020.2),(9162.0,5256.8),( 289.2,1204.2),(7395.9,2931.9),(3129.8,7110.0),(5289.9,5075.0),(11812.8,2145.9),(6983.4,7139.3),(2088.4,4270.9),(7222.2, 730.8)
168,(4121.4,3020.2),(9162.0,5256.5),( 340.3,1581.8),(7422.2,2958.2),(3138.5,7110.0),(5274.6,5197.6),(11803.6,2146.1),(6965.2,7139.9),(2107.5,4481.0),(7231.0, 730.3)
169,(4121.4,3020.2),(9167.9,5256.3),( 402.3,1936.3),(7423.8,2959.8),(3147.1,7110.0),(5275.2,5192.3),(11794.4,2146.4),(7183.0,7133.6),(2107.0,4475.2),(7239.8, 729.8)
170,(4121.4,3020.2),(9165.4,5256.2),( 642.8,2090.7),(7386.8,2922.8),(3155.8,7110.0),(5275.9,5187.0),(11794.8,2146.4),(7243.8,7131.9),(2106.5,4469.4),(7248.6, 729.3)
171,(4121.4,3020.2),(9174.5,5256.7),( 975.4,2066.6),(7431.3,2967.3),(3164.5,7110.0),(5291.7,5060.5),(11804.0,2146.1),(7225.6,7132.4),(2122.4,4644.5),(7250.3, 729.2)
172,(4121.4,3020.2),(9165.0,5430.6),(1307.4,2042.6),(7414.7,2950.7),(3162.9,7110.0),(5291.0,5065.8),(11813.2,2145.9),(6922.6,7141.1),(2122.9,4650.3),(7241.5, 729.7)
173,(4121.4,3020.2),(9165.0,5430.9),(1639.9,2018.5),(7403.4,2939.4),(3154.2,7110.0),(5290.4,5071.1),(11822.4,2145.6),(7255.8,7131.5),(2123.5,4656.1),(7232.7, 730.2)
174,(4121.4,3020.2),(9225.0,5259.3),(1705.9,2211.6),(7440.4,2976.4),(3145.5,7110.0),(5274.1,5201.5),(11831.6,2145.3),(7171.0,7134.0),(2124.0,4661.9),(7223.9, 730.7)
175,(4121.4,3020.2),(9165.0,5431.4),(1762.9,2560.6),(7405.5,2941.5),(3136.9,7110.0),(5274.7,5196.2),(11840.8,2145.1),(6977.2,7139.5),(2107.1,4476.3),(7215.1, 731.2)
176,(4121.4,3020.2),(9165.0,5431.8),(1746.3,2905.6),(7412.5,2948.5),(3128.2,7110.0),(5275.4,5190.9),(11850.0,2144.8),(6995.4,7139.0),(2140.1,4790.6),(7206.3, 731.6)
177,(4121.4,3020.2),(9165.0,5432.1),(1414.4,2940.8),(7449.5,2985.5),(3119.5,7110.0),(5276.1,5185.6),(11859.2,2144.6),(7013.6,7138.5),(2171.7,4961.7),(7197.5, 732.1)
178,(4121.4,3020.2),(9022.1,5251.2),(1083.7,2975.9),(7396.4,2932.4),(3110.9,7110.0),(5291.4,5063.0),(11868.4,2144.3),(7098.2,7136.1),(2368.4,5181.7),(7188.7, 732.6)
179,(4121.4,3020.2),(9165.0,5432.7),( 751.9,3011.1),(7421.6,2957.6),(2891.8,7110.0),(5290.7,5068.3),(11877.6,2144.1),(7049.9,7137.4),(2035.8,5170.5),(7179.9, 733.1)
180,(4121.4,3020.2),(9162.0,5258.9),( 589.4,2835.6),(7424.3,2960.3),(2558.5,7110.0),(5290.0,5073.6),(11886.8,2143.8),(7061.8,7137.1),(1702.5,5179.7),(7171.1, 733.6)
181,(4121.4,3020.2),(9162.0,5258.6),( 543.3,2622.0),(7387.3,2923.3),(2226.6,7085.5),(5274.4,5199.0),(11896.1,2143.6),(7043.6,7137.6),(1548.4,5175.9),(7162.3, 734.1)
182,(4121.4,3020.2),(9162.0,5258.2),( 477.2,2315.7),(7430.8,2966.8),(2272.6,7089.9),(5275.0,5193.6),(11905.3,2143.3),(7025.4,7138.1),(1450.8,4780.8),(7153.5, 734.6)
183,(4121.4,3020.2),(9162.0,5257.9),( 547.1,2639.4),(7415.2,2951.2),(2270.6,7089.7),(5275.7,5188.3),(11914.5,2143.0),(7007.2,7138.7),(1246.0,4768.0),(7144.7, 735.1)
184,(4121.4,3020.2),(9162.0,5257.5),( 469.7,2280.9),(7402.9,2938.9),(2224.7,7085.3),(5291.9,5059.1),(11923.7,2142.8),(6989.0,7139.2),(1578.2,4785.2),(7135.9, 735.6)
185,(4121.4,3020.2),(9162.0,5257.2),( 599.9,2093.8),(7439.9,2975.9),(2178.7,7080.9),(5291.2,5064.4),(11932.9,2142.5),(6970.9,7139.7),(1900.0,4712.6),(7127.1, 736.1)
186,(4121.4,3020.2),(9162.0,5256.8),( 596.2,2094.1),(7406.1,2942.1),(2132.8,7076.5),(5290.5,5069.7),(11942.1,2142.3),(6952.7,7140.2),(2125.7,4675.2),(7118.2, 736.5)
187,(4121.4,3020.2),(9162.0,5256.5),( 438.3,2135.4),(7412.0,2948.0),(2126.1,7075.9),(5289.9,5075.0),(11951.3,2142.0),(6934.5,7140.7),(2141.9,4805.3),(7109.4, 737.0)
188,(4121.4,3020.2),(9162.0,5256.1),( 531.7,2098.8),(7449.0,2985.0),(2172.0,7080.3),(5274.6,5197.5),(11943.5,2142.2),(6916.3,7141.2),(2122.4,4644.5),(7100.6, 737.5)
189,(4121.4,3020.2),(9165.0,5430.2),( 509.4,2100.4),(7396.9,2932.9),(2218.0,7084.7),(5275.2,5192.2),(11934.3,2142.5),(6917.0,7141.2),(2122.9,4650.3),(7092.4, 738.0)
190,(4121.4,3020.2),(9165.0,5430.6),( 487.1,2102.0),(7421.1,2957.1),(2263.9,7089.0),(5275.9,5186.9),(11925.1,2142.7),(6935.2,7140.7),(2123.5,4656.1),(7101.2, 737.5)
191,(4121.4,3020.2),(9165.0,5430.9),( 464.7,2103.6),(7424.8,2960.8),(2279.2,7090.5),(5291.7,5060.5),(11915.9,2143.0),(6953.4,7140.2),(2124.0,4661.9),(7110.0, 737.0)
192,(4121.4,3020.2),(9165.0,5431.3),( 442.4,2105.2),(7387.8,2923.8),(2233.3,7086.1),(5291.0,5065.8),(11906.7,2143.3),(6971.5,7139.7),(2107.1,4476.2),(7118.8, 736.5)
193,(4121.4,3020.2),(9165.0,5431.6),( 444.4,2105.1),(7430.2,2966.2),(2187.3,7081.7),(5290.4,5071.1),(11897.5,2143.5),(6989.7,7139.2),(2106.6,4470.4),(7127.7, 736.0)
194,(4121.4,3020.2),(9165.0,5432.0),( 466.7,2103.5),(7415.7,2951.7),(2141.4,7077.4),(5274.1,5201.4),(11888.3,2143.8),(7007.9,7138.6),(2106.1,4464.6),(7136.5, 735.5)
195,(4121.4,3020.2),(9165.0,5432.3),( 489.1,2101.9),(7402.4,2938.4),(2117.4,7075.1),(5274.7,5196.1),(11879.1,2144.0),(7026.1,7138.1),(2122.8,4649.3),(7145.3, 735.0)
196,(4121.4,3020.2),(9165.0,5432.7),( 511.4,2100.2),(7439.4,2975.4),(2163.4,7079.5),(5275.4,5190.8),(11869.9,2144.3),(7044.3,7137.6),(2123.4,4655.1),(7154.1, 734.6)
197,(4121.4,3020.2),(9162.1,5259.0),( 533.7,2098.6),(7406.6,2942.6),(2209.4,7083.8),(5276.1,5185.5),(11860.7,2144.5),(7062.5,7137.1),(2124.2,4663.6),(7162.9, 734.1)
198,(4121.4,3020.2),(9162.0,5258.6),( 469.7,2280.6),(7411.5,2947.5),(2255.3,7088.2),(5291.5,5061.9),(11851.5,2144.8),(7049.3,7137.4),(2159.1,4943.1),(7171.7, 733.6)
199,(4121.4,3020.2),(9162.0,5258.3),( 471.5,2289.3),(7448.5,2984.5),(2287.9,7091.3),(5290.8,5067.2),(11842.3,2145.0),(7031.1,7138.0),(2158.5,4937.8),(7180.5, 733.1)
200,(4121.4,3020.2),(9162.0,5257.9),( 438.5,2136.3),(7397.4,2933.4),(2241.9,7086.9),(5290.2,5072.5),(11833.1,2145.3),(7012.9,7138.5),(2157.8,4932.5),(7189.3, 732.6)
201,(4121.4,3020.2),(9162.0,5257.6),( 536.0,2098.5),(7420.6,2956.6),(2195.9,7082.6),(5274.2,5200.0),(11823.9,2145.6),(6994.7,7139.0),(2122.5,4645.3),(7198.1, 732.1)
202,(4121.4,3020.2),(9162.0,5257.2),( 513.7,2100.1),(7425.3,2961.3),(2150.0,7078.2),(5274.9,5194.7),(11814.7,2145.8),(6976.5,7139.5),(2123.0,4651.1),(7206.9, 731.6)
203,(4121.4,3020.2),(9162.0,5256.9),( 491.4,2101.7),(7388.3,2924.3),(2108.8,7074.3),(5275.6,5189.4),(11805.5,2146.1),(6958.3,7140.0),(2123.5,4656.9),(7215.7, 731.1)
204,(4121.4,3020.2),(9162.0,5256.5),( 469.0,2103.3),(7429.7,2965.7),(2154.8,7078.6),(5292.0,5058.0),(11796.3,2146.3),(6940.1,7140.6),(2107.6,4481.2),(7224.5, 730.6)
205,(4121.4,3020.2),(9162.0,5256.1),( 446.7,2104.9),(7416.2,2952.2),(2200.7,7083.0),(5291.3,5063.3),(11793.0,2146.4),(6921.9,7141.1),(2107.0,4475.4),(7233.3, 730.1)
206,(4121.4,3020.2),(9165.0,5430.2),( 440.1,2105.4),(7401.9,2937.9),(2246.7,7087.4),(5290.7,5068.6),(11802.2,2146.2),(6911.3,7141.4),(2106.5,4469.6),(7242.1, 729.7)
207,(4121.4,3020.2),(9165.0,5430.6),( 462.4,2103.8),(7438.9,2974.9),(2292.7,7091.8),(5290.0,5073.9),(11811.4,2145.9),(6929.5,7140.9),(2122.4,4644.3),(7250.9, 729.2)
208,(4121.4,3020.2),(9165.0,5430.9),( 484.8,2102.2),(7407.1,2943.1),(2250.5,7087.8),(5274.4,5198.6),(11820.6,2145.6),(6947.7,7140.4),(2122.9,4650.1),(7248.0, 729.3)
209,(4121.4,3020.2),(9165.0,5431.3),( 507.1,2100.6),(7411.0,2947.0),(2204.6,7083.4),(5275.1,5193.3),(11829.8,2145.4),(6965.9,7139.8),(2125.0,4670.4),(7239.2, 729.8)
210,(4121.4,3020.2),(9165.0,5431.6),( 468.5,2275.1),(7448.0,2984.0),(2158.6,7079.0),(5275.7,5188.0),(11839.0,2145.1),(6984.1,7139.3),(2158.3,4936.3),(7230.4, 730.3)
211,(4121.4,3020.2),(9165.0,5432.0),( 470.3,2283.8),(7398.0,2934.0),(2112.6,7074.6),(5291.8,5059.4),(11848.2,2144.9),(7002.3,7138.8),(2142.1,4807.1),(7221.6, 730.8)
212,(4121.4,3020.2),(9165.0,5432.3),( 439.7,2141.8),(7420.1,2956.1),(2146.2,7077.8),(5291.2,5064.7),(11857.4,2144.6),(7020.5,7138.3),(2141.2,4799.6),(7212.8, 731.3)
213,(4121.4,3020.2),(9165.0,5432.7),( 562.7,2096.5),(7425.8,2961.8),(2192.1,7082.2),(5290.5,5070.0),(11866.6,2144.4),(7038.7,7137.8),(2106.3,4467.8),(7204.0, 731.8)
214,(4121.4,3020.2),(9162.1,5259.0),( 540.3,2098.2),(7388.8,2924.8),(2238.1,7086.6),(5289.8,5075.3),(11875.8,2144.1),(7056.8,7137.2),(2122.6,4646.1),(7195.2, 732.3)
215,(4121.4,3020.2),(9162.0,5258.6),( 518.0,2099.8),(7429.2,2965.2),(2284.1,7091.0),(5274.6,5197.2),(11885.0,2143.9),(7054.9,7137.3),(2123.1,4651.9),(7186.4, 732.8)
216,(4121.4,3020.2),(9162.0,5258.3),( 495.7,2101.4),(7416.7,2952.7),(2259.1,7088.6),(5275.3,5191.9),(11894.2,2143.6),(7036.7,7137.8),(2123.6,4657.7),(7177.5, 733.2)
217,(4121.4,3020.2),(9162.0,5257.9),( 473.3,2103.0),(7401.4,2937.4),(2213.2,7084.2),(5275.9,5186.6),(11903.4,2143.3),(7018.5,7138.3),(2107.5,4480.4),(7168.7, 733.7)
218,(4121.4,3020.2),(9162.0,5257.6),( 451.0,2104.6),(7438.3,2974.3),(2167.2,7079.8),(5291.6,5060.8),(11912.6,2143.1),(7000.3,7138.8),(2107.0,4474.6),(7159.9, 734.2)
219,(4121.4,3020.2),(9162.0,5257.2),( 435.8,2105.7),(7407.6,2943.6),(2121.3,7075.5),(5291.0,5066.1),(11921.8,2142.8),(6982.1,7139.4),(2106.4,4468.8),(7151.1, 734.7)
220,(4121.4,3020.2),(9162.0,5256.9),( 458.2,2104.1),(7410.5,2946.5),(2137.6,7077.0),(5290.3,5071.4),(11931.0,2142.6),(6963.9,7139.9),(2122.5,4645.0),(7142.3, 735.2)
221,(4121.4,3020.2),(9162.0,5256.5),( 480.5,2102.5),(7447.5,2983.5),(2183.5,7081.4),(5274.1,5201.1),(11940.2,2142.3),(6945.8,7140.4),(2123.0,4650.8),(7133.5, 735.7)
222,(4121.4,3020.2),(9162.0,5256.2),( 502.8,2100.9),(7398.5,2934.5),(2229.5,7085.8),(5274.8,5195.8),(11949.4,2142.1),(6927.6,7140.9),(2124.9,4669.3),(7124.7, 736.2)
223,(4121.4,3020.2),(9165.0,5430.2),( 468.3,2274.2),(7419.6,2955.6),(2275.4,7090.1),(5275.4,5190.5),(11945.3,2142.2),(6909.4,7141.4),(2158.4,4937.4),(7115.9, 736.7)
224,(4121.4,3020.2),(9165.0,5430.5),( 470.2,2282.9),(7426.3,2962.3),(2267.8,7089.4),(5276.1,5185.2),(11936.1,2142.4),(6923.9,7141.0),(2142.0,4805.9),(7107.1, 737.2)
225,(4121.4,3020.2),(9165.0,5430.9),( 609.3,2093.1),(7389.4,2925.4),(2221.8,7085.0),(5291.5,5062.2),(11926.9,2142.7),(6942.1,7140.5),(2122.5,4645.0),(7098.3, 737.7)
226,(4121.4,3020.2),(9165.0,5431.2),( 586.7,2094.8),(7428.7,2964.7),(2175.8,7080.7),(5290.8,5067.5),(11917.7,2143.0),(6960.3,7140.0),(2123.0,4650.8),(7094.8, 737.8)
227,(4121.4,3020.2),(9165.0,5431.6),( 564.4,2096.4),(7417.2,2953.2),(2129.9,7076.3),(5290.1,5072.8),(11908.5,2143.2),(6978.4,7139.5),(2123.5,4656.6),(7103.6, 737.4)
228,(4121.4,3020.2),(9165.0,5431.9),( 542.0,2098.0),(7380.2,2916.2),(2128.9,7076.2),(5274.3,5199.7),(11899.3,2143.5),(6996.6,7139.0),(2107.6,4481.6),(7112.4, 736.9)
229,(4121.4,3020.2),(9165.0,5432.3),( 519.7,2099.6),(7437.8,2973.8),(2174.9,7080.6),(5274.9,5194.4),(11890.1,2143.7),(7014.8,7138.4),(2107.1,4475.8),(7121.2, 736.4)
230,(4121.4,3020.2),(9165.0,5432.6),( 497.4,2101.3),(7408.1,2944.1),(2220.9,7084.9),(5275.6,5189.1),(11880.9,2144.0),(7033.0,7137.9),(2106.5,4470.0),(7130.0, 735.9)
231,(4121.4,3020.2),(9165.0,5433.0),( 475.0,2102.9),(7410.0,2946.0),(2266.8,7089.3),(5292.0,5058.3),(11871.7,2144.2),(7051.2,7137.4),(2106.0,4464.2),(7138.8, 735.4)
232,(4121.4,3020.2),(9162.0,5258.7),( 432.9,2110.3),(7446.9,2982.9),(2276.4,7090.2),(5291.3,5063.6),(11862.5,2144.5),(7060.5,7137.1),(2126.1,4678.8),(7147.6, 734.9)
233,(4121.4,3020.2),(9162.0,5258.3),( 464.2,2255.3),(7399.0,2935.0),(2230.4,7085.8),(5290.6,5068.9),(11853.3,2144.7),(7042.4,7137.6),(2142.5,4810.2),(7156.4, 734.4)
234,(4121.4,3020.2),(9162.0,5258.0),( 466.1,2264.0),(7419.1,2955.1),(2184.4,7081.5),(5290.0,5074.2),(11844.1,2145.0),(7024.2,7138.2),(2143.2,4815.5),(7165.2, 733.9)
235,(4121.4,3020.2),(9162.0,5257.6),( 468.0,2272.8),(7426.8,2962.8),(2138.5,7077.1),(5274.5,5198.3),(11834.9,2145.3),(7006.0,7138.7),(2143.9,4820.8),(7174.0, 733.4)
236,(4121.4,3020.2),(9162.0,5257.3),( 469.8,2281.5),(7389.9,2925.9),(2120.3,7075.4),(5275.1,5193.0),(11825.7,2145.5),(6987.8,7139.2),(2124.3,4664.3),(7182.8, 733.0)
237,(4121.4,3020.2),(9162.0,5256.9),( 440.2,2144.1),(7428.2,2964.2),(2166.3,7079.7),(5275.8,5187.7),(11816.5,2145.8),(6969.6,7139.7),(2159.1,4942.4),(7191.6, 732.5)
238,(4121.4,3020.2),(9162.0,5256.6),( 438.3,2135.4),(7417.7,2953.7),(2212.2,7084.1),(5291.8,5059.7),(11807.3,2146.0),(6951.4,7140.2),(2158.4,4937.1),(7200.4, 732.0)
239,(4121.4,3020.2),(9162.0,5256.2),( 436.5,2126.7),(7380.8,2916.8),(2258.2,7088.5),(5291.1,5065.0),(11798.1,2146.3),(6933.2,7140.8),(2142.0,4806.3),(7209.3, 731.5)
240,(4121.4,3020.2),(9165.0,5430.1),( 434.6,2117.9),(7437.3,2973.3),(2285.0,7091.0),(5290.5,5070.3),(11791.2,2146.5),(6915.0,7141.3),(2142.7,4811.6),(7218.1, 731.0)
