13,0.9326,0.8519,4.3864
0,(11608.2,7485.2),(1569.1,5183.4),(11951.6,2133.5),(13661.6,5823.6),(4085.9,2065.7),(4076.9,1725.8),(5615.8,7920.0),( 809.7,2078.6),(5243.1,5030.8),(2209.8,6935.6),(7352.9,2888.9),(8214.3,7146.0),(7100.7, 270.0)
1,(11565.9,7129.3),(1902.3,5174.2),(11933.6,1774.8),(13873.3,6108.0),(4076.9,1724.0),(4076.9,1725.8),(5282.8,7933.3),( 477.1,2102.7),(5522.6,4875.9),(2424.5,6679.1),(7318.0,2854.0),(8547.7,7146.0),(7308.7, 270.0)
2,(11487.4,6794.1),(2194.9,5159.6),(11916.3,1427.8),(14084.9,6392.5),(4076.9,1724.2),(9028.5,5251.4),(4949.8,7946.6),( 476.1,2310.3),(5854.9,4860.0),(2655.1,6415.6),(7592.9,2952.8),(8881.0,7146.0),(7557.3, 272.7)
3,(11409.0,6458.8),(2141.9,4804.9),(11934.2,1786.5),(14250.2,6614.5),(4077.1,1731.6),(8932.6,5248.1),(4715.3,7947.6),( 553.4,2668.8),(6188.2,4860.0),(2885.1,6168.9),(7358.5,2946.5),(8743.7,7146.0),(7223.9, 270.0)
4,(11331.8,6120.7),(2122.4,4644.2),(12014.7,2138.9),(14485.3,6936.2),(4090.9,2094.4),(9265.6,5261.5),(4686.5,7609.7),( 645.8,3022.3),(6294.4,4860.0),(3058.2,5954.6),(7203.7,2877.7),(8410.3,7146.0),(7185.4, 270.0)
5,(11254.9,5777.7),(2082.9,4240.5),(12347.6,2122.5),(14522.0,7198.8),(4085.9,2067.5),(9598.5,5279.0),(4657.8,7271.9),( 976.5,2987.2),(5961.1,4860.0),(3114.9,5959.6),(7451.9,2986.0),(8417.0,7146.0),(6953.3, 270.0)
6,(11178.0,5434.7),(2019.4,3923.2),(12680.4,2106.2),(14480.2,7539.4),(4076.9,1725.8),(9589.3,5278.5),(4393.6,7110.0),(1308.4,2952.1),(5633.5,4858.4),(3077.9,5976.1),(7543.0,2965.3),(8384.3,7146.0),(6643.4, 275.4)
7,(11017.1,5267.4),(1808.6,3659.0),(13013.3,2089.8),(14438.4,7880.1),(4066.0,1373.7),(9580.2,5278.0),(4060.2,7110.0),(1640.2,2916.9),(5563.5,4597.2),(3064.0,5990.0),(7869.1,2908.1),(8351.7,7146.0),(6643.3, 275.0)
8,(11350.1,5281.9),(1478.6,3708.5),(13040.7,1906.3),(14215.1,8043.3),(4011.8,1048.9),(9436.9,5270.5),(3726.9,7110.0),(1972.6,2900.1),(5607.0,4202.8),(2926.0,6128.0),(8199.0,2958.2),(8319.0,7146.0),(6727.2, 598.7)
9,(11683.1,5294.4),(1242.5,3750.6),(13023.3,1566.8),(13881.8,8039.0),(3946.7, 707.0),(9446.0,5270.9),(3510.1,7112.6),(2305.9,2904.7),(5579.6,4056.1),(3036.1,6017.9),(8527.5,2931.0),(8286.3,7146.0),(6953.0, 745.7)
10,(12016.3,5307.0),(1266.4,4097.5),(13040.8,1908.2),(13548.5,8034.6),(3907.2, 614.7),(9552.9,5276.6),(3519.0,7507.2),(2639.2,2909.2),(5913.4,4050.0),(3242.6,5970.6),(8852.9,2858.7),(8240.3,7146.0),(6898.2, 748.8)
11,(12349.4,5319.6),(1044.1,4310.5),(13022.8,1558.1),(13215.2,8030.3),(3767.3, 751.6),(9882.9,5281.5),(3523.6,7708.3),(2972.5,2913.8),(6245.5,4071.6),(3575.2,5999.1),(9178.7,2787.4),(7907.1,7141.9),(6719.7, 949.2)
12,(12682.5,5332.1),( 895.5,4309.4),(13004.9,1208.0),(12881.9,8025.9),(4100.2, 738.0),(10214.0,5247.0),(3851.8,7916.7),(3301.5,2953.7),(6217.3,4068.7),(3544.8,5996.5),(9162.1,2789.4),(7573.9,7133.1),(6663.7,1173.0)
13,(13015.5,5344.7),( 836.9,3933.9),(12986.9, 857.9),(12548.6,8021.6),(4059.1, 738.0),(10368.9,5241.3),(4184.8,7931.9),(3630.3,2969.7),(6231.7,4070.2),(3294.3,5975.0),(9242.9,2777.2),(7573.9,7133.1),(6359.9,1409.2)
14,(13190.5,5558.0),(1080.8,3750.7),(12972.0, 509.5),(12215.3,8017.2),(4276.4, 738.0),(10035.8,5253.6),(4517.7,7947.0),(3961.5,2932.8),(6259.9,4073.0),(3195.6,5966.5),(9230.3,2779.2),(7382.9,7147.1),(6195.8,1437.8)
15,(13390.6,5860.1),(1410.3,3718.8),(12965.8, 330.0),(11882.0,8012.8),(3977.0, 738.0),(9979.4,5089.2),(4185.3,7931.9),(3961.5,2932.8),(6288.1,4075.8),(3178.6,5965.1),(9559.7,2727.2),(7235.3,7132.1),(6520.7,1363.8)
16,(13541.6,6087.8),(1740.3,3669.3),(12627.9, 173.1),(11662.7,7997.9),(3984.1, 738.0),(9993.8,4764.8),(3852.2,7916.7),(4195.2,2487.4),(6316.3,4078.6),(3161.5,5963.6),(9889.2,2675.2),(7542.9,7132.3),(6849.1,1348.1)
17,(13741.8,6389.9),(1957.9,3615.2),(12294.7, 184.2),(11629.2,7683.0),(4025.2, 738.0),(9883.2,4437.7),(3915.2,7919.6),(4528.3,2499.7),(6066.1,4031.1),(3011.5,5950.4),(10214.6,2616.8),(7567.9,7132.9),(6857.0,1550.0)
18,(13942.0,6692.0),(1892.5,3279.8),(11961.5, 195.3),(11626.9,7660.9),(4066.2, 738.0),(9550.6,4415.5),(3869.7,7917.5),(4608.3,2739.3),(6207.6,3957.0),(3163.4,5963.8),(10522.9,2487.5),(7525.4,7131.8),(6857.4,1545.6)
19,(14213.4,6840.0),(1937.1,3639.7),(11961.5, 195.3),(11590.9,7323.3),(4107.3, 738.0),(9218.0,4393.3),(3806.7,7914.7),(4454.7,2931.2),(6154.9,3984.6),(3146.4,5962.3),(10831.2,2358.3),(7516.6,7131.6),(6857.4,1545.6)
20,(13916.0,6864.2),(1609.1,3688.9),(11961.1, 700.7),(11316.5,7167.6),(4146.0, 738.0),(9180.0,4085.9),(3708.2,7910.2),(4362.3,2927.2),(6011.5,4207.5),(3129.3,5960.9),(11127.1,2234.2),(7383.0,7147.2),(6841.4,1713.7)
21,(14013.7,6800.4),(1639.2,3684.4),(12294.4, 695.2),(10983.2,7172.3),(4105.0, 738.0),(9177.4,3898.7),(3375.0,7902.0),(4508.5,3047.7),(6012.9,4195.6),(3394.7,5983.6),(11340.4,2305.4),(7383.0,7147.2),(6876.4,1343.5)
22,(13813.6,6498.3),(1669.2,3679.9),(12627.7, 689.7),(10649.9,7177.0),(3943.9, 700.4),(9172.3,3532.2),(3041.7,7902.0),(4206.3,3135.3),(6235.1,3942.6),(3409.6,5984.9),(11566.8,2453.8),(7383.0,7147.2),(6872.3,1009.3)
23,(13662.6,6270.5),(1699.2,3675.4),(12629.0, 689.7),(10316.6,7181.7),(3910.0, 621.4),(9177.4,3902.0),(2708.4,7902.0),(4152.0,2918.1),(6276.2,3921.0),(3392.6,5983.4),(11900.0,2463.9),(7259.1,7131.5),(7044.4,1077.6)
24,(13517.6,6051.6),(1729.2,3670.9),(12295.7, 695.2),(10284.7,7000.5),(4112.2, 738.0),(8950.6,4089.6),(2501.9,7899.1),(4485.0,2932.6),(6237.9,3941.1),(3446.5,5988.0),(12233.2,2457.4),(6925.9,7141.0),(7376.1,1111.9)
25,(13717.8,6353.7),(1399.2,3720.4),(11962.4, 700.6),(10263.1,6655.7),(4141.2, 738.0),(8986.7,4089.1),(2493.0,7504.5),(4818.2,2926.0),(6199.5,3961.2),(3773.6,6027.9),(12566.4,2446.4),(6749.9,7142.7),(7376.1,1111.9)
26,(13868.7,6581.5),(1412.8,3718.4),(11889.2, 885.5),(10355.8,6318.0),(4100.1, 738.0),(9180.0,4084.1),(2482.6,7109.9),(5054.4,2898.1),(6165.2,3979.2),(4102.8,6080.3),(12899.5,2435.5),(6742.7,6797.4),(7376.1,1111.9)
27,(14134.7,6840.0),(1742.7,3668.9),(11906.9,1239.8),(10689.1,6318.0),(4433.4, 738.0),(9174.9,3717.1),(2438.6,7105.7),(4778.9,2736.0),(6203.5,3959.1),(4420.8,6162.8),(13068.8,2441.3),(6735.7,6457.6),(7617.6,1897.0)
28,(14090.0,6840.0),(1712.7,3673.4),(11889.0, 882.8),(11022.4,6318.0),(4766.8, 738.0),(9174.9,3716.6),(2537.6,7110.0),(4770.4,2736.0),(6241.9,3939.0),(4544.1,6382.4),(13095.0,2819.6),(6742.9,6802.9),(7950.6,1897.1)
29,(14045.4,6840.0),(1682.7,3677.9),(11897.6,1053.5),(11018.2,6318.0),(5066.3, 738.0),(9174.9,3715.3),(2206.0,7083.5),(4827.8,2736.0),(6269.4,3924.6),(4593.8,6744.6),(13121.1,3197.8),(6742.8,6802.7),(7928.3,1896.4)
30,(14079.3,6840.0),(1960.1,3626.3),(11880.4, 709.1),(10933.1,6318.0),(4733.0, 738.0),(9172.3,3528.1),(1872.8,7080.5),(4882.9,2736.0),(6231.1,3944.7),(4615.8,6904.7),(13147.3,3576.0),(6742.8,6798.4),(7848.9,1894.0)
31,(14334.0,6840.0),(1889.7,3265.3),(11898.3,1067.8),(11107.6,6318.0),(4774.0, 738.0),(9172.3,3532.5),(1539.6,7089.7),(4825.6,2736.0),(6192.8,3964.7),(4566.1,6542.5),(13161.2,3776.6),(6742.8,6798.7),(7798.1,1892.4)
32,(14543.6,7023.6),(1859.7,3111.5),(11898.2,1066.4),(10843.8,6318.0),(4815.1, 738.0),(9177.4,3899.4),(1468.2,7091.7),(4768.2,2736.0),(6172.0,3975.6),(4566.8,6547.6),(13186.3,4139.6),(6742.8,6801.9),(7696.8,1891.7)
33,(14501.7,7364.2),(1858.1,3103.5),(11916.2,1425.0),(11177.1,6318.0),(4935.8, 738.0),(9177.4,3901.8),(1801.4,7082.5),(4609.4,2751.6),(6101.7,4012.4),(4472.9,6178.5),(13160.1,3761.4),(6808.6,7144.3),(7696.8,1891.7)
34,(14459.9,7704.9),(1928.5,3464.5),(11933.9,1780.3),(11383.0,6347.8),(4897.2, 738.0),(9189.2,4242.6),(2134.4,7076.7),(4933.3,2921.2),(6288.6,4075.9),(4151.4,6083.6),(13133.9,3383.2),(7141.8,7134.8),(7696.8,1891.7)
35,(14436.5,7895.4),(1750.1,3667.8),(11916.0,1421.7),(11461.4,6683.1),(4563.9, 738.0),(9188.7,4233.8),(2465.6,7108.2),(5023.0,2740.8),(6260.4,4073.0),(3825.6,6045.2),(13120.1,3182.6),(7382.2,7142.3),(7432.3,1229.8)
36,(14088.8,8041.7),(1420.1,3717.3),(11907.4,1250.0),(11539.9,7018.3),(4230.6, 738.0),(9188.6,4232.3),(2799.6,7110.0),(5190.6,2931.6),(6232.3,4070.2),(3495.2,5992.2),(13093.9,2804.4),(7430.6,7456.9),(7432.3,1229.8)
37,(13755.5,8037.3),(1242.7,3754.5),(11907.3,1248.6),(11308.5,7167.7),(3950.3, 715.3),(9189.5,4247.3),(3133.0,7110.0),(4858.2,2924.3),(6216.8,4068.7),(3163.1,5963.8),(13067.8,2427.1),(7499.1,7601.1),(7422.1, 566.8)
38,(13840.1,8038.4),(1265.3,4082.5),(11924.7,1596.7),(10975.2,7172.4),(3833.1, 441.9),(9197.9,4391.1),(3466.3,7110.0),(5014.8,2917.8),(6245.0,4071.5),(3360.9,5980.7),(13049.9,2085.6),(7427.3,7760.6),(7320.2, 270.0)
39,(14173.4,8042.8),(1119.9,3749.1),(11924.8,1598.1),(10641.9,7177.1),(3479.9, 364.8),(9138.1,4086.7),(3598.4,7110.0),(4771.9,2927.9),(6273.2,4074.3),(3693.0,6009.2),(13031.9,1735.6),(7425.7,7425.3),(7089.1, 270.0)
40,(14419.3,8035.3),( 808.7,3756.7),(11924.9,1599.4),(10308.6,7181.8),(3146.6, 369.8),(9177.2,4086.0),(3514.5,7309.1),(5011.1,2918.0),(6301.4,4077.1),(3774.4,5970.6),(13014.0,1385.5),(7425.7,7425.3),(7422.5, 270.0)
41,(14461.2,7694.6),( 755.6,3539.1),(11906.9,1240.8),(10284.6,7000.0),(2813.3, 374.8),(9177.4,3898.8),(3519.1,7510.1),(4861.9,2924.2),(6329.5,4080.0),(3425.5,5986.2),(13004.6,1201.9),(7425.7,7425.3),(7434.0, 270.9)
42,(14503.0,7354.0),( 681.7,3236.2),(11897.6,1053.1),(10263.1,6655.2),(2480.0, 379.9),(9172.3,3529.1),(3647.2,7907.4),(4906.9,2922.3),(6357.7,4082.8),(3407.9,5984.7),(12986.6, 851.8),(7425.7,7425.3),(7379.3, 270.0)
43,(14525.9,6994.1),( 769.1,3594.5),(11897.6,1053.1),(10363.7,6318.0),(2146.7, 384.9),(9167.2,3161.3),(3980.2,7922.6),(4876.0,2923.6),(6385.9,4085.6),(3390.9,5983.3),(12971.8, 505.4),(7425.7,7425.3),(7046.0, 270.0)
44,(14357.9,6759.2),( 840.5,3957.5),(11897.6,1053.1),(10697.1,6318.0),(2200.6, 384.1),(9167.1,3159.8),(4313.1,7937.7),(4830.9,2925.5),(6365.0,4083.5),(3077.3,5976.7),(12841.9, 165.9),(7619.4,6269.8),(7108.7, 270.0)
45,(14146.2,6474.8),( 873.9,4170.7),(11567.0, 203.6),(11030.4,6318.0),(2533.9, 379.1),(9164.5,2972.6),(4646.1,7952.8),(5042.1,2916.7),(6336.8,4080.7),(2847.3,6206.7),(12960.1, 165.1),(7952.7,6278.0),(7171.3, 270.0)
46,(13934.6,6190.4),(1193.6,4282.1),(11233.8, 209.5),(11363.7,6318.0),(2867.2, 374.0),(9179.2,2787.3),(4700.9,7778.9),(4799.2,2926.8),(6308.7,4077.9),(2669.7,6399.0),(12972.1, 512.6),(8109.0,6444.3),(7234.0, 270.0)
47,(13722.9,5906.0),(1527.3,4266.0),(10900.5, 215.5),(11330.2,6113.5),(3200.5, 369.0),(9162.0,2790.9),(4672.2,7441.0),(4844.2,2924.9),(6280.5,4075.0),(2858.1,6195.9),(12987.2, 862.6),(8099.2,6617.7),(7175.3, 270.0)
48,(13557.7,5684.0),(1860.7,4266.0),(10920.2, 432.8),(11342.7,6169.5),(3533.8, 364.0),(9167.1,3160.7),(4642.5,7099.1),(4938.8,2921.0),(6252.3,4072.2),(2631.7,6442.4),(13005.1,1212.6),(8075.3,6975.9),(7112.7, 270.0)
49,(13346.0,5399.5),(2083.9,4245.6),(11003.5, 807.8),(11420.8,6509.5),(3469.1, 365.0),(9169.7,3347.9),(4592.8,6736.9),(4934.3,2921.2),(6224.1,4069.4),(2444.1,6656.8),(13023.1,1562.7),(8366.3,7146.0),(7434.0, 270.5)
50,(13055.0,5353.5),(2020.5,3928.3),(11053.0,1030.7),(11490.3,6806.4),(3404.4, 365.9),(9174.8,3713.8),(4593.7,6743.7),(4848.7,2924.7),(6225.0,4069.5),(2144.9,6876.0),(13041.0,1912.8),(8160.4,7146.0),(7433.9, 271.8)
51,(13205.9,5581.3),(1957.2,3611.5),(11126.0,1359.1),(11498.6,6841.6),(3737.7, 360.9),(9174.9,3717.1),(4615.9,6905.6),(4803.7,2926.6),(6253.1,4072.3),(1814.9,6924.1),(12887.2,2096.0),(8082.7,7326.3),(7422.1, 566.9)
52,(13406.1,5883.4),(1893.2,3283.5),(11042.7, 984.1),(11491.8,6812.7),(4070.8, 350.3),(9174.9,3716.6),(4616.6,6910.6),(4781.5,2927.5),(6281.3,4075.1),(1484.9,6972.2),(12554.2,2112.4),(8073.0,7663.1),(7422.2, 565.6)
53,(13606.3,6185.5),(1888.4,3258.6),(10993.2, 761.2),(11497.1,6835.3),(4403.9, 338.6),(9180.1,4087.6),(4569.9,6570.0),(5113.0,2925.2),(6309.5,4077.9),(1371.5,6801.8),(12221.3,2128.8),(7828.4,7636.7),(7421.8, 575.8)
54,(13757.3,6413.3),(1817.9,2897.6),(10909.8, 386.2),(11496.3,6832.2),(4737.1, 326.8),(9180.2,4089.1),(4569.2,6564.9),(5227.6,2936.0),(6337.7,4080.8),(1312.7,6470.2),(11951.8,2138.8),(7828.4,7636.7),(7416.0, 719.9)
55,(13957.4,6715.4),(1785.1,2696.6),(10623.6, 220.2),(11495.6,6829.0),(4744.8, 326.5),(9180.3,4090.7),(4568.5,6559.9),(5531.9,2918.4),(6365.9,4083.6),(1267.7,6137.5),(11915.3,2143.0),(8049.2,7660.6),(7416.1, 718.6)
56,(14193.8,6840.0),(1728.2,2347.7),(10290.3, 225.9),(11494.7,6825.3),(4411.6, 338.3),(9180.0,4084.5),(4596.4,6763.5),(5202.8,2933.0),(6385.1,4085.5),(1292.5,5816.6),(11673.9,2149.7),(7852.2,7639.3),(7416.1, 717.2)
57,(13867.1,6873.7),(1565.9,2023.8),(9957.0, 231.5),(11463.5,6692.1),(4078.5, 350.1),(9180.0,4085.0),(4595.7,6758.4),(4870.6,2923.8),(6356.9,4082.7),(1219.3,5794.0),(12007.0,2139.3),(8117.3,7661.2),(7416.2, 715.9)
58,(13998.2,6777.0),(1233.4,2047.9),(9623.7, 237.2),(11526.8,6962.3),(3806.2, 379.1),(9180.0,4085.5),(4595.1,6753.4),(4825.6,2925.7),(6328.7,4079.9),(1157.7,5532.2),(12340.0,2122.9),(8082.5,7325.1),(7416.2, 714.6)
59,(13798.1,6474.9),( 900.9,2072.0),(9290.4, 242.8),(11527.5,6965.4),(3923.4, 652.5),(9177.5,3903.4),(4602.6,7110.0),(4780.6,2927.6),(6300.5,4077.1),(1145.3,5479.5),(12672.7,2106.6),(8081.6,7316.6),(7422.0, 570.7)
60,(13817.9,6504.8),( 568.4,2096.1),(8957.1, 248.5),(11528.3,6968.6),(3990.9, 923.3),(9177.5,3902.9),(4640.7,7110.0),(4804.5,2926.6),(6272.4,4074.2),(1159.7,5540.7),(12362.3,2121.8),(7872.3,7141.0),(7421.9, 572.1)
61,(13753.1,6407.0),( 472.0,2291.4),(8624.5, 261.1),(11529.0,6971.7),(4045.0,1248.1),(9239.9,4081.4),(4621.5,6945.9),(4849.5,2924.7),(6244.2,4071.4),(1188.4,5662.9),(12029.3,2138.2),(7904.9,7141.8),(7181.7, 733.0)
62,(13733.3,6377.1),( 518.1,2505.0),(8292.1, 285.8),(11529.7,6974.9),(4036.8,1199.1),(9177.4,3902.1),(4616.8,6911.9),(4894.5,2922.8),(6216.0,4068.6),(1189.4,5667.1),(11942.8,1958.2),(8065.8,7163.8),(6848.9, 751.5)
63,(13706.6,6336.8),( 595.4,2863.5),(8292.1, 285.8),(11530.5,6978.0),(3982.7, 874.3),(9177.4,3901.6),(4617.5,6917.0),(4888.3,2923.1),(6233.1,4070.3),(1245.9,5975.8),(11925.1,1604.4),(8098.3,7477.9),(6720.6, 573.3)
64,(13644.4,6243.0),( 885.8,2996.9),(8292.1, 285.8),(11531.2,6981.2),(3633.5, 761.1),(9177.4,3901.1),(4618.2,6922.0),(4843.3,2924.9),(6261.3,4073.1),(1247.1,5984.9),(11925.1,1603.1),(8098.5,7479.6),(6560.0, 281.7)
65,(13624.6,6213.1),(1216.6,2961.8),(8292.1, 285.8),(11532.0,6984.3),(3827.1, 747.4),(9189.0,4238.5),(4596.9,6767.2),(4798.3,2926.8),(6289.4,4075.9),(1247.0,5984.5),(11933.6,1773.3),(8101.3,7506.8),(6544.6, 407.3)
66,(13595.2,6168.8),(1548.4,2926.6),(8292.1, 285.8),(11456.9,6663.7),(3896.2, 589.1),(9177.4,3900.9),(4590.9,6723.5),(4786.8,2927.3),(6317.6,4078.8),(1292.0,6317.1),(11934.4,1789.4),(7837.3,7637.7),(6685.3, 436.8)
67,(13444.3,5941.0),(1820.3,2909.8),(8292.1, 285.8),(11535.4,6998.9),(3675.7, 361.8),(9027.6,4088.4),(4541.2,6361.3),(5119.1,2923.2),(6345.8,4081.6),(1344.7,6651.8),(12072.2,2136.1),(7838.9,7637.8),(6786.5, 755.0)
68,(13244.1,5638.9),(1889.3,3263.2),(8521.2, 268.8),(11592.1,7334.1),(3342.4, 366.9),(9180.4,4092.3),(4277.2,6119.8),(5447.8,2935.2),(6374.0,4084.4),(1406.8,6989.6),(12405.2,2119.7),(7729.5,7626.0),(7119.3, 736.5)
69,(13068.7,5341.3),(1860.1,3113.6),(8854.2, 250.2),(11592.0,7333.3),(3009.1, 371.9),(9195.6,4409.6),(3947.0,6069.9),(5311.4,2945.8),(6376.9,4084.7),(1684.6,7085.7),(12263.9,2126.7),(7509.1,7602.2),(7055.9, 740.0)
70,(13312.5,5354.5),(1921.5,3428.4),(9187.5, 244.6),(11611.8,7519.7),(2675.8, 376.9),(9195.6,4409.6),(3623.1,6003.2),(5286.5,2942.9),(6348.8,4081.9),(2017.8,7076.5),(11930.9,2142.6),(7425.3,7422.2),(6774.5, 771.9)
71,(13524.2,5639.0),(1856.9,3097.6),(9520.7, 238.9),(11647.8,7857.3),(2467.5, 380.1),(9195.6,4409.6),(3714.4,5976.4),(5159.0,2932.8),(6320.6,4079.1),(2226.6,6913.1),(11658.3,2150.2),(7516.3,7131.6),(6893.8,1065.0)
72,(13735.9,5923.4),(1855.4,3089.6),(9854.0, 233.3),(11343.5,8007.2),(2800.8, 375.0),(9429.6,5270.1),(3612.9,5664.6),(5158.8,2609.9),(6292.4,4076.2),(1964.2,6902.3),(11991.5,2140.1),(7252.5,7131.6),(6875.2,1358.7)
73,(13901.1,6145.4),(1883.3,3232.6),(10187.3, 227.6),(11010.2,8004.2),(3134.1, 370.0),(9587.5,5278.4),(3638.3,5742.5),(5151.6,2285.7),(6155.8,4062.6),(1634.2,6950.4),(12324.4,2123.7),(6919.3,7141.2),(6875.2,1358.7)
74,(14112.7,6429.8),(1958.5,2899.9),(10451.0, 223.1),(10676.9,8001.3),(3467.4, 365.0),(9596.6,5278.9),(3809.0,5940.8),(4964.2,2114.7),(6207.0,3957.3),(1400.8,6966.4),(12657.2,2107.3),(6586.4,7135.1),(6875.2,1358.7)
75,(14324.4,6714.2),(1815.4,2882.4),(10117.8, 228.8),(10343.6,7998.3),(3800.7, 359.9),(9605.7,5279.4),(4061.9,5724.1),(4631.4,2097.7),(6521.8,3852.0),(1341.1,6631.7),(12990.2,2090.9),(6253.3,7123.3),(6957.5,2332.7)
76,(14217.0,6840.0),(1762.3,2557.0),(9784.5, 234.4),(10010.3,7995.4),(4133.7, 348.1),(9272.8,5261.8),(4084.2,5509.6),(4298.5,2080.8),(6855.1,3852.0),(1424.8,6465.0),(13041.3,1917.5),(5920.0,7116.3),(7289.7,2362.9)
77,(13992.3,6768.0),(1759.1,2537.2),(9975.7, 231.2),(9676.9,7992.4),(4466.9, 336.3),(8939.7,5248.3),(4080.8,5089.1),(4085.9,2066.8),(6999.8,3962.9),(1292.5,6320.7),(13059.2,2263.4),(5615.5,7113.6),(7621.2,2354.0)
78,(13847.9,6550.1),(1703.5,2196.5),(10309.0, 225.5),(9610.7,7809.1),(4800.0, 324.5),(9021.4,5251.2),(4112.7,4829.2),(4076.9,1725.1),(6683.4,4050.0),(1290.6,6306.7),(12821.9,2438.1),(5543.7,7110.0),(7527.9,2364.9)
79,(14014.5,6845.0),(1760.4,2545.5),(10642.3, 219.9),(9318.1,7650.0),(5133.2, 312.7),(9165.0,5432.7),(4201.4,5237.2),(4065.2,1369.3),(6390.2,4083.1),(1292.4,6320.0),(12488.7,2449.0),(5616.0,7109.6),(7439.9,2223.2)
80,(13690.0,6908.3),(1793.3,2746.5),(10975.6, 214.2),(9144.4,7658.4),(5466.3, 300.9),(9333.7,5265.0),(4532.1,5203.0),(4174.0,1371.4),(6390.2,4083.1),(1342.7,6640.5),(12155.6,2459.9),(5608.5,6930.1),(7438.6,2532.1)
81,(13610.9,6923.7),(1730.7,2907.3),(11107.1, 211.8),(9161.6,7984.1),(5799.4, 289.2),(9666.4,5282.5),(4711.5,5158.4),(4068.0,1387.9),(6390.2,4083.1),(1342.9,6641.9),(12117.6,2461.2),(5594.7,6598.2),(7447.6,2838.9)
82,(13938.9,6859.7),(1787.4,2710.9),(10773.9, 217.7),(9284.9,7650.0),(6132.8, 288.0),(9350.7,5265.9),(4545.9,5201.6),(4077.0,1729.6),(6390.2,4083.1),(1291.0,6309.5),(12450.7,2450.2),(5609.1,6943.2),(7443.0,2681.7)
83,(13920.0,6658.9),(1730.5,2361.9),(10440.6, 223.3),(9594.3,7652.5),(6466.1, 288.0),(9017.6,5251.0),(4214.2,5235.9),(4088.0,2080.2),(6391.4,4677.9),(1247.0,5984.1),(12783.9,2439.3),(5310.7,7110.0),(7469.2,2371.9)
84,(13769.1,6431.1),(1655.0,2017.4),(10107.3, 229.0),(9616.3,7992.0),(6798.2, 270.0),(9162.0,5258.2),(4104.2,5000.9),(4324.9,2250.0),(6718.7,4854.4),(1246.1,5977.2),(13067.9,2427.4),(5373.4,7110.0),(7800.9,2342.1)
85,(13568.9,6129.0),(1322.9,2041.4),(10160.2, 228.1),(9283.0,7992.0),(6647.9, 292.7),(9168.0,5608.2),(4101.5,5013.1),(4346.2,2250.0),(7052.0,4848.3),(1186.3,5653.7),(13010.1,2090.0),(5040.0,7110.0),(8134.0,2353.6)
86,(13391.3,5861.1),( 990.4,2065.5),(9826.9, 233.7),(8949.7,7988.3),(6731.8, 616.4),(9250.0,5260.6),(4068.0,5364.1),(4346.2,2250.0),(7385.3,4842.2),(1185.3,5649.4),(12677.1,2106.3),(4706.7,7110.0),(8467.3,2354.1)
87,(13542.3,6088.9),( 657.9,2089.6),(9493.6, 239.4),(8616.4,7982.6),(6844.4, 941.6),(9582.9,5278.2),(4111.0,5684.8),(4419.2,2495.7),(7398.1,4657.5),(1112.3,5339.2),(12344.4,2122.7),(4373.4,7110.0),(8800.5,2347.6)
88,(13742.4,6390.9),( 436.8,2128.1),(9160.3, 245.0),(8283.1,7976.8),(6817.2, 875.5),(9573.8,5277.7),(4410.9,5548.5),(4104.1,2482.6),(7410.1,4286.7),(1326.7,5192.5),(12011.4,2139.1),(4040.0,7110.0),(9133.8,2341.2)
89,(13942.6,6693.0),( 508.3,2459.8),(8827.1, 250.7),(8283.1,7976.8),(6723.8, 932.7),(9564.7,5277.2),(4717.7,5422.8),(4117.5,2227.6),(7453.2,3882.2),(1659.9,5180.9),(11942.8,1957.3),(3706.7,7110.0),(9133.8,2341.2)
90,(14215.6,6840.0),( 431.3,2102.2),(8494.7, 270.8),(7923.8,7647.0),(6891.9, 749.1),(9555.6,5276.7),(4915.6,5331.9),(4118.8,2234.1),(7535.2,3576.6),(1993.1,5171.6),(11924.8,1598.7),(3373.4,7110.0),(9133.8,2341.2)
91,(14371.3,6777.3),( 395.4,1896.6),(8161.8, 285.8),(7592.4,7611.2),(6728.6, 604.2),(9546.4,5276.2),(5134.8,4970.6),(4120.1,2240.6),(7742.3,3282.1),(2177.4,5054.6),(11925.1,1604.0),(3040.0,7110.0),(9187.6,1465.2)
92,(14159.7,6492.9),( 333.3,1542.0),(7828.5, 278.6),(7427.2,7434.8),(6719.4, 950.3),(9537.3,5275.8),(5408.1,4961.3),(4081.5,1898.3),(7975.4,3196.9),(2140.5,4793.7),(11925.0,1602.6),(2706.7,7110.0),(9064.1,1124.5)
93,(13948.0,6208.5),( 287.2,1182.7),(7495.2, 271.3),(7432.1,7129.4),(6663.4,1174.2),(9528.2,5275.3),(5628.0,4839.1),(4081.5,1898.5),(8057.3,3238.6),(2105.3,4456.0),(11934.4,1790.3),(2594.6,7110.0),(8940.7, 783.8)
94,(13782.8,5986.5),( 251.7, 799.2),(7161.9, 270.0),(7765.3,7138.1),(6875.7,1352.7),(9519.1,5274.8),(5580.5,4478.8),(4072.5,1557.3),(7810.5,3185.3),(2054.1,4096.4),(11813.7,2145.8),(2928.0,7110.0),(8893.5, 653.7)
95,(13571.1,5702.0),( 232.5, 592.1),(6828.6, 270.0),(8098.6,7146.0),(6856.5,1555.2),(9510.0,5274.3),(5578.0,4496.3),(4081.5,1899.0),(7888.1,3152.4),(1990.6,3779.1),(11775.5,2146.9),(3074.7,7110.0),(9017.0, 994.4)
96,(13359.5,5417.6),( 531.4, 409.2),(6517.1, 292.4),(8428.1,7146.0),(6856.5,1555.2),(9507.4,5274.2),(5568.7,4631.5),(3922.4,2070.0),(8187.4,3304.9),(1846.2,3653.4),(11951.6,2134.2),(2910.6,7110.0),(9011.9, 980.3)
97,(13073.3,5340.2),( 864.7, 404.2),(6590.4, 598.1),(8399.2,7146.0),(6894.0,2326.9),(9516.5,5274.7),(5794.2,4860.0),(4186.7,2075.1),(8486.7,3457.4),(1924.9,3446.0),(11933.7,1775.5),(2902.0,7110.0),(9132.1,1312.1)
98,(13194.4,5563.9),(1198.0, 399.2),(6547.9, 928.2),(8493.4,7146.0),(7225.4,2357.0),(9525.6,5275.1),(5677.0,4807.7),(4085.9,2067.9),(8517.3,3473.0),(1883.6,3234.2),(11934.3,1787.1),(2893.3,7110.0),(9051.0,1088.4)
99,(13394.6,5866.0),(1531.3, 394.2),(6456.7,1156.3),(8333.9,7146.0),(6914.3,2328.8),(9534.7,5275.6),(5591.4,4866.1),(4077.0,1729.9),(8431.9,3429.5),(1894.8,3291.8),(11951.8,2138.2),(2767.4,7110.0),(8954.1, 820.9)
100,(13545.6,6093.8),(1864.6, 389.1),(6099.6,1278.0),(8301.2,7146.0),(6914.3,2328.8),(9543.8,5276.1),(5514.2,4877.1),(4088.4,2082.0),(8413.2,3420.0),(1965.4,3653.1),(11951.9,2139.6),(2776.0,7110.0),(8949.0, 806.8)
101,(13745.7,6395.9),(2197.9, 384.1),(5882.4,1045.5),(8268.6,7146.0),(6914.3,2328.8),(9552.9,5276.6),(5580.2,4867.7),(3910.0,2250.0),(8394.5,3410.4),(1965.9,3655.5),(11951.9,2140.9),(2443.1,7106.1),(8943.9, 792.7)
102,(13945.9,6698.0),(2531.2, 379.1),(5817.1, 820.0),(8258.1,7146.0),(6914.3,2328.8),(9562.1,5277.1),(5393.0,4973.9),(3576.7,2250.0),(8375.8,3400.9),(1957.8,3614.7),(11943.4,1970.7),(2111.9,7074.6),(8985.3, 907.0)
103,(13983.1,6754.2),(2864.5, 374.1),(5817.1, 820.0),(8065.5,7160.3),(6914.3,2328.8),(9571.2,5277.5),(5333.4,5205.1),(3464.5,2383.4),(8292.9,3358.6),(1892.6,3280.3),(11943.4,1969.3),(1777.9,7083.1),(8990.4, 921.1)
104,(14002.9,6784.1),(3197.8, 369.0),(5769.2, 738.0),(8098.7,7481.4),(6914.3,2328.8),(9580.3,5278.0),(5252.7,5226.9),(3767.2,2493.4),(8311.6,3368.1),(1891.0,3272.3),(11943.3,1968.0),(1455.3,7086.7),(8995.5, 935.2)
105,(14022.8,6814.0),(3531.1, 364.0),(5435.9, 738.0),(8170.2,7146.0),(6914.3,2328.8),(9589.4,5278.5),(5012.0,5470.4),(4100.4,2484.1),(8029.6,3224.5),(1919.6,3418.9),(11943.2,1966.6),(1375.7,6825.6),(9000.7, 949.4)
106,(13988.2,6761.8),(3808.3, 384.0),(5102.5, 738.0),(8356.5,7146.0),(6914.3,2328.8),(9598.5,5279.0),(4696.8,5583.0),(4100.4,2484.1),(7965.7,3192.0),(1858.8,3107.1),(11943.2,1965.3),(1619.2,6952.6),(8962.1, 843.0)
107,(13968.4,6731.9),(3925.5, 657.5),(4769.2, 738.0),(8389.1,7146.0),(6914.3,2328.8),(9607.6,5279.5),(4579.3,5697.2),(4334.8,2926.0),(7806.7,3190.7),(1922.8,3434.9),(11943.1,1963.9),(1949.2,6904.5),(8957.0, 828.8)
108,(13948.6,6702.0),(4281.8, 738.0),(4607.3, 738.0),(8421.8,7146.0),(6914.3,2328.8),(9616.7,5279.9),(4571.8,5678.5),(4668.0,2932.3),(7599.5,3485.1),(1927.7,3460.1),(11943.0,1962.6),(2263.9,6863.5),(8951.9, 814.7)
109,(13980.5,6750.2),(4053.6, 738.0),(4476.9, 738.0),(8405.5,7146.0),(6914.3,2328.8),(9625.9,5280.4),(4495.3,5664.5),(5001.0,2918.4),(7492.2,3457.2),(1773.3,3664.3),(11951.6,2133.8),(2071.0,7111.3),(8935.0, 768.0)
110,(14000.3,6780.1),(3989.0, 912.2),(4143.6, 738.0),(8372.9,7146.0),(6613.6,1722.3),(9635.0,5280.9),(4499.1,5662.5),(5156.7,3054.8),(7465.9,3150.3),(1445.3,3713.5),(11951.7,2135.1),(1829.7,7368.7),(8811.5, 427.2)
111,(14020.1,6810.0),(4043.2,1237.0),(3811.0, 748.5),(8340.2,7146.0),(6319.7,1715.0),(9644.1,5281.4),(4563.0,5656.4),(4949.2,3193.3),(7492.0,3454.3),(1728.7,3671.0),(11951.7,2136.5),(1631.1,7580.5),(8899.4, 249.4)
112,(14039.9,6839.9),(4314.5,1352.2),(4046.1, 738.0),(8307.5,7146.0),(6652.9,1723.3),(9653.2,5281.9),(4555.4,5637.6),(4949.2,3193.3),(7466.2,3153.2),(1958.4,3617.4),(11951.8,2137.8),(1586.2,7811.2),(8846.5, 250.3)
113,(13971.0,6735.9),(4645.1,1306.8),(4289.4, 738.0),(8274.9,7146.0),(6693.9,1724.3),(9662.3,5282.3),(4605.3,5762.3),(4949.2,3193.3),(7466.3,3154.7),(1892.1,3277.6),(11951.9,2139.2),(1564.6,7642.9),(8793.6, 251.2)
114,(13951.2,6706.0),(4630.8,1308.7),(4330.5, 738.0),(8251.8,7146.0),(6720.7,1725.0),(9671.4,5282.8),(4612.8,5781.0),(4949.2,3193.3),(7466.4,3156.1),(1890.5,3269.6),(11951.9,2140.5),(1523.4,7430.0),(8755.3, 251.9)
115,(13928.6,6671.9),(4300.2,1354.1),(3997.1, 738.0),(8575.5,7146.0),(6840.8,1719.3),(9338.8,5265.3),(4622.9,5824.9),(5418.3,3780.0),(7493.5,3472.6),(1920.2,3421.6),(11934.0,1781.9),(1594.3,7088.2),(8828.2, 473.4)
116,(13777.7,6444.1),(4065.3,1369.8),(3848.6, 478.0),(8317.1,7146.0),(6876.2,1347.1),(9660.1,5282.2),(4558.6,6050.0),(5598.6,3919.6),(7659.5,3399.9),(1858.3,3104.4),(11925.4,1609.7),(1636.5,7087.0),(8951.7, 814.1)
117,(13577.5,6142.0),(4011.2,1045.0),(3579.7, 363.3),(8349.8,7146.0),(6880.8,1030.0),(9651.0,5281.7),(4545.6,6393.0),(5848.6,4050.0),(7892.8,3154.8),(1851.3,3068.7),(11943.3,1968.4),(1402.9,6978.1),(9075.1,1154.9)
118,(13377.3,5840.0),(4017.0,1079.8),(3246.5, 368.3),(8111.5,7146.0),(6762.5, 778.0),(9641.9,5281.3),(4595.3,6755.2),(6180.4,4065.0),(8192.1,3307.3),(1974.4,2900.1),(12232.7,2128.2),(1343.2,6643.5),(9075.1,1154.9)
119,(13313.6,5743.8),(4068.1,1389.0),(2913.2, 373.3),(8415.1,7146.0),(6670.2,1147.3),(9632.8,5280.8),(4643.0,7102.6),(6126.9,3999.3),(8491.4,3459.8),(1643.1,2916.6),(12565.7,2111.8),(1291.1,6310.7),(9075.1,1154.9)
120,(13513.8,6045.9),(4077.1,1730.8),(2579.9, 378.4),(8412.2,7146.0),(6547.2,1355.6),(9623.6,5280.3),(4593.3,6740.4),(6132.4,3996.4),(8773.4,3603.4),(1815.1,2880.2),(12898.6,2095.4),(1246.2,5978.1),(9075.1,1154.9)
121,(13714.0,6348.0),(4089.7,2088.7),(2246.6, 383.4),(8379.5,7146.0),(6675.4,1126.6),(9614.5,5279.8),(4571.5,6581.5),(6012.9,4195.2),(9121.1,3618.0),(1758.1,2531.2),(13041.0,1912.2),(1407.3,5821.0),(9039.0,2343.1)
122,(13864.9,6575.8),(4089.7,2088.7),(1913.3, 388.4),(8346.9,7146.0),(6731.3, 902.7),(9605.4,5279.3),(4621.2,6943.7),(6274.9,4074.5),(9454.4,3618.0),(1701.1,2182.3),(13031.6,1728.6),(1331.7,5818.1),(8705.7,2349.5)
123,(13960.7,6855.5),(4089.7,2088.7),(1580.0, 393.4),(8314.2,7146.0),(6715.9, 555.0),(9596.3,5278.9),(4367.8,7110.0),(6246.7,4071.7),(9787.8,3618.0),(1655.6,1832.3),(13032.4,1744.4),(1184.4,5645.7),(8372.5,2355.9)
124,(13632.7,6919.5),(4167.9,3133.4),(1246.7, 398.5),(8281.5,7146.0),(6652.0, 308.6),(9587.2,5278.4),(4034.5,7110.0),(6218.5,4068.8),(10121.1,3618.0),(1693.9,1488.3),(13050.4,2094.7),(1111.4,5335.5),(8039.3,2350.3)
125,(13308.2,6982.8),(4140.0,3132.1),( 913.4, 403.5),(8248.9,7146.0),(6485.6, 288.0),(9578.1,5277.9),(3701.1,7110.0),(6230.6,4070.1),(9849.6,3618.0),(1801.1,1166.7),(12932.0,2093.8),(1045.7,5030.7),(7706.6,2343.9)
126,(12974.1,7018.2),(4219.2,3348.0),( 580.1, 408.5),(8277.8,7146.0),(6152.2, 288.0),(9569.0,5277.4),(3515.3,7083.1),(6028.2,4065.4),(9516.2,3618.0),(1998.9, 943.6),(12599.0,2110.2),( 983.8,4723.4),(7492.3,2369.1)
127,(12642.3,7052.7),(4453.6,3213.7),( 246.8, 413.5),(8310.5,7146.0),(5818.9, 288.5),(9559.8,5276.9),(3407.5,7110.0),(5929.7,4473.9),(9182.9,3618.0),(2329.5, 853.3),(12266.0,2126.6),( 962.2,4623.9),(7656.8,2349.8)
128,(12310.4,7087.3),(4586.3,2934.0),( 234.9, 618.3),(8064.9,7154.9),(5485.9, 300.3),(9550.7,5276.5),(3510.0,7112.1),(5732.8,4740.1),(8849.6,3618.0),(2662.2, 829.8),(11933.0,2142.5),(1134.8,4761.0),(7631.9,2352.7)
129,(11979.6,7121.7),(4908.6,2922.2),( 270.4,1001.8),(8100.7,7501.2),(5152.7, 312.0),(9541.6,5276.0),(3478.9,7110.0),(5836.5,4860.0),(8557.8,3493.6),(2994.8, 806.2),(11951.9,2140.6),( 962.1,4623.8),(7739.8,2334.6)
130,(11647.8,7156.3),(4863.6,2924.1),( 289.6,1208.9),(7890.9,7643.5),(4995.3, 317.6),(9532.5,5275.5),(3487.6,7110.0),(6169.8,4860.0),(8258.5,3341.1),(3327.0, 782.8),(11952.0,2141.9),( 964.4,4634.3),(7734.0,2190.7)
131,(11700.0,7150.9),(4530.4,2934.0),( 341.8,1590.4),(7559.5,7607.6),(5328.5, 305.8),(9484.6,5273.0),(3510.0,7110.3),(5925.8,4860.0),(8372.8,3399.4),(3659.7, 759.2),(11943.4,1969.7),(1025.3,4928.4),(7540.7,2363.4)
132,(11592.4,7337.1),(4197.5,2920.1),( 403.8,1944.9),(7424.0,7782.4),(5661.6, 294.0),(9484.6,5273.0),(3514.6,7311.4),(5593.3,4865.8),(8672.1,3551.8),(3955.0, 726.2),(12258.8,2126.9),(1244.4,5195.7),(7439.9,2222.7)
133,(11628.3,7674.7),(4197.5,2920.1),( 693.2,2087.1),(7203.2,7956.0),(5994.8, 288.0),(9484.6,5273.0),(3523.5,7702.0),(5336.9,5020.6),(8993.6,3618.0),(3837.8, 452.8),(12591.7,2110.5),(1577.5,5183.2),(7438.6,2531.8)
134,(11641.1,8009.8),(4113.1,2365.2),(1025.7,2063.0),(6869.8,7956.0),(6328.2, 288.0),(9165.0,5431.2),(3514.5,7307.5),(5038.5,4922.2),(9326.9,3618.0),(3510.2, 364.3),(12924.7,2094.2),(1910.7,5173.9),(7447.6,2838.6)
135,(11650.4,8009.9),(4086.0,2068.5),(1358.2,2038.9),(6869.8,7956.0),(6660.2, 270.0),(9165.0,5434.4),(3515.9,7079.9),(4969.9,4668.7),(9660.2,3618.0),(3176.8, 369.4),(13040.9,1910.9),(1824.1,5176.3),(7447.6,2839.4)
136,(11737.7,8011.0),(4077.0,1726.8),(1674.4,2018.7),(6869.8,7956.0),(6993.6, 270.0),(9165.0,5431.9),(3390.9,7110.0),(4981.2,4305.0),(9993.6,3618.0),(2843.6, 374.4),(13023.0,1562.2),(1490.9,5186.2),(7440.6,2976.6)
137,(11647.0,7850.2),(4067.0,1379.7),(1707.3,2219.7),(6680.1,7141.3),(7326.9, 270.0),(9165.0,5432.3),(3057.6,7110.0),(4804.9,4328.0),(9977.1,3618.0),(2510.3, 379.4),(13032.5,1745.8),(1157.9,5199.0),(7405.3,2941.3)
138,(11646.9,7849.5),(4012.8,1054.9),(1764.2,2568.6),(6347.2,7125.2),(7660.2, 274.9),(9165.0,5432.6),(3066.3,7110.0),(5136.7,4293.7),(9643.8,3618.0),(2177.0, 384.4),(13050.4,2096.1),(1121.2,5376.9),(7722.9,2920.3)
139,(11645.2,7832.9),(4015.3,1069.8),(1696.2,2910.9),(6013.9,7118.3),(7868.2, 279.4),(8991.3,5250.1),(2732.9,7110.0),(5445.4,4345.4),(9310.4,3618.0),(1843.7, 389.5),(12905.9,2095.1),(1194.2,5687.1),(7576.6,2956.8)
140,(11646.8,7848.0),(4120.3,1378.8),(1876.3,2898.8),(6242.6,7123.1),(7534.9, 272.2),(9162.0,5258.8),(2910.4,7110.0),(5578.7,4491.0),(8977.1,3618.0),(1510.4, 394.5),(12572.9,2111.5),(1517.1,5825.3),(7265.5,2905.1)
141,(11646.7,7847.3),(4068.0,1386.4),(2177.3,2902.9),(6489.6,7156.8),(7428.1, 416.7),(9162.0,5258.4),(3243.7,7110.0),(5294.8,4572.0),(8676.4,3554.0),(1177.1, 399.5),(12240.0,2127.8),(1698.1,5801.5),(6947.3,2806.3)
142,(11646.6,7846.5),(4067.8,1384.8),(1844.0,2898.4),(6275.8,7280.1),(7699.4, 275.8),(9162.0,5258.1),(3100.9,7110.0),(4986.1,4570.4),(8695.1,3563.5),( 843.8, 404.5),(11906.9,2143.3),(2033.6,5618.5),(6755.2,2721.1)
143,(11646.5,7845.8),(4067.7,1384.0),(1858.4,3104.9),(6376.5,7283.9),(7497.7, 271.4),(9162.0,5257.7),(3109.6,7110.0),(5003.6,4307.8),(8713.8,3573.1),( 510.5, 409.6),(11682.3,2149.5),(2365.3,5582.2),(7076.2,2719.2)
144,(11646.5,7845.1),(4067.5,1383.3),(1923.2,3437.1),(6475.0,7127.9),(7307.6, 270.0),(9162.0,5257.3),(3118.3,7110.0),(4995.1,4436.0),(8732.5,3582.6),( 216.3, 417.6),(11951.8,2138.8),(2696.9,5545.8),(7343.2,2879.2)
145,(11646.4,7844.3),(4067.4,1382.5),(1855.3,3088.9),(6472.6,7127.8),(7244.9, 270.0),(9162.0,5257.0),(2867.1,7110.0),(4995.3,4431.9),(8751.2,3592.1),( 235.5, 624.6),(11933.9,1780.2),(3027.4,5509.6),(7429.1,2965.1)
146,(11646.3,7843.6),(4067.3,1381.7),(1896.6,3300.7),(6460.3,7127.6),(7289.7, 270.0),(9162.0,5256.6),(2793.6,7110.0),(4731.9,4337.5),(8769.9,3601.6),( 271.0,1008.2),(11916.0,1422.5),(3073.6,5221.3),(7496.2,2976.9)
147,(11646.2,7842.9),(4014.9,1067.1),(1967.3,3662.3),(6447.9,7127.3),(7352.4, 270.0),(9162.0,5256.3),(2460.5,7107.8),(4418.2,4282.4),(8788.6,3611.2),( 305.5,1380.2),(11925.4,1610.1),(3406.6,5235.2),(7385.8,2958.6)
148,(11646.1,7842.1),(4067.0,1380.1),(2030.7,3979.6),(6435.6,7127.1),(7415.1, 270.0),(9165.0,5430.1),(2129.3,7076.2),(4418.2,4282.4),(8779.4,3606.5),( 270.0, 996.7),(11943.3,1968.7),(3534.3,5423.2),(7418.4,2954.4)
149,(11646.1,7841.4),(4015.1,1068.7),(1927.0,4266.0),(6423.3,7126.8),(7390.3, 270.0),(9165.0,5430.4),(1795.5,7082.6),(4161.9,4280.0),(8760.7,3597.0),( 253.2, 816.0),(11943.3,1967.4),(3635.8,5735.0),(7427.5,2963.5)
150,(11662.1,7992.2),(4066.8,1378.5),(1593.6,4266.0),(6410.9,7126.6),(7327.6, 270.0),(9165.0,5430.8),(1462.3,7091.9),(4186.7,4275.5),(8742.0,3587.4),( 288.7,1199.5),(11943.2,1966.0),(3832.8,6047.6),(7390.5,2926.5)
151,(11662.2,7993.0),(4015.4,1070.3),(1277.9,4264.8),(6743.4,7145.6),(7264.9, 270.0),(9165.0,5431.1),(1372.8,6809.5),(4186.7,4275.5),(8723.3,3577.9),( 338.7,1573.1),(11943.1,1964.7),(4167.7,6086.9),(7427.5,2963.5)
152,(11662.3,7993.7),(4066.5,1376.9),(1254.0,3917.8),(6746.3,6970.0),(7269.7, 270.0),(9165.0,5434.5),(1313.5,6476.1),(4139.9,4286.9),(8704.6,3568.4),( 400.2,1924.3),(11943.1,1963.3),(4481.1,6180.9),(7418.4,2954.4)
153,(11662.3,7994.4),(4066.4,1376.2),(1399.6,3720.4),(6739.1,6624.6),(7332.4, 270.0),(9171.0,5785.8),(1268.5,6143.4),(4108.3,4283.7),(8685.9,3558.9),( 373.8,1773.2),(11951.6,2133.0),(4545.3,6391.2),(7381.4,2917.4)
154,(11626.4,7656.8),(4066.2,1375.4),(1729.6,3670.9),(6739.3,6630.3),(7395.1, 270.0),(9171.0,5786.2),(1269.4,6150.2),(4132.0,4283.9),(8667.2,3549.3),( 372.8,1767.8),(11951.6,2134.4),(4595.1,6753.4),(7436.7,2972.7)
155,(11593.5,7347.3),(4066.1,1374.6),(1504.4,3704.6),(6739.3,6630.0),(7410.3, 270.0),(9171.0,5786.5),(1335.3,6477.1),(4216.3,4270.1),(8648.5,3539.8),( 436.3,2125.8),(11934.3,1788.3),(4602.5,7110.0),(7409.3,2945.3)
156,(11593.4,7346.6),(4066.0,1373.8),(1173.1,3746.9),(6739.2,6629.8),(7347.6, 270.0),(9171.0,5786.9),(1664.2,6432.4),(4131.2,4460.2),(8673.5,3552.6),( 508.8,2462.1),(11934.2,1786.9),(4269.2,7110.0),(7408.8,2944.8)
157,(11593.3,7345.8),(4065.8,1373.0),(1067.9,3751.3),(6739.2,6629.5),(7284.9, 270.0),(9168.0,5612.8),(1362.2,6473.5),(4166.9,4279.1),(8692.2,3562.1),( 443.4,2105.2),(11951.8,2138.4),(3935.9,7110.0),(7445.8,2981.8)
158,(11593.3,7345.1),(4065.7,1372.2),(1397.7,3720.6),(6739.2,6629.3),(7249.7, 270.0),(9168.0,5612.4),(1293.6,6329.2),(4181.7,4276.4),(8710.9,3571.6),( 443.4,2105.2),(11934.1,1784.2),(3795.5,7110.0),(7400.2,2936.2)
159,(11593.2,7344.4),(4065.6,1371.4),(1367.7,3725.1),(6739.2,6629.0),(7312.4, 270.0),(9168.0,5612.1),(1293.6,6328.8),(4227.8,4268.0),(8729.6,3581.1),( 404.6,1949.7),(11934.0,1782.9),(4128.8,7110.0),(7417.9,2953.9)
160,(11593.1,7343.6),(4065.4,1370.6),(1337.7,3729.6),(6739.2,6628.8),(7375.1, 270.0),(9168.0,5611.7),(1293.5,6328.4),(4227.8,4268.0),(8748.3,3590.7),( 397.3,1907.8),(11942.6,1953.5),(4069.9,7110.0),(7428.0,2964.0)
161,(11593.0,7342.9),(4016.7,1078.1),(1536.3,3699.9),(6739.2,6628.5),(7430.3, 270.0),(9168.0,5611.4),(1293.5,6328.1),(4146.6,4282.8),(8767.0,3600.2),( 339.7,1578.8),(11942.6,1954.9),(4039.5,7110.0),(7391.0,2927.0)
162,(11593.0,7342.2),(4065.2,1369.1),(1277.6,3738.7),(6739.2,6628.2),(7367.6, 270.0),(9168.0,5611.0),(1293.4,6327.7),(4146.6,4282.8),(8785.7,3609.7),( 399.2,1918.7),(11942.7,1956.2),(4159.2,7110.0),(7427.0,2963.0)
163,(11592.9,7341.4),(4065.0,1368.3),(1596.4,3690.8),(6746.4,6972.8),(7304.9, 270.0),(9168.0,5609.3),(1293.4,6327.4),(4237.1,4266.3),(8782.2,3607.9),( 400.8,1927.9),(11942.8,1957.6),(4203.9,7110.0),(7418.9,2954.9)
164,(11591.2,7325.7),(4064.9,1367.5),(1575.6,3694.0),(6746.4,6973.1),(7242.3, 270.0),(9168.0,5609.7),(1293.3,6327.0),(4170.1,4278.5),(8763.5,3598.4),( 427.2,2078.6),(11942.8,1958.9),(3905.5,7110.0),(7381.9,2917.9)
165,(11339.6,7167.3),(4064.8,1366.7),(1545.6,3698.5),(6742.7,6796.9),(7292.4, 270.0),(9164.9,5430.0),(1293.3,6326.7),(4178.4,4277.0),(8744.8,3588.9),( 428.2,2084.0),(11943.1,1963.7),(3915.2,7110.0),(7436.1,2972.1)
166,(11006.3,7172.0),(4064.7,1365.9),(1328.4,3731.0),(6742.9,6803.6),(7355.1, 270.0),(9493.3,5273.4),(1293.2,6326.3),(4231.1,4267.4),(8726.1,3579.4),( 429.1,2089.5),(11943.0,1962.4),(4194.1,7110.0),(7409.8,2945.8)
167,(10673.0,7176.7),(4064.5,1365.1),(1485.6,3707.5),(6742.7,6797.4),(7417.7, 270.0),(9523.9,5275.0),(1293.2,6325.9),(4231.1,4267.4),(8707.4,3569.8),( 430.1,2094.9),(11951.6,2134.0),(4149.5,7110.0),(7408.3,2944.3)
168,(10339.7,7181.4),(4017.6,1083.7),(1388.5,3722.0),(6742.7,6797.7),(7387.6, 270.0),(9533.0,5275.5),(1293.1,6325.6),(4231.1,4267.4),(8688.7,3560.3),( 370.0,1751.6),(11951.7,2135.3),(4104.8,7110.0),(7445.3,2981.3)
169,(10308.8,7348.2),(4017.7,1084.5),(1418.5,3717.5),(6742.7,6798.0),(7324.9, 270.0),(9542.1,5276.0),(1293.1,6325.2),(4231.1,4267.4),(8670.0,3550.8),( 369.0,1746.2),(11951.7,2136.7),(4093.9,7110.0),(7400.7,2936.7)
170,(10178.4,7650.0),(4064.1,1362.8),(1393.5,3721.3),(6742.8,6798.2),(7262.3, 270.0),(9551.2,5276.5),(1293.0,6324.9),(4231.1,4267.4),(8651.3,3541.2),( 396.0,1900.3),(11951.8,2138.0),(4138.5,7110.0),(7417.4,2953.4)
171,(9845.1,7650.0),(4018.0,1086.0),(1480.5,3708.2),(6735.6,6452.9),(7272.4, 270.0),(9560.3,5277.0),(1293.0,6324.5),(4214.5,4270.4),(8670.7,3551.1),( 341.0,1586.3),(11951.9,2139.4),(4348.8,7110.0),(7428.5,2964.5)
172,(9594.9,7658.6),(4063.9,1361.2),(1333.5,3730.3),(6984.9,6275.0),(7335.1, 270.0),(9569.4,5277.4),(1341.6,6634.6),(4214.5,4270.4),(8689.4,3560.6),( 397.9,1911.2),(11951.9,2140.7),(4644.3,7113.2),(7391.6,2927.6)
173,(9701.7,7992.6),(4018.3,1087.6),(1303.5,3734.8),(7318.1,6265.7),(7397.7, 270.0),(9578.5,5277.9),(1346.2,6660.0),(4159.8,4280.4),(8708.1,3570.2),( 339.1,1575.4),(11943.4,1970.9),(4673.0,7451.1),(7426.5,2962.5)
174,(10035.0,7995.6),(4063.6,1359.6),(1273.4,3739.3),(7389.3,6090.5),(7407.6, 270.0),(9587.7,5278.4),(1342.1,6637.3),(4251.2,4263.8),(8726.8,3579.7),( 399.8,1922.1),(11943.4,1969.5),(4701.8,7789.0),(7419.4,2955.4)
175,(10368.3,7998.5),(4041.1,1224.6),(1600.6,3690.2),(7406.7,5765.3),(7344.9, 270.0),(9596.8,5278.9),(1292.5,6321.0),(4182.7,4276.2),(8745.5,3589.2),( 374.2,1775.5),(11942.7,1955.8),(4527.3,7947.4),(7382.4,2918.4)
176,(10701.6,8001.5),(4041.2,1225.3),(1571.4,3694.6),(7388.7,6101.2),(7282.3, 270.0),(9605.9,5279.4),(1292.5,6320.6),(4165.9,4279.3),(8764.2,3598.7),( 427.8,2082.0),(11942.8,1957.2),(4194.3,7932.3),(7435.6,2971.6)
177,(11035.0,8004.4),(4041.4,1226.1),(1302.6,3734.9),(7118.2,6271.3),(7252.4, 270.0),(9615.0,5279.8),(1292.4,6320.3),(4232.8,4267.1),(8782.9,3608.3),( 428.8,2087.4),(11942.8,1958.5),(3861.2,7917.1),(7410.3,2946.3)
178,(11368.3,8007.4),(4041.5,1226.9),(1332.6,3730.4),(7003.0,6274.5),(7315.1, 270.0),(9282.1,5262.3),(1292.4,6319.9),(4176.7,4277.3),(8801.6,3617.8),( 371.3,1759.1),(11942.9,1959.9),(3528.4,7902.0),(7407.8,2943.8)
179,(11663.6,8006.0),(4041.6,1227.7),(1481.4,3708.1),(7012.2,6274.2),(7377.7, 270.0),(9165.0,5433.6),(1292.3,6319.5),(4171.9,4278.2),(8766.4,3599.9),( 370.3,1753.6),(11943.0,1961.2),(3860.7,7917.1),(7444.7,2980.7)
180,(11663.7,8006.8),(4041.8,1228.5),(1392.7,3721.4),(7345.4,6265.0),(7427.6, 270.0),(9165.0,5433.3),(1292.3,6319.2),(4238.8,4266.0),(8747.7,3590.3),( 431.6,2103.8),(11934.4,1790.4),(4193.8,7932.3),(7401.2,2937.2)
181,(11663.7,8007.5),(4041.9,1229.3),(1419.3,3717.4),(7345.4,6265.0),(7364.9, 270.0),(9168.0,5607.1),(1292.2,6318.8),(4364.7,4259.5),(8729.0,3580.8),( 395.6,1898.2),(11934.4,1789.1),(4526.8,7947.4),(7416.9,2952.9)
182,(11663.8,8008.2),(4072.5,1556.2),(1749.3,3667.9),(7345.4,6265.0),(7302.3, 270.0),(9168.0,5607.4),(1292.2,6318.5),(4414.7,4280.9),(8710.3,3571.3),( 404.4,1948.3),(11934.3,1787.7),(4715.0,7943.8),(7429.0,2965.0)
183,(11663.9,8009.0),(4041.8,1228.7),(1957.6,3613.5),(7481.4,7130.7),(7239.6, 270.0),(9291.9,5262.8),(1292.1,6318.1),(4474.9,4306.7),(8691.6,3561.8),( 505.9,2100.6),(11934.2,1786.4),(4686.2,7606.0),(7346.8,2941.3)
184,(11664.0,8009.7),(4041.9,1229.4),(1959.2,3621.5),(7814.6,7139.4),(7295.1, 270.0),(9624.8,5280.4),(1292.1,6317.8),(4614.6,4534.5),(8672.9,3552.2),( 402.8,1939.0),(11951.8,2139.0),(4686.3,7606.5),(7381.5,2917.5)
185,(11644.1,7823.3),(4042.0,1230.2),(1888.7,3260.5),(8064.4,7140.4),(7357.7, 270.0),(9615.7,5279.9),(1292.0,6317.4),(4677.5,4878.9),(8654.2,3542.7),( 399.2,1918.4),(11934.1,1783.7),(4688.1,7628.2),(7337.7,2937.2)
186,(11608.2,7485.7),(4072.5,1558.0),(1847.4,3048.7),(8088.2,6782.3),(7420.4, 270.0),(9606.5,5279.4),(1292.0,6317.0),(4662.7,4882.2),(8667.8,3549.7),( 337.1,1563.9),(11934.0,1782.3),(4688.1,7627.6),(7447.2,2983.2)
187,(11608.3,7486.4),(4081.5,1898.3),(1793.0,2744.9),(8087.9,6787.9),(7087.1, 270.0),(9597.4,5278.9),(1291.9,6316.7),(4763.0,5184.0),(8686.5,3559.2),( 304.6,1371.0),(11943.4,1969.9),(4828.3,7951.5),(7398.7,2934.7)
188,(11611.6,7517.7),(4072.5,1557.5),(1892.2,2899.0),(8065.5,7146.0),(7322.3, 270.0),(9588.3,5278.4),(1343.4,6644.8),(5022.9,5084.9),(8705.2,3568.7),( 269.1, 987.5),(11942.7,1955.4),(5161.4,7938.2),(7419.4,2955.4)
189,(11608.5,7487.9),(4081.5,1898.7),(1851.4,3069.1),(8398.8,7146.0),(7212.4, 270.0),(9579.2,5278.0),(1343.7,6646.2),(5136.3,5194.8),(8723.9,3578.2),( 233.6, 603.9),(11942.7,1956.8),(5017.5,7943.9),(7426.6,2962.6)
190,(11608.5,7488.6),(4081.5,1899.0),(1855.0,3087.9),(8732.2,7146.0),(7196.9, 270.0),(9570.1,5277.5),(1291.4,6312.8),(5469.2,5212.3),(8742.6,3587.8),( 402.9, 411.2),(11943.2,1965.9),(4684.4,7954.6),(7389.6,2925.6)
191,(11608.6,7489.4),(4076.9,1723.7),(1896.4,3299.7),(8526.5,7146.0),(7337.7, 270.0),(9561.0,5277.0),(1246.5,5980.2),(5625.0,5040.3),(8761.3,3597.3),( 338.2, 412.2),(11942.9,1959.5),(4351.6,7939.4),(7428.5,2964.5)
192,(11608.7,7490.1),(4077.1,1732.1),(1885.2,3242.3),(8300.8,7146.0),(7071.6, 270.0),(9551.9,5276.5),(1188.6,5663.4),(5457.2,5211.6),(8780.0,3606.8),( 273.5, 413.1),(11943.1,1963.2),(4225.5,7933.7),(7342.5,2878.5)
193,(11608.8,7490.8),(4077.1,1731.8),(1821.3,2914.7),(8225.8,7146.0),(7404.9, 270.0),(9542.7,5276.0),(1246.2,5978.0),(5210.4,5276.2),(8798.7,3616.3),( 223.2, 413.9),(11951.6,2133.2),(4162.5,7930.8),(7380.5,2916.5)
194,(11608.8,7491.6),(4085.9,2066.4),(1819.7,2906.6),(8065.8,7163.6),(7129.7, 270.0),(9533.6,5275.6),(1246.8,5982.7),(5122.2,5379.1),(8769.2,3601.3),( 542.1, 409.1),(11934.4,1789.5),(4495.4,7946.0),(7437.6,2973.6)
195,(11569.0,7142.7),(4085.9,2066.6),(1818.1,2898.6),(8101.6,7509.9),(7192.4, 270.0),(9524.5,5275.1),(1291.7,6315.3),(5121.5,5194.0),(8750.5,3591.8),( 750.6, 405.9),(11934.3,1788.1),(4715.2,7946.5),(7408.3,2944.3)
196,(11499.1,6843.8),(4085.9,2066.9),(1848.5,3054.5),(7807.3,7634.4),(7216.9, 270.0),(9515.4,5274.6),(1291.7,6314.9),(4930.2,5199.8),(8731.8,3582.3),( 810.7, 405.0),(11934.2,1786.8),(4715.2,7947.0),(7409.7,2945.7)
197,(11574.8,7171.1),(4085.9,2067.1),(1850.1,3062.6),(7808.8,7634.6),(7154.3, 270.0),(9506.3,5274.1),(1291.4,6312.4),(5082.7,5191.9),(8713.1,3572.7),( 746.0, 406.0),(11951.8,2138.6),(4616.1,7951.5),(7446.7,2982.7)
198,(11609.3,7496.0),(4085.9,2067.3),(1942.0,2899.7),(7810.4,7634.7),(7091.6, 270.0),(9511.1,5274.4),(1291.6,6314.2),(4996.8,5113.3),(8694.4,3563.2),( 546.7, 409.0),(11951.9,2140.0),(4715.7,7952.9),(7399.2,2935.2)
199,(11609.4,7496.7),(4076.9,1725.5),(1853.2,3078.5),(7812.0,7634.9),(7424.9, 270.0),(9520.2,5274.9),(1291.5,6313.9),(5228.2,4845.3),(8675.7,3553.7),( 218.6, 414.0),(11934.0,1782.7),(4715.8,7953.4),(7418.8,2954.8)
200,(11609.5,7497.5),(4076.9,1725.8),(1824.1,2929.3),(7813.6,7635.1),(7362.3, 270.0),(9529.3,5275.3),(1291.5,6313.5),(5151.3,4941.4),(8657.0,3544.2),( 278.2, 413.1),(11943.4,1970.3),(4691.6,7954.9),(7427.1,2963.1)
201,(11609.6,7498.2),(4076.9,1726.0),(1942.0,2899.7),(7815.2,7635.3),(7299.6, 270.0),(9538.4,5275.8),(1266.0,6125.1),(5004.0,4905.0),(8665.0,3548.2),( 342.9, 412.1),(11943.3,1969.0),(4358.8,7939.8),(7390.1,2926.1)
202,(11609.6,7498.9),(4077.0,1729.8),(1899.9,2899.1),(7816.8,7635.4),(7235.1, 270.0),(9547.5,5276.3),(1226.9,5835.6),(4992.2,4899.1),(8683.7,3557.7),( 422.4, 410.9),(11943.3,1967.6),(4218.3,7933.4),(7428.0,2964.0)
203,(11609.7,7499.7),(4077.0,1729.5),(1819.5,2905.5),(7818.4,7635.6),(7174.3, 270.0),(9556.6,5276.8),(1188.1,5661.6),(5267.6,5044.5),(8702.4,3567.3),( 472.3, 410.1),(11943.2,1966.3),(4155.3,7930.5),(7418.0,2954.0)
204,(11609.8,7500.4),(4086.0,2068.7),(1847.2,3047.7),(7820.0,7635.8),(7111.6, 270.0),(9565.8,5277.3),(1246.7,5982.0),(5015.8,4910.9),(8721.1,3576.8),( 691.0, 406.8),(11943.1,1964.9),(4488.2,7945.6),(7381.0,2917.0)
205,(11609.9,7501.1),(4077.0,1729.1),(1863.0,2898.6),(7821.6,7636.0),(7048.9, 270.0),(9574.9,5277.7),(1291.6,6314.6),(5034.5,5072.2),(8739.8,3586.3),( 601.7, 408.2),(11943.1,1963.6),(4715.2,7947.1),(7322.9,2858.9)
206,(11609.9,7501.9),(4077.0,1728.8),(1850.3,3063.6),(7823.1,7636.1),(7382.3, 270.0),(9584.0,5278.2),(1291.4,6312.8),(5009.1,5099.9),(8758.5,3595.8),( 268.4, 413.2),(11943.0,1962.2),(4617.0,7951.5),(7351.2,2887.2)
207,(11593.9,7350.9),(4086.0,2069.4),(1790.9,2732.3),(7824.7,7636.3),(7152.4, 270.0),(9593.1,5278.7),(1291.6,6313.9),(4940.6,5174.6),(8777.2,3605.4),( 496.9, 409.8),(11951.6,2134.1),(4715.7,7952.9),(7409.2,2945.2)
208,(11593.8,7350.2),(4077.0,1728.4),(1852.8,3076.2),(7826.3,7636.5),(7256.9, 270.0),(9602.2,5279.2),(1291.5,6313.5),(4959.0,5154.6),(8795.9,3614.9),( 397.8, 411.3),(11951.7,2135.5),(4715.8,7953.5),(7446.2,2982.2)
209,(11593.7,7349.4),(4086.0,2069.9),(1824.6,2931.6),(7827.9,7636.6),(7277.7, 270.0),(9611.3,5279.6),(1311.0,6458.0),(4977.4,5134.5),(8772.1,3602.8),( 367.5, 411.7),(11934.3,1787.1),(4715.8,7954.0),(7399.7,2935.7)
210,(11593.6,7348.7),(4081.4,1894.6),(1823.0,2923.6),(7829.5,7636.8),(7131.6, 270.0),(9620.4,5280.1),(1311.1,6458.4),(5066.2,5037.6),(8753.4,3593.2),( 527.2, 409.3),(11934.2,1785.8),(4698.8,7955.2),(7418.3,2954.3)
211,(11593.6,7347.9),(4081.6,1903.2),(1815.6,2883.1),(7831.1,7637.0),(7068.9, 270.0),(9629.6,5280.6),(1271.9,6168.2),(4896.0,5184.0),(8734.7,3583.7),( 636.1, 407.7),(11951.9,2139.6),(4670.1,7953.9),(7332.4,2868.4)
212,(11593.5,7347.2),(4081.4,1895.1),(1820.6,2911.1),(7832.7,7637.2),(7069.7, 270.0),(9638.7,5281.1),(1311.2,6459.1),(5128.0,4970.2),(8716.0,3574.2),( 656.6, 407.4),(11951.9,2140.9),(4702.4,7796.7),(7369.4,2905.4)
213,(11593.4,7346.5),(4081.4,1895.3),(1845.0,2898.4),(7834.3,7637.3),(7339.6, 270.0),(9647.8,5281.6),(1311.2,6459.5),(4952.4,5161.8),(8697.3,3564.7),( 323.3, 412.4),(11943.4,1970.7),(4702.4,7796.2),(7427.5,2963.5)
214,(11593.3,7345.7),(4081.4,1895.5),(1833.2,2898.2),(7835.9,7637.5),(7276.9, 270.0),(9656.9,5282.0),(1271.7,6167.2),(4970.8,5141.7),(8678.6,3555.1),( 388.0, 411.4),(11943.4,1969.4),(4594.6,7950.5),(7418.5,2954.5)
215,(11593.3,7345.0),(4081.6,1902.3),(1849.2,3058.0),(7837.4,7637.7),(7257.7, 270.0),(9666.0,5282.5),(1311.3,6460.2),(4841.3,5184.0),(8659.9,3545.6),( 377.3, 411.6),(11943.3,1968.0),(4701.9,7790.4),(7381.5,2917.5)
216,(11593.2,7344.3),(4081.4,1896.0),(1850.8,3066.0),(7839.0,7637.8),(7151.6, 270.0),(9674.6,5283.0),(1311.4,6460.5),(4987.1,5123.9),(8662.1,3546.7),( 517.4, 409.5),(11942.8,1957.3),(4701.9,7789.8),(7436.6,2972.6)
217,(11593.1,7343.5),(4081.4,1896.2),(1852.4,3074.1),(7840.6,7638.0),(7088.9, 270.0),(9665.5,5282.5),(1311.4,6460.9),(4968.7,5144.0),(8680.8,3556.3),( 582.1, 408.5),(11942.8,1958.7),(4701.8,7789.3),(7409.4,2945.4)
218,(11593.0,7342.8),(4081.4,1896.4),(2003.1,2900.5),(7842.2,7638.2),(7049.7, 270.0),(9656.4,5282.0),(1311.5,6461.3),(4981.0,5130.6),(8699.5,3565.8),( 581.2, 408.5),(11942.9,1960.0),(4701.8,7788.8),(7408.7,2944.7)
219,(11592.9,7342.1),(4081.4,1896.7),(1823.4,2925.9),(7843.8,7638.4),(7112.4, 270.0),(9647.3,5281.5),(1271.5,6165.4),(5030.5,5076.5),(8718.2,3575.3),( 516.5, 409.5),(11943.0,1961.4),(4701.7,7788.2),(7445.7,2981.7)
220,(11592.9,7341.3),(4081.4,1896.9),(1923.5,2899.4),(7845.4,7638.5),(7175.1, 270.0),(9638.2,5281.1),(1311.6,6462.0),(5012.1,5096.6),(8736.9,3584.9),( 378.2, 411.6),(11934.4,1790.2),(4701.7,7787.7),(7400.2,2936.2)
221,(11592.8,7340.6),(4081.5,1897.1),(1820.3,2909.9),(7847.0,7638.7),(7234.3, 270.0),(9629.1,5280.6),(1311.6,6462.3),(5068.3,5035.3),(8755.6,3594.4),( 387.0, 411.4),(11934.3,1788.9),(4701.6,7787.2),(7417.8,2953.8)
222,(11592.7,7339.9),(4072.5,1558.6),(1838.8,2898.3),(7848.6,7638.9),(7300.4, 270.0),(9619.9,5280.1),(1266.7,6129.7),(5099.6,4952.8),(8774.3,3603.9),( 322.3, 412.4),(11951.7,2136.5),(4548.5,7948.4),(7428.1,2964.1)
223,(11592.6,7339.1),(4072.5,1558.4),(1839.3,2898.3),(7850.1,7639.0),(7363.1, 270.0),(9610.8,5279.6),(1266.7,6130.0),(5090.5,4948.3),(8793.0,3613.4),( 257.7, 413.4),(11951.8,2137.8),(4424.5,7942.8),(7391.1,2927.1)
224,(11592.6,7338.4),(4081.5,1897.8),(1881.5,2898.9),(7851.7,7639.2),(7046.3, 270.0),(9601.7,5279.1),(1271.2,6163.6),(5081.5,4943.7),(8774.9,3604.2),( 590.9, 408.3),(11951.9,2139.2),(4715.7,7952.5),(7426.9,2962.9)
225,(11592.5,7337.7),(4081.5,1898.1),(1923.6,2899.4),(7853.3,7639.4),(7092.4, 270.0),(9592.6,5278.7),(1271.2,6163.2),(5072.4,4939.2),(8756.2,3594.7),( 526.2, 409.3),(11951.9,2140.5),(4680.7,7954.4),(7419.0,2955.0)
226,(11592.4,7336.9),(4081.5,1898.3),(1965.7,2900.0),(7854.9,7639.6),(7155.1, 270.0),(9583.5,5278.2),(1266.9,6131.1),(5063.3,4934.7),(8737.5,3585.2),( 461.5, 410.3),(11952.0,2141.9),(4347.9,7939.3),(7382.0,2918.0)
227,(11592.3,7336.2),(4081.5,1898.5),(2003.6,2900.5),(7856.5,7639.7),(7254.3, 270.0),(9574.4,5277.7),(1226.1,5829.5),(5054.2,4930.1),(8718.8,3575.6),( 433.2, 410.7),(11943.4,1969.8),(4229.2,7933.9),(7436.1,2972.1)
228,(11592.2,7335.5),(4081.5,1898.7),(1961.4,2900.0),(7858.1,7639.9),(7280.4, 270.0),(9565.3,5277.2),(1226.1,5829.2),(5045.2,4925.6),(8700.1,3566.1),( 332.1, 412.2),(11943.3,1968.4),(4166.3,7931.0),(7409.9,2945.9)
229,(11592.2,7334.7),(4072.5,1557.0),(1919.3,2899.4),(7859.7,7640.1),(7343.1, 270.0),(9556.1,5276.7),(1226.0,5828.8),(5201.2,4879.0),(8681.4,3556.6),( 267.4, 413.2),(11943.3,1967.1),(4499.1,7946.1),(7408.2,2944.2)
230,(11592.1,7334.0),(4077.1,1732.3),(1877.2,2898.8),(7861.3,7640.2),(7405.7, 270.0),(9547.0,5276.3),(1271.0,6161.5),(5033.4,4919.7),(8662.7,3547.1),( 229.3, 413.8),(11943.2,1965.7),(4715.2,7946.2),(7314.8,2850.8)
231,(11592.0,7333.3),(4076.9,1723.9),(1818.6,2901.2),(7862.9,7640.4),(7399.6, 270.0),(9537.9,5275.8),(1312.1,6465.9),(5129.5,4968.5),(8644.0,3537.5),( 294.0, 412.8),(11943.1,1964.4),(4688.0,7626.9),(7400.8,2936.8)
232,(11608.2,7485.2),(4077.1,1731.8),(1848.0,3052.0),(7864.4,7640.6),(7135.1, 270.0),(9528.8,5275.3),(1312.1,6466.3),(4890.7,5184.0),(8678.0,3554.8),( 471.3, 410.2),(11943.1,1963.0),(4715.3,7947.2),(7417.3,2953.3)
233,(11608.2,7485.9),(4085.9,2066.4),(1792.6,2742.1),(7866.0,7640.8),(7197.7, 270.0),(9519.7,5274.8),(1312.2,6466.6),(5025.4,5082.1),(8696.7,3564.3),( 804.6, 405.1),(11951.6,2133.4),(4715.3,7947.8),(7428.6,2964.6)
234,(11608.3,7486.6),(4085.9,2066.6),(1791.9,2738.3),(7867.6,7640.9),(7211.6, 270.0),(9510.6,5274.3),(1312.2,6467.0),(4915.0,5184.0),(8715.4,3573.9),( 739.9, 406.1),(11934.4,1789.3),(4715.3,7948.3),(7391.6,2927.6)
235,(11608.4,7487.4),(4085.9,2066.9),(1933.9,2899.6),(7869.2,7641.1),(7148.9, 270.0),(9506.8,5274.1),(1312.3,6467.3),(4977.8,5134.0),(8734.1,3583.4),( 552.8, 408.9),(11951.7,2136.1),(4715.4,7948.8),(7333.6,2869.6)
236,(11608.5,7488.1),(4076.9,1725.1),(1852.9,3077.0),(7870.8,7641.3),(7385.7, 270.0),(9515.9,5274.6),(1312.3,6467.7),(5192.1,4890.4),(8752.8,3592.9),( 219.5, 413.9),(11951.8,2137.4),(4715.4,7949.4),(7419.5,2955.5)
237,(11608.6,7488.8),(4077.1,1730.7),(1992.7,2900.4),(7872.4,7641.4),(7052.4, 270.0),(9525.0,5275.1),(1312.4,6468.0),(5052.0,4929.0),(8771.5,3602.5),( 284.2, 413.0),(11934.2,1785.2),(4687.7,7623.7),(7377.5,2913.5)
238,(11608.6,7489.6),(4076.9,1725.6),(1950.6,2899.8),(7874.0,7641.6),(7356.9, 270.0),(9534.1,5275.6),(1312.4,6468.4),(5061.0,4933.5),(8790.2,3612.0),( 348.9, 412.0),(11951.9,2140.1),(4687.7,7623.2),(7435.5,2971.5)
239,(11608.7,7490.3),(4077.1,1730.2),(1821.3,2915.0),(7875.6,7641.8),(7177.7, 270.0),(9543.2,5276.1),(1312.5,6468.8),(5070.1,4938.1),(8777.8,3605.7),( 416.4, 411.0),(11934.0,1782.5),(4687.6,7622.7),(7410.4,2946.4)
240,(11608.8,7491.0),(4077.1,1730.0),(1819.8,2907.0),(7877.1,7642.0),(7231.6, 270.0),(9552.4,5276.5),(1312.5,6469.1),(5079.2,4942.6),(8759.1,3596.1),( 478.3, 410.0),(11942.6,1953.8),(4687.6,7622.1),(7407.7,2943.7)
