26, 0.951471, 0.932801, 0.127569, 6.91267
0,(4338,4248),(9198,4392),(6894,1062),(4590,4356),(6516,2718),(4590,4356),(6336,2358),(7452,3888),(1224,5814),(4140,4284),(9180,2664),(3528,7902),(10332,7650),(5058,1800),(630,3024),(5022,2736),(4140,4284),(4140,4284),(7452,7596),(11880,198),(3960,738),(14040,6840),(5274,4788),(4338,4248),(6516,2718),(13068,2430)
1,(4538,4334),(9530,4414),(7225,1096),(4635,4686),(6626,2941),(4635,4686),(6623,2526),(7537,3572),(1557,5826),(4140,3950),(9198,2340),(3520,7568),(10306,7317),(5350,1908),(559,2698),(4891,2922),(4140,3950),(4140,3950),(7401,7266),(11546,203),(3828,431),(14373,6840),(5054,5049),(4538,4334),(6404,2937),(13050,2088)
2,(4228,4267),(9863,4436),(7250,1098),(4690,5042),(6927,2904),(4690,5042),(6810,2635),(7729,3299),(1469,5823),(4140,3855),(9180,2664),(3512,7235),(10518,7178),(5514,2074),(489,2372),(4570,2934),(4140,3855),(4140,3855),(7405,7292),(11213,209),(3907,615),(14140,6840),(4914,5346),(4228,4267),(6071,2948),(13068,2430)
3,(4128,4505),(9841,4434),(6894,1062),(4550,5201),(7229,2889),(4550,5201),(6522,2467),(7784,3222),(1198,5705),(4140,4188),(9162,2790),(3515,7332),(10851,7174),(5527,2395),(443,2160),(4444,3147),(4140,4188),(4140,4188),(7452,7596),(10872,216),(3872,533),(14262,6840),(4603,5467),(3917,4282),(5948,3172),(13050,2088)
4,(4112,4838),(9509,4412),(6768,756),(4194,5238),(7386,3077),(4194,5238),(6309,2250),(7592,3495),(1122,5381),(3917,4282),(9192,2442),(3522,7665),(11184,7169),(5538,2728),(513,2486),(4130,3186),(3917,4282),(3917,4282),(7401,7266),(11205,210),(3863,513),(14251,6840),(4297,5599),(3584,4279),(5908,3503),(13068,2430)
5,(4060,5164),(9198,4392),(7100,737),(4525,5203),(7452,2988),(4525,5203),(6189,2247),(7601,3481),(1118,5364),(3584,4279),(9185,2561),(3525,7790),(11518,7164),(5364,2952),(584,2811),(4131,3183),(3584,4279),(3584,4279),(7405,7292),(11538,204),(3916,635),(14151,6840),(4019,5760),(3251,4276),(5868,3834),(13050,2088)
6,(4089,5057),(9162,4717),(7416,720),(4882,5184),(7373,3096),(4882,5184),(6265,2485),(7793,3209),(1194,5688),(3251,4276),(9053,2814),(3517,7457),(11510,6893),(5535,3237),(606,2915),(4417,3145),(3251,4276),(3251,4276),(7452,7596),(11880,198),(3819,411),(14362,6840),(3766,5977),(2917,4273),(5882,4153),(13068,2430)
7,(4068,5367),(9162,5050),(7429,386),(5209,5198),(7308,3186),(5209,5198),(6156,2142),(8046,3232),(1253,6034),(2917,4273),(8728,2886),(3510,7110),(11434,6568),(5465,3121),(536,2589),(4222,3136),(2917,4273),(2917,4273),(7402,7925),(11546,203),(3960,738),(14040,6840),(3672,6284),(2584,4270),(5725,4412),(13050,2088)
8,(4104,5688),(9162,5144),(7425,492),(5093,5412),(7386,3077),(5093,5412),(5850,2255),(8343,3384),(1298,6364),(2584,4270),(8402,2958),(3517,7443),(11388,6372),(5421,3047),(466,2263),(4048,3344),(2584,4270),(2584,4270),(7439,7681),(11213,209),(3828,431),(14373,6840),(3608,6611),(2251,4267),(5577,4661),(13068,2430)
9,(4407,5550),(9162,4811),(7420,608),(4796,5547),(7452,2988),(4796,5547),(5526,2340),(8640,3535),(1353,6698),(2251,4267),(8173,2956),(3525,7776),(11464,6696),(5580,3312),(403,1941),(3836,3220),(2251,4267),(2251,4267),(7672,7619),(10872,216),(3907,615),(14512,6974),(3543,6938),(2055,4102),(5628,4970),(13050,2088)
10,(4706,5427),(9184,4496),(7434,270),(4504,5659),(7373,3096),(4504,5659),(5848,2256),(8968,3618),(1428,7033),(2103,4431),(8514,2933),(3749,7912),(11540,7021),(5408,3026),(345,1613),(3742,2957),(2103,4431),(2103,4431),(8004,7655),(11205,210),(3872,533),(14251,6840),(3343,7110),(1989,3775),(5727,5220),(13068,2430)
11,(4810,5386),(9168,4612),(7420,603),(4208,5813),(7308,3186),(4208,5813),(5850,2255),(9302,3618),(1374,6819),(2137,4772),(8840,2861),(4082,7927),(11536,7001),(5478,3142),(295,1275),(3461,3043),(2137,4772),(2137,4772),(8095,7446),(11538,204),(3863,513),(14151,6840),(3010,7110),(1930,3472),(6060,5220),(13050,2088)
12,(4500,5508),(9198,4392),(7416,942),(4158,6084),(7386,3077),(4158,6084),(5526,2340),(9635,3618),(1314,6480),(2277,5067),(9162,2790),(4415,7942),(11460,6677),(5522,3216),(265,943),(3307,3186),(2277,5067),(2277,5067),(8069,7201),(11880,198),(3916,635),(14362,6840),(2676,7110),(1866,3145),(6372,5220),(13068,2430)
13,(4810,5386),(9180,4086),(7416,949),(4477,6179),(7452,2988),(4477,6179),(5848,2256),(9968,3618),(1644,6435),(2560,5193),(9192,2442),(4711,7900),(11384,6352),(5364,2952),(234,611),(3334,3186),(2560,5193),(2560,5193),(8104,7532),(11546,203),(3819,411),(14040,6840),(2487,7276),(1828,2952),(6372,5553),(13050,2088)
14,(4969,5143),(9512,4060),(7305,726),(4555,6467),(7373,3096),(4555,6467),(6156,2142),(9985,3618),(1974,6390),(2893,5211),(9185,2561),(4683,7568),(11439,6588),(5535,3237),(226,524),(3458,3020),(2893,5211),(2893,5211),(8118,7890),(11213,209),(3960,738),(14373,6840),(2495,7609),(1892,3279),(6372,5886),(13068,2430)
15,(5227,5021),(9844,4034),(6972,744),(4601,6797),(7470,3209),(4601,6797),(5988,1852),(9652,3618),(2304,6345),(3042,5386),(9192,2442),(4654,7236),(11515,6913),(5465,3121),(256,856),(3732,2958),(3042,5386),(3042,5386),(8118,7751),(10872,216),(4014,1066),(14512,6974),(2446,7904),(1956,3606),(6372,6210),(13050,2088)
16,(5508,4878),(9605,4053),(6740,648),(4644,7110),(7499,3541),(4644,7110),(5741,1629),(9318,3618),(2635,6300),(2821,5532),(9185,2561),(4866,7110),(11561,7109),(5421,3047),(287,1188),(3837,3226),(2821,5532),(2821,5532),(8095,7446),(11205,210),(4068,1386),(14251,6840),(2113,7917),(1687,3677),(6372,5876),(13068,2430)
17,(5775,4688),(9272,4078),(6656,325),(4977,7110),(7482,3341),(4977,7110),(5622,1327),(8985,3618),(2625,6449),(2489,5568),(9192,2442),(5188,7110),(11485,6785),(5580,3312),(295,1275),(3629,3330),(2489,5568),(2489,5568),(8069,7201),(11538,204),(4013,1057),(14151,6840),(1780,7930),(1357,3726),(6372,5543),(13050,2088)
18,(5965,4407),(9401,4068),(6711,538),(5299,7110),(7452,2988),(5299,7110),(5893,1278),(8653,3542),(2406,6700),(2158,5604),(9185,2561),(5522,7110),(11409,6460),(5408,3026),(265,943),(3366,3340),(2158,5604),(2158,5604),(8104,7532),(11880,198),(3960,738),(14449,6885),(1581,7772),(1461,3711),(6372,5220),(13068,2430)
19,(6026,4080),(9733,4043),(6740,648),(5616,7110),(7373,3096),(5616,7110),(6232,1278),(8356,3391),(2341,6774),(1827,5641),(9192,2442),(5599,7309),(11413,6480),(5478,3142),(234,611),(3715,3330),(1827,5641),(1827,5641),(8118,7890),(11546,203),(3828,431),(14448,6883),(1717,7487),(1791,3661),(6705,5231),(13050,2088)
20,(5997,4325),(9715,4044),(6656,325),(5602,6776),(7308,3186),(5602,6776),(6469,1123),(8059,3239),(2560,6523),(1747,5836),(9198,2117),(5608,7642),(11489,6804),(5522,3216),(226,524),(4073,3345),(1747,5836),(1747,5836),(8340,7977),(11213,209),(3907,615),(14140,6840),(1945,7244),(1930,3472),(7038,5242),(13068,2430)
21,(5912,4505),(9383,4070),(6711,538),(5588,6443),(7386,3077),(5588,6443),(6593,813),(7947,3182),(2772,6282),(2079,5866),(9198,1784),(5614,7864),(11565,7129),(5364,2952),(256,856),(4356,3348),(2079,5866),(2079,5866),(8673,7983),(10872,216),(3996,957),(14262,6840),(2172,6985),(1866,3145),(7371,5253),(13050,2088)
22,(6013,4190),(9186,4196),(6741,863),(5469,6234),(7452,2988),(5469,6234),(6559,467),(8244,3333),(3007,6046),(2411,5896),(9179,1441),(5605,7531),(11510,6893),(5535,3237),(287,1188),(4588,3333),(2411,5896),(2411,5896),(9006,7989),(11205,210),(4051,1285),(14251,6840),(2168,6991),(1828,2952),(7419,5533),(13068,2430)
23,(5866,4050),(9191,4281),(6660,1187),(5130,6239),(7373,3096),(5130,6239),(6349,288),(8541,3485),(3317,5976),(2743,5926),(9065,1128),(5599,7309),(11434,6568),(5465,3121),(295,1275),(4421,3258),(2743,5926),(2743,5926),(9328,7992),(11538,204),(4031,1166),(14151,6840),(2327,7095),(1892,3279),(7401,5866),(13050,2088)
24,(5612,4105),(9186,4196),(6464,1381),(4819,6233),(7308,3186),(4819,6233),(6016,288),(8752,3592),(3649,6005),(3096,5958),(8951,814),(5608,7642),(11363,6263),(5253,2939),(265,943),(4518,2934),(3096,5958),(3096,5958),(9624,7936),(11880,198),(3976,838),(14449,6885),(2318,7094),(1956,3606),(7383,6199),(13068,2430)
25,(5542,4356),(9191,4281),(6116,1451),(4533,6138),(7386,3077),(4533,6138),(5832,454),(8455,3441),(3782,6030),(3428,5986),(8838,501),(5671,7921),(11290,5938),(5166,2934),(234,611),(4626,2934),(3428,5986),(3428,5986),(9538,7650),(11546,203),(3872,533),(14448,6883),(1994,7077),(1687,3677),(7102,6271),(12734,2440)
26,(5346,4572),(9068,4087),(6140,1447),(4626,5814),(7452,2988),(4626,5814),(5822,792),(8158,3290),(3640,5747),(3708,5959),(8692,256),(6004,7932),(11218,5613),(5160,3278),(226,524),(4518,2934),(3708,5959),(3708,5959),(9205,7650),(11213,209),(3863,513),(14512,6974),(1661,7086),(1357,3726),(6769,6280),(12401,2451)
27,(4986,4572),(8735,4093),(6335,1413),(4710,5577),(7373,3096),(4710,5577),(5899,1066),(7848,3132),(3536,5430),(3605,5642),(8360,280),(6337,7942),(11142,5274),(5166,3607),(256,856),(4389,3144),(3605,5642),(3605,5642),(9421,7650),(10872,216),(3978,847),(14513,6976),(1479,7201),(1461,3711),(6459,6227),(12068,2462)
28,(4986,4896),(8402,4098),(6006,1470),(5024,5465),(7308,3186),(5024,5465),(6121,1278),(8145,3283),(3584,5231),(3502,5325),(8483,271),(6671,7953),(11214,5599),(5332,3780),(287,1188),(4121,3241),(3502,5325),(3502,5325),(9611,7815),(11205,210),(4033,1176),(14510,7295),(1542,7528),(1791,3661),(6589,6253),(11747,2459)
29,(4986,4572),(8046,4104),(6249,1428),(5149,5730),(7386,3077),(5149,5730),(6428,1226),(8442,3434),(3917,5210),(3695,5224),(8692,256),(6472,7947),(11287,5924),(5594,3890),(295,1275),(4326,3348),(3542,5449),(3542,5449),(9463,7992),(11538,204),(4049,1276),(14469,7626),(1717,7487),(1797,3660),(6898,6277),(11414,2449)
30,(5059,4298),(8067,4436),(6549,1354),(5155,5741),(7452,2988),(5155,5741),(6552,916),(8739,3585),(4174,5186),(4050,5202),(8360,280),(6139,7936),(11360,6249),(5468,4107),(265,943),(4644,3330),(3645,5766),(3645,5766),(9159,7936),(11880,198),(3994,947),(14428,7957),(1945,7244),(1467,3710),(7231,6268),(11653,2456)
31,(5395,4325),(8074,4551),(6876,1350),(5204,5826),(7373,3096),(5204,5826),(6585,575),(8554,3491),(4143,5107),(4143,5107),(8483,271),(5806,7926),(11315,6046),(5395,4325),(234,611),(4628,2997),(3778,6029),(3708,5959),(9145,7594),(11880,531),(3978,847),(14445,7825),(2172,6985),(1351,3727),(7546,6268),(11970,2466)
32,(5574,4520),(8053,4218),(6844,1681),(5238,6163),(7308,3186),(5238,6163),(6460,288),(8257,3340),(4359,5220),(4359,5220),(8692,256),(5449,7926),(11242,5721),(5574,4520),(226,524),(4570,2934),(4051,5915),(3605,5642),(9157,7261),(12046,699),(4033,1176),(14485,7494),(2103,6882),(1681,3678),(7879,6276),(11636,2455)
33,(5704,4437),(8060,4325),(6840,2005),(5038,6319),(7386,3077),(5038,6319),(6127,288),(7960,3189),(4716,5184),(4716,5184),(8360,280),(5116,7939),(11169,5396),(5704,4437),(256,856),(4633,3100),(4205,5642),(3502,5325),(9384,7153),(12379,693),(4070,1497),(14526,7163),(1773,6930),(1907,3644),(8111,6392),(11431,2449)
34,(5871,4180),(8082,4662),(6840,2322),(5031,6652),(7452,2988),(5031,6652),(5832,343),(8046,3232),(4662,4878),(4662,4878),(8483,271),(4783,7953),(10920,5262),(5871,4180),(287,1188),(4533,3336),(4500,5508),(3695,5224),(9717,7163),(12713,688),(4079,1830),(14448,6883),(1443,6978),(1577,3693),(8210,6617),(11764,2459)
35,(5755,4050),(8060,4329),(7171,2352),(5024,6986),(7373,3096),(5024,6986),(5832,676),(8343,3384),(4986,4896),(4986,4896),(8692,256),(4993,7944),(10587,5244),(5881,3888),(295,1275),(4454,3213),(4810,5386),(4050,5202),(10050,7174),(12976,628),(4107,2178),(14512,6974),(1355,6710),(1242,3744),(8462,6586),(11858,2462)
36,(5468,4107),(8053,4214),(7436,2320),(5244,7110),(7308,3186),(5244,7110),(5830,979),(8640,3535),(5072,4716),(5072,4716),(8360,280),(5326,7931),(10235,5246),(5901,3558),(265,943),(4222,3136),(4969,5143),(4086,5533),(10304,7292),(12964,295),(4083,1958),(14513,6976),(1424,6465),(908,3757),(8422,6297),(11525,2452)
37,(5181,4290),(8074,4547),(7448,1987),(5577,7110),(7386,3077),(5577,7110),(6036,1241),(8968,3618),(5204,4874),(5204,4874),(8483,271),(5560,7922),(9918,5271),(5942,3227),(234,611),(4048,3344),(5227,5021),(4085,5522),(10332,7650),(12967,384),(4074,1625),(14449,6885),(1754,6420),(844,3981),(8114,6337),(11542,2453)
38,(4992,4468),(8067,4440),(7722,1890),(5893,7115),(7452,2988),(5893,7115),(5788,1278),(9302,3618),(5334,5022),(5334,5022),(8692,256),(5227,7935),(10138,5249),(5920,2947),(226,524),(3836,3220),(5508,4878),(4050,5202),(10306,7317),(12922,684),(4049,1276),(14448,6883),(2084,6375),(900,4338),(8155,6611),(11875,2463)
39,(5208,4572),(8046,4104),(7735,2223),(6226,7122),(7373,3096),(6226,7122),(5638,1443),(9635,3618),(5634,4860),(5634,4860),(8360,280),(4894,7948),(10458,5238),(5588,2919),(256,856),(3742,2957),(5856,4860),(3717,5222),(10518,7178),(12589,690),(3994,947),(14512,6974),(2415,6330),(1227,4275),(8460,6642),(11747,2459)
40,(5562,4608),(8067,4436),(7519,2365),(6497,7180),(7308,3186),(6497,7180),(5816,1697),(9968,3618),(5967,4860),(5967,4860),(8483,271),(4549,7948),(10124,5250),(5820,2939),(287,1188),(3401,2975),(6189,4860),(3362,5233),(10851,7174),(12255,695),(3916,635),(14513,6976),(2772,6282),(1005,4317),(8128,6608),(11414,2449)
41,(5401,4476),(8193,4662),(7212,2355),(6535,7131),(7386,3077),(6535,7131),(5988,1852),(9985,3618),(6300,4860),(6300,4860),(8692,256),(4216,7933),(10138,5249),(6142,2946),(325,1495),(3139,2971),(6519,4857),(3042,5220),(11184,7169),(11922,701),(3819,411),(14384,6795),(2552,6532),(947,4555),(8081,6883),(11653,2456)
42,(5388,4499),(8526,4662),(6880,2325),(6750,7257),(7452,2988),(6747,7034),(5741,1629),(9652,3618),(6630,4855),(6630,4855),(8360,280),(3883,7918),(10458,5238),(6475,2935),(382,1823),(3179,3296),(6852,4851),(2709,5201),(11518,7164),(12157,697),(3960,738),(14185,6528),(2332,6783),(1100,4758),(8119,7146),(11970,2466)
43,(5123,4572),(8859,4662),(6840,2044),(6750,7590),(7373,3096),(6740,6701),(5816,1697),(9318,3618),(6963,4849),(6963,4849),(8483,271),(3528,7902),(10124,5250),(6768,2952),(487,2101),(3136,3639),(7185,4845),(2394,5184),(11603,7440),(12491,691),(3828,431),(13986,6260),(2414,6690),(1433,4779),(8452,7146),(11636,2455)
44,(5000,4350),(9162,4717),(6840,1728),(6750,7923),(7667,2934),(6733,6368),(6054,1939),(8985,3618),(7296,4843),(7296,4843),(8692,256),(3520,7568),(9846,5347),(6733,2858),(819,2077),(3153,3543),(7398,4730),(2084,5169),(11638,7771),(12824,686),(3907,615),(13787,5993),(2633,6439),(1555,5009),(8786,7146),(11431,2449)
45,(5292,4284),(9162,5050),(6871,1396),(7027,7956),(7769,2736),(6736,6504),(6282,2142),(8653,3542),(7342,4662),(7342,4662),(8360,280),(3512,7235),(9846,5680),(6980,2888),(1152,2053),(3366,3340),(7120,4662),(1751,5178),(11652,7899),(12972,517),(3872,533),(13588,5725),(2661,6296),(1555,5017),(9119,7146),(11764,2459)
46,(5562,4058),(9162,5144),(7153,1358),(7361,7956),(7962,2628),(6743,6837),(6164,1829),(8356,3391),(7009,4662),(7009,4662),(8483,271),(3515,7332),(9839,6031),(7121,3010),(1484,2029),(3463,3075),(6786,4662),(1659,5180),(11616,7568),(12960,162),(3863,513),(13389,5458),(2331,6341),(1455,4781),(9168,6868),(11858,2462)
47,(5599,4327),(9162,4811),(7507,1364),(7120,7956),(8118,2847),(6750,7146),(6198,1918),(8059,3239),(6675,4662),(6675,4662),(8692,256),(3522,7665),(9754,6301),(7070,3315),(1657,1850),(3239,2939),(6453,4662),(1992,5171),(11581,7236),(12971,495),(3916,635),(13158,5318),(2001,6386),(1122,4760),(9175,6535),(11525,2452)
48,(5562,4608),(9162,4828),(7840,1342),(6786,7956),(7899,2913),(6743,6812),(6156,2142),(7784,3222),(6390,4606),(6390,4606),(8360,280),(3525,7790),(9421,6311),(6840,3546),(1649,1766),(3161,3136),(6390,4384),(2084,5169),(11603,7440),(12811,686),(3819,411),(13266,5292),(1670,6431),(1033,4969),(9291,6314),(11335,2286)
49,(5274,4788),(9162,5162),(8172,1319),(6750,7678),(7754,2683),(6736,6479),(5850,2255),(7592,3495),(6390,4273),(6390,4273),(8039,283),(3517,7457),(9291,6314),(6552,3690),(1618,2020),(3132,2916),(6445,4079),(1751,5178),(11638,7771),(12478,692),(3960,738),(13157,5319),(1314,6480),(1191,5197),(9624,6305),(11526,2153)
50,(4968,4680),(9162,5033),(8275,1535),(6750,7344),(8017,2628),(6843,6278),(5526,2340),(7672,3631),(6555,4065),(6555,4065),(7706,275),(3510,7110),(9624,6305),(6220,3721),(1286,2044),(3456,2988),(6789,4050),(1553,5073),(11652,7899),(12144,697),(3828,431),(13050,5346),(1372,6808),(1548,5184),(9976,6306),(11859,2144)
51,(4875,4889),(9162,4700),(8295,1868),(6861,7142),(8118,2902),(7176,6269),(5512,2006),(7936,3559),(6900,4050),(6900,4050),(7431,325),(3843,7110),(9643,6304),(6450,3699),(953,2068),(3798,2952),(7094,4063),(1510,4784),(11616,7568),(11880,646),(3907,615),(13158,5318),(1513,7090),(1563,4851),(10242,6262),(11729,2148)
52,(4772,4884),(9162,4939),(8020,1899),(7194,7133),(8296,2965),(7385,6153),(5285,1908),(8262,3654),(7204,4077),(7204,4077),(7418,658),(4176,7110),(9310,6314),(6750,3590),(621,2092),(3845,3281),(7416,4104),(1177,4763),(11581,7236),(11880,313),(3872,533),(13266,5292),(1846,7081),(1553,5065),(10242,5922),(11396,2157)
53,(4875,4889),(9162,5256),(7724,1945),(7546,7132),(8284,2964),(7403,5820),(5406,1908),(8204,3888),(7434,3994),(7434,3994),(7427,442),(4510,7110),(9175,6540),(6997,3388),(467,2268),(3812,3055),(7341,3878),(1022,4915),(11603,7440),(11880,420),(3863,513),(13157,5319),(2161,7079),(1770,5177),(9911,5967),(11526,2153)
54,(4646,4767),(9162,4922),(7737,2278),(7879,7141),(8118,2896),(7421,5487),(5285,1908),(7871,3888),(7230,3869),(7230,3869),(7427,436),(4866,7110),(9167,6873),(6992,3393),(537,2594),(3829,3171),(7020,3852),(1069,5147),(11638,7771),(11880,646),(3916,635),(13050,5346),(2484,7110),(2103,5168),(10121,5938),(11859,2144)
55,(4601,4437),(9169,4606),(7464,2372),(7897,7141),(8026,2628),(7544,5250),(5050,1744),(7538,3888),(7055,3746),(7055,3746),(7418,664),(4855,7110),(9160,7201),(6950,3560),(607,2920),(3828,3165),(6686,3852),(1003,4820),(11652,7899),(11880,313),(3819,411),(13158,5318),(2491,7443),(2160,4950),(10242,6144),(11729,2148)
56,(4865,4320),(9308,4399),(7157,2350),(7564,7132),(7754,2681),(7877,5232),(5006,1414),(7495,3670),(6962,3660),(6962,3660),(7431,331),(4755,7110),(9148,7534),(6962,3660),(583,2806),(3813,3061),(6461,3836),(1044,5024),(11616,7568),(11880,420),(3960,738),(13266,5292),(2499,7776),(2177,5056),(10242,6151),(11396,2157)
57,(5170,4291),(9641,4421),(6840,2322),(7380,6961),(7783,2790),(8007,5225),(5008,1425),(7761,3596),(6680,3772),(6680,3772),(7156,270),(5023,7054),(9366,7650),(6680,3772),(512,2480),(3907,3333),(6781,3743),(1118,5364),(11581,7236),(11880,646),(3828,431),(13157,5319),(2496,7679),(2132,4729),(10131,5937),(11526,2153)
58,(5449,4126),(9974,4443),(6840,1988),(7380,6628),(7906,2628),(7674,5243),(5052,1755),(7761,3596),(6463,3852),(6463,3852),(6822,270),(5030,6721),(9705,7650),(6463,3852),(442,2155),(4122,3238),(7085,3595),(1194,5688),(11603,7440),(11880,313),(3907,615),(13050,5346),(2489,7346),(1853,4723),(9846,5920),(11859,2144)
59,(5468,4107),(9730,4427),(6845,1672),(7380,6294),(8100,2683),(7544,5250),(5021,1524),(7666,3631),(6808,3852),(6808,3852),(6570,280),(5037,6387),(10038,7650),(6808,3852),(384,1832),(4361,3143),(6840,3546),(1446,5822),(11638,7771),(11657,201),(3872,533),(13158,5318),(2486,7221),(1620,4775),(9846,5587),(11729,2148)
60,(5395,4325),(9398,4405),(6876,1350),(7380,6541),(8118,2902),(7877,5232),(4993,1315),(7601,3481),(7000,3961),(7000,3961),(6919,270),(5238,6210),(10276,7650),(7000,3961),(326,1504),(4356,3348),(7075,3310),(1713,5723),(11775,8011),(11324,207),(3863,513),(13266,5292),(2494,7554),(1945,4702),(9846,5347),(11396,2157)
61,(5574,4520),(9308,4399),(7209,1360),(7380,6875),(8406,2957),(8118,5331),(5037,1645),(7793,3209),(7204,4077),(7204,4077),(7253,270),(5580,6246),(9943,7650),(7204,4077),(344,1604),(4699,3333),(7121,2998),(1802,5841),(12108,8015),(10991,213),(3916,635),(13157,5319),(2502,7902),(2108,4496),(9846,5680),(11526,2153)
62,(5704,4437),(9641,4421),(7452,1479),(7435,7129),(8731,2885),(8118,5664),(5035,1634),(8046,3232),(7412,4215),(7412,4215),(7267,270),(5593,6579),(9594,7650),(7412,4215),(401,1933),(4944,3237),(6968,2891),(2134,5871),(12441,8020),(11094,212),(3819,411),(13050,5346),(2494,7568),(1976,4266),(9846,5920),(11859,2144)
63,(5871,4180),(9974,4443),(7452,1812),(7768,7138),(9057,2813),(8118,5997),(4991,1304),(8343,3384),(7401,4548),(7401,4548),(6934,270),(5607,6912),(9630,7992),(7401,4548),(403,1941),(4821,3341),(6730,2847),(2466,5901),(12775,8024),(11427,206),(3960,738),(13158,5318),(2486,7235),(1643,4266),(9846,5587),(11729,2148)
64,(6023,4105),(9730,4427),(7673,1893),(8119,7146),(8945,2838),(8173,6284),(5022,1535),(8640,3535),(7175,4662),(7175,4662),(6587,277),(5602,7220),(9963,7994),(7405,4439),(345,1613),(4477,3340),(6768,2952),(2798,5931),(13108,8028),(11760,200),(3828,431),(13172,5531),(2262,7088),(1310,4266),(9846,5347),(11396,2157)
65,(5967,4404),(9398,4405),(7999,1898),(8452,7146),(8619,2910),(8475,6355),(5100,1836),(8653,3542),(6842,4662),(6842,4662),(6580,558),(5875,7264),(10296,7997),(7416,4104),(325,1495),(4500,3150),(6733,2858),(3151,5962),(13441,8033),(11880,420),(3907,615),(13356,5809),(1992,7195),(1005,4317),(9846,5680),(11526,2153)
66,(5965,4407),(9308,4399),(8294,1852),(8786,7146),(8406,2957),(8462,6586),(5406,1908),(8356,3391),(6509,4662),(6509,4662),(6562,892),(6208,7277),(10629,8000),(7563,3888),(382,1823),(4140,3132),(6980,2888),(3483,5991),(13774,8037),(11880,646),(3872,533),(13541,6086),(1764,7438),(1118,4296),(9839,6031),(11859,2144)
67,(5912,4505),(9641,4421),(8274,1519),(9119,7146),(8731,2885),(8475,6355),(5517,2130),(8059,3239),(6390,4439),(6390,4439),(6438,1202),(6534,7290),(10963,8003),(7896,3888),(422,2051),(4122,3238),(7121,3010),(3831,6047),(14108,8041),(11880,313),(3863,513),(13725,6364),(1572,7705),(1114,4297),(9865,6302),(11729,2148)
68,(6013,4190),(9974,4443),(8268,1424),(9439,7154),(9057,2813),(8404,6636),(5529,2451),(7784,3222),(6390,4086),(6390,4086),(6511,1020),(6200,7277),(11296,8006),(8229,3888),(364,1722),(4361,3143),(7070,3315),(4158,6084),(14418,8046),(11880,420),(3916,635),(13909,6642),(1713,7933),(882,4228),(10198,6316),(11396,2157)
69,(5902,4101),(9730,4427),(8288,1757),(9772,7165),(9381,2755),(8100,6606),(5539,2784),(7592,3495),(6058,4052),(6058,4052),(6603,789),(5867,7264),(11629,8009),(8262,3654),(306,1386),(4518,2934),(6840,3546),(3928,6028),(14084,8041),(11935,701),(3819,411),(13978,6747),(2046,7920),(831,3898),(10259,6595),(11526,2153)
70,(5760,4369),(9398,4405),(8287,1741),(10105,7175),(9710,2703),(8118,6282),(5765,2934),(7601,3481),(6276,3921),(6276,3921),(6479,1099),(5653,7256),(11386,8007),(8291,3779),(363,1714),(4636,3155),(6552,3690),(4104,5756),(13751,8037),(12268,695),(3960,738),(13794,6469),(2379,7906),(844,3981),(10280,6927),(11859,2144)
71,(5562,4608),(9308,4399),(8267,1408),(10285,7015),(10040,2651),(8100,6606),(5962,3062),(7793,3209),(6568,3805),(6568,3805),(6241,1278),(5986,7268),(11052,8004),(8048,3591),(420,2042),(4477,3340),(6220,3721),(4022,5943),(13418,8032),(12602,690),(3828,431),(13610,6191),(2279,7910),(900,4338),(10292,7126),(11729,2148)
72,(5234,4572),(9641,4421),(8040,1328),(10264,6682),(10023,2653),(8077,6938),(5921,3393),(8046,3232),(6889,3699),(6889,3699),(5962,1147),(6319,7281),(10719,8001),(7751,3606),(709,2085),(4133,3348),(5912,3818),(4054,6077),(13084,8028),(12935,684),(3907,615),(13426,5913),(1946,7924),(970,4663),(10271,6793),(11396,2157)
73,(4993,4461),(9974,4443),(7707,1350),(10244,6350),(9694,2705),(7952,7143),(5881,3724),(8343,3384),(7054,3574),(7054,3574),(5805,881),(6498,7184),(10386,7998),(7936,3559),(1041,2061),(4129,3624),(6129,3741),(4104,5868),(12751,8024),(12700,688),(3872,533),(13242,5635),(1602,7938),(1033,4969),(10250,6461),(11255,1943)
74,(4992,4468),(9730,4427),(7444,1313),(10259,6595),(9364,2757),(7619,7134),(5895,3613),(8640,3535),(6918,3467),(6918,3467),(5802,901),(6422,7285),(10052,7995),(8262,3654),(1373,2037),(3917,3747),(5912,3818),(4264,6115),(12418,8019),(12366,694),(3863,513),(13050,5346),(1935,7924),(1191,5197),(10252,6484),(11183,1617)
75,(5072,4716),(9398,4405),(7305,1104),(10280,6927),(9053,2814),(7380,7016),(5935,3282),(8968,3618),(7112,3220),(7112,3220),(5832,682),(6089,7272),(9719,7992),(7942,3560),(1668,1960),(3584,3753),(5901,3558),(4533,6138),(12084,8015),(12033,699),(3978,847),(13158,5318),(2268,7911),(1548,5184),(10273,6817),(11111,1292)
76,(5204,4874),(9191,4281),(6973,1070),(10300,7237),(8728,2886),(7380,6683),(5976,2952),(9302,3618),(7126,2887),(7126,2887),(5832,349),(5756,7260),(9407,7992),(8043,3590),(1638,1656),(3251,3759),(5942,3227),(4626,5814),(11751,8011),(12046,699),(4033,1176),(13266,5292),(2499,7790),(1214,5196),(10293,7149),(11038,966)
77,(4981,4840),(9290,4077),(7170,1090),(10325,7569),(8402,2958),(7380,6350),(6309,2940),(9635,3618),(6856,2787),(6861,2923),(6109,288),(5764,7260),(9050,7990),(8286,3762),(1671,1987),(3153,3543),(6031,2950),(4626,5814),(11886,8012),(12379,693),(4070,1497),(13157,5319),(2491,7457),(1302,5193),(10317,7458),(10966,641)
78,(5041,4572),(9623,4051),(7305,1104),(10054,7650),(8623,2909),(7391,6042),(6516,2822),(9968,3618),(6858,2664),(6546,2936),(6443,288),(6097,7273),(8717,7984),(8093,3888),(1646,1739),(3366,3340),(6364,2939),(4710,5577),(12219,8017),(12713,688),(4079,1830),(13050,5346),(2484,7110),(1553,5073),(10165,7650),(10894,316)
79,(5373,4524),(9900,4084),(6973,1070),(9720,7650),(8948,2837),(7409,5709),(6339,2582),(9985,3618),(7171,2770),(6471,2684),(6580,558),(6430,7286),(8384,7978),(7760,3888),(1660,1877),(3362,3186),(6682,2945),(5024,5465),(12552,8021),(12980,739),(4107,2178),(13158,5318),(2152,7078),(1563,4843),(9832,7650),(10920,432)
80,(5598,4356),(9897,4073),(6876,1350),(9816,7650),(9053,2814),(7427,5376),(6516,2718),(9652,3618),(7161,2764),(6370,2605),(6585,575),(6311,7281),(8062,7972),(7452,3888),(1657,1850),(3153,3075),(6696,2754),(5238,5243),(12886,8025),(12997,1072),(4104,2539),(13266,5292),(2382,7100),(1548,5184),(9705,7650),(10992,758)
81,(5616,4050),(9935,4177),(6570,1348),(10149,7650),(8728,2886),(7655,5244),(6265,2485),(9318,3618),(7269,2823),(6383,2616),(6460,288),(5978,7268),(7729,7964),(7561,3622),(1649,1766),(3294,2952),(6874,2920),(5551,5216),(13219,8030),(13014,1405),(4104,2863),(13111,5438),(2262,7088),(1563,4851),(10038,7650),(11064,1083)
82,(5609,4160),(9938,4188),(6549,1354),(10319,7483),(8402,2958),(7988,5226),(6156,2142),(8985,3618),(7074,2718),(6214,2326),(6127,288),(5645,7255),(7398,7956),(7830,3528),(1668,1960),(3621,2970),(7074,2859),(5338,5205),(13552,8034),(13032,1738),(4104,2641),(13295,5716),(2206,6940),(1553,5065),(10327,7594),(11137,1409)
83,(5472,4356),(9900,4084),(6691,1062),(10351,7181),(8063,2942),(8103,4998),(6203,1933),(8653,3542),(7259,2817),(6081,1992),(5887,288),(5605,7531),(7447,7626),(7830,3528),(1638,1656),(3632,2969),(6768,2952),(5551,5216),(13886,8039),(13050,2088),(4270,2490),(13479,5994),(2134,7035),(1770,5177),(10302,7262),(11209,1734)
84,(5400,4581),(9897,4073),(6768,756),(10684,7176),(7866,2907),(8082,4662),(6061,1615),(8356,3391),(6966,2691),(5865,1740),(6220,288),(5614,7864),(7410,7870),(8150,3621),(1671,1987),(3471,3153),(6793,2700),(5893,5220),(14219,8043),(13032,1755),(4590,2502),(13663,6272),(2268,6858),(2103,5168),(10573,7178),(11281,2059)
85,(5668,4479),(9935,4177),(7100,737),(11018,7171),(8173,2956),(8103,4994),(6063,1617),(8059,3239),(6666,2551),(5644,1492),(6460,288),(5338,7931),(7620,7961),(8316,3888),(1396,2036),(3312,3348),(6618,2523),(6227,5220),(14306,8044),(13015,1422),(4534,2250),(13847,6550),(2139,7029),(2160,4950),(10907,7173),(11255,1943)
86,(5851,4232),(9938,4188),(7416,720),(11351,7167),(8185,2957),(8229,5223),(6342,1715),(7784,3222),(6378,2383),(5727,1278),(6127,288),(5005,7944),(7953,7969),(7982,3888),(1064,2060),(3223,3186),(6336,2358),(6205,5220),(13973,8040),(12998,1089),(4201,2250),(14040,6840),(2341,6774),(2177,5056),(11240,7168),(11183,1617)
87,(5810,4050),(9826,4036),(7429,386),(11684,7152),(8296,2965),(8562,5235),(6675,1723),(7592,3495),(6575,2498),(6066,1278),(5832,343),(4711,7900),(8118,7807),(7649,3888),(732,2084),(3460,3239),(6623,2526),(5872,5220),(13640,8035),(12981,756),(3844,2250),(13855,6562),(2560,6523),(2317,5107),(11574,7164),(11111,1292)
88,(5508,4068),(9494,4061),(7425,492),(12016,7117),(8118,2785),(8895,5246),(6840,1894),(7601,3481),(6858,2664),(5732,1278),(5832,676),(4683,7568),(8118,7834),(7341,3878),(487,2101),(3186,3366),(6855,2608),(5671,5220),(13306,8031),(12992,961),(3510,2250),(13671,6284),(2772,6282),(2196,5166),(11905,7129),(11038,966)
89,(5331,4244),(9180,4086),(7416,831),(12347,7083),(7915,2628),(9217,5258),(6840,2228),(7793,3209),(6570,2495),(5645,1498),(5805,881),(4654,7236),(8118,7807),(7020,3852),(819,2077),(3126,3693),(6895,2327),(6004,5220),(12973,8027),(13009,1294),(3294,2138),(13487,6006),(2441,6326),(2315,5105),(12237,7094),(10966,641)
90,(5616,4050),(8846,4091),(7423,1170),(12679,7048),(7782,2789),(9550,5276),(7061,2342),(7720,3313),(6322,2304),(5857,1734),(5802,901),(4662,7331),(8118,7834),(7054,3574),(1152,2053),(3391,3757),(7227,2357),(6338,5220),(12640,8022),(13026,1627),(3098,2125),(13303,5728),(2111,6371),(2146,4839),(12568,7060),(10894,316)
91,(5598,4356),(8513,4096),(7452,1479),(13010,7014),(7754,2683),(9846,5347),(7393,2372),(7528,3586),(6223,1985),(6079,1989),(5822,792),(4691,7663),(8118,7807),(6740,3595),(1484,2029),(3725,3751),(7544,2363),(6399,4943),(12307,8018),(13043,1960),(3112,2458),(13119,5450),(1781,6416),(2108,4496),(12900,7025),(11094,212)
92,(5582,4465),(8180,4101),(7452,1812),(13246,6989),(7812,2898),(9846,5680),(7709,2343),(7665,3390),(6090,1662),(6012,2214),(5825,772),(4711,7900),(8100,7502),(6441,3700),(1657,1850),(4058,3745),(7851,2343),(6630,4855),(11973,8014),(12828,2098),(3391,2502),(13172,5531),(1450,6461),(2098,4376),(13231,6991),(11427,206)
93,(5420,4696),(8060,4325),(7673,1893),(12915,7024),(7754,2681),(9901,5968),(8017,2349),(7848,3132),(6085,1456),(5689,2297),(5832,460),(4683,7568),(8064,7146),(6121,3744),(1649,1766),(4417,3753),(8184,2355),(6963,4849),(11664,8010),(12495,2115),(3456,2779),(13356,5809),(1534,6450),(2069,4674),(13025,7012),(11760,200)
94,(5169,4918),(8082,4662),(7999,1898),(12583,7058),(7783,2790),(10242,5922),(8270,2247),(7656,3404),(6390,1404),(5531,2506),(5832,454),(4654,7236),(7730,7137),(5874,3778),(1668,1960),(4755,3765),(8284,2081),(7296,4843),(11997,8014),(12162,2131),(3179,2777),(13541,6086),(1864,6405),(1744,4747),(12694,7047),(11657,201)
95,(5377,4986),(8060,4329),(8294,1852),(12252,7093),(7906,2628),(9911,5967),(8298,1908),(7561,3622),(6734,1339),(5541,2839),(5822,792),(4421,7110),(7380,7128),(5915,3447),(1638,1656),(5088,3777),(8284,2074),(7175,4846),(12330,8018),(11840,2145),(3408,2802),(13725,6364),(2194,6360),(1558,4954),(12362,7081),(11324,207)
96,(5669,4817),(8157,4102),(8274,1519),(11920,7127),(8100,2683),(9815,6252),(8271,2240),(7555,3622),(6860,1515),(5253,2939),(5825,772),(4088,7110),(7713,7136),(5955,3117),(1671,1987),(4888,3770),(8206,2356),(6842,4852),(12663,8023),(11507,2154),(3456,2530),(13909,6642),(2525,6315),(1436,5188),(12031,7116),(10991,213)
97,(5886,4554),(8490,4096),(8151,1321),(11574,7164),(8026,2628),(9532,6307),(8039,2350),(7665,3390),(6728,1725),(5166,2934),(5805,881),(3755,7110),(8064,7146),(5809,2938),(1396,2036),(4755,3765),(7873,2344),(6509,4858),(12997,8027),(11415,2156),(3474,2250),(13978,6747),(2661,6296),(1080,5202),(11699,7150),(11094,212)
98,(5940,4453),(8823,4091),(7818,1343),(11498,6839),(7754,2681),(9180,6318),(7795,2341),(7848,3132),(6395,1716),(5158,2600),(5832,571),(3621,7110),(7730,7137),(5599,2920),(1064,2060),(5088,3777),(7962,2347),(6390,4662),(13330,8031),(11748,2147),(3807,2250),(13794,6469),(2331,6341),(1413,5189),(11795,7140),(11427,206)
99,(5744,4725),(9180,4086),(7485,1365),(11422,6514),(7783,2790),(9172,6651),(8128,2353),(7656,3404),(6090,1662),(5151,2267),(5887,288),(3954,7110),(7380,7128),(5931,2948),(732,2084),(4888,3770),(8206,2356),(6390,4328),(13663,8036),(11840,2145),(4122,2250),(13610,6191),(2001,6386),(1770,5177),(12126,7106),(11760,200)
100,(5625,5026),(8846,4091),(7729,1349),(11351,6209),(7782,2789),(9165,6984),(8039,2350),(7561,3622),(6085,1456),(5151,2290),(6220,288),(4287,7110),(7046,7137),(5942,3227),(443,2160),(4755,3765),(7873,2344),(6500,4072),(13997,8040),(11507,2154),(4122,2250),(13426,5913),(1670,6431),(2103,5168),(12458,7071),(11880,420)
101,(5449,5211),(8513,4096),(8061,1327),(11278,5884),(7754,2683),(9156,7312),(7795,2341),(7830,3528),(6390,1404),(5159,2623),(6570,280),(4644,7110),(6694,7142),(5901,3558),(513,2486),(5088,3777),(7519,2365),(6648,3886),(14330,8044),(11415,2156),(4104,2595),(13242,5635),(1314,6480),(2394,5184),(12789,7037),(11935,701)
102,(5107,5193),(8180,4101),(8151,1321),(11205,5559),(7812,2898),(9144,7650),(8128,2353),(7555,3622),(6734,1339),(5166,2934),(6349,288),(4672,7442),(6590,7135),(5920,3815),(584,2811),(5166,3502),(7442,2153),(6668,3995),(14195,8043),(11748,2147),(4104,2916),(13050,5346),(1372,6808),(2726,5202),(13121,7002),(12268,695)
103,(4914,5346),(8060,4325),(7818,1343),(11086,5271),(8118,2952),(9162,7992),(8279,2136),(7665,3390),(6886,1183),(5037,3178),(6016,288),(4700,7774),(6746,6979),(6229,3720),(740,3012),(5148,3168),(7562,1900),(6671,4015),(13862,8038),(11840,2145),(4104,2585),(13258,5181),(1468,7146),(3042,5220),(13136,7001),(12602,690)
104,(4603,5467),(8082,4662),(7485,1365),(10753,5253),(8241,2961),(9144,7650),(8291,1797),(7848,3132),(7115,1084),(4987,3343),(5832,454),(4701,7789),(6739,6646),(6552,3690),(1071,2977),(4937,3296),(7555,1901),(6390,4086),(13529,8034),(11507,2154),(4326,2492),(13235,4848),(1531,7473),(3042,5452),(12804,7035),(12935,684)
105,(4297,5599),(8060,4329),(7452,1645),(10456,5182),(8352,2970),(9155,7316),(8271,1464),(8145,3283),(7360,1110),(5148,3168),(5822,792),(4673,7457),(6732,6312),(6220,3721),(1403,2941),(5159,3274),(7443,2130),(6390,4419),(13195,8030),(11330,2267),(4594,2557),(13212,4516),(1534,7486),(2931,5213),(12473,7070),(12968,406)
106,(4091,5577),(8053,4214),(7507,1904),(10444,4849),(8228,2960),(9156,7312),(8262,1147),(8442,3434),(7029,1075),(5163,2822),(5825,772),(4644,7110),(6459,6227),(6450,3699),(1734,2906),(5166,2934),(7323,2365),(6400,4772),(12862,8025),(11542,2453),(4774,2736),(13189,4183),(1470,7159),(2598,5195),(12141,7104),(12963,273)
107,(4054,5246),(8074,4547),(7611,1897),(10432,4516),(8118,2952),(9144,7650),(8262,814),(8739,3585),(6809,856),(5156,2489),(5805,881),(4977,7110),(6589,6253),(6330,3711),(1597,2921),(5158,2600),(6991,2335),(6630,4855),(12529,8021),(11875,2463),(5010,2625),(13166,3850),(1510,7364),(2315,5105),(11810,7139),(12975,606)
108,(4123,5055),(8067,4440),(7445,2074),(10423,4285),(8241,2961),(9155,7316),(8262,480),(9079,3618),(6714,971),(5148,2156),(5665,738),(5299,7110),(6568,6249),(6339,3710),(1265,2956),(5151,2267),(6840,2155),(6963,4849),(12195,8016),(11747,2459),(4728,2520),(13143,3518),(1555,7595),(2178,5059),(11684,7152),(12968,406)
109,(4154,5134),(8046,4104),(7378,2370),(10435,4618),(8352,2970),(9156,7312),(8095,284),(9413,3618),(6633,1294),(5154,2401),(5332,738),(5616,7110),(6261,6215),(6651,3640),(934,2991),(5151,2290),(6840,1822),(7296,4843),(11862,8012),(11414,2449),(4602,2668),(13120,3185),(1492,7268),(2394,5184),(12016,7117),(12963,273)
110,(4163,5159),(8067,4436),(7046,2340),(10447,4951),(8118,2840),(9144,7650),(7762,277),(9746,3618),(6335,1413),(5161,2734),(4998,738),(5282,7110),(5928,6230),(6918,3467),(630,3024),(5159,2623),(6617,1722),(7417,5063),(11775,8011),(11653,2456),(4885,2736),(13097,2853),(1624,7087),(2726,5202),(12347,7083),(12975,606)
111,(4114,5030),(8193,4662),(6840,2210),(10513,5240),(8118,2736),(9162,7992),(7434,270),(10079,3618),(6006,1470),(5058,2916),(4665,738),(5077,7110),(5580,6246),(7070,3315),(961,2988),(5166,2934),(6284,1714),(7267,5250),(12108,8015),(11970,2466),(4948,2548),(13074,2520),(1957,7078),(3042,5220),(12679,7048),(12700,688)
112,(4194,5238),(8526,4662),(6840,1877),(10846,5258),(8082,2628),(9495,7992),(7767,277),(9874,3618),(6120,1710),(4855,2736),(4331,738),(5410,7110),(5591,5912),(6840,3546),(1292,2953),(5037,3178),(6178,1866),(6934,5239),(12441,8020),(11636,2455),(4618,2505),(13083,2651),(1992,7195),(2986,5514),(13010,7014),(12366,694)
113,(4525,5203),(8859,4662),(6840,1894),(11086,5271),(7740,2628),(9407,7992),(8100,284),(9540,3618),(6237,2022),(4599,2625),(3998,738),(5602,7220),(5603,5579),(7075,3310),(1624,2918),(4987,3343),(6295,2195),(6601,5227),(12775,8024),(11431,2449),(4590,2250),(13106,2984),(1764,7438),(2655,5550),(13356,6973),(12033,699)
114,(4882,5184),(9162,4717),(6840,2228),(10753,5253),(7797,2844),(9156,7881),(8095,284),(9207,3618),(6336,2358),(4810,2530),(3850,482),(5605,7531),(5616,5220),(6913,3472),(1839,3007),(4999,3342),(6479,2442),(6372,5331),(13108,8028),(11764,2459),(4645,2509),(13129,3316),(1572,7705),(2324,5586),(13683,6909),(12046,699)
115,(4810,5386),(9162,5050),(6840,2099),(10513,5240),(7768,2735),(9147,7538),(7762,277),(8874,3618),(6623,2526),(5015,2666),(3885,564),(5614,7864),(5274,5202),(6997,3388),(1903,3334),(4937,3296),(6767,2610),(6372,5664),(13441,8033),(11858,2462),(4975,2552),(13152,3649),(1588,7827),(1992,5622),(14010,6845),(12379,693)
116,(4500,5508),(9162,5144),(6840,1766),(10846,5258),(7769,2736),(9159,7205),(7434,270),(9079,3618),(6911,2677),(4744,2736),(3894,584),(5608,7642),(5420,4951),(6992,3393),(1962,3636),(5166,3385),(7074,2718),(6372,5997),(13774,8037),(11525,2452),(4910,2736),(13175,3981),(1534,7486),(1783,5645),(13767,6893),(12713,688)
117,(4196,5645),(9162,4811),(6866,1451),(11154,5328),(7962,2628),(9152,7423),(7420,603),(9413,3618),(7220,2797),(4626,2934),(3841,462),(5599,7309),(5337,5020),(6950,3560),(1898,3308),(5166,3718),(7259,2817),(6261,6215),(14108,8041),(11542,2453),(4603,2680),(13198,4314),(1470,7159),(2114,5609),(13440,6957),(12922,684)
118,(4306,5596),(9162,4828),(6889,1128),(11227,5653),(8082,2628),(9255,7650),(7424,497),(9746,3618),(7112,2738),(4295,2924),(3969,792),(5605,7531),(5508,4878),(6962,3660),(1834,2981),(5443,3780),(7171,2770),(5928,6230),(14418,8046),(11875,2463),(4590,2335),(13221,4646),(1568,6959),(2445,5573),(13136,7001),(12589,690)
119,(4603,5467),(9162,5162),(6788,805),(11299,5978),(8118,2952),(9594,7650),(7429,381),(10079,3618),(7308,2844),(4104,2863),(4023,1121),(5614,7864),(5775,4688),(6680,3772),(1597,2921),(5357,3780),(7161,2764),(5580,6246),(14084,8041),(11747,2459),(4367,2250),(13244,4979),(1898,6911),(2777,5537),(12804,7035),(12255,695)
120,(4914,5346),(9162,5033),(6873,1012),(11376,6318),(8241,2961),(9260,7650),(7416,720),(9874,3618),(7122,2744),(3828,2948),(4069,1441),(5893,7928),(5965,4407),(6358,3877),(1265,2956),(5332,3780),(7269,2823),(5912,6230),(13751,8037),(11414,2449),(4010,2250),(13266,5292),(2228,6863),(2986,5514),(12473,7070),(11922,701)
121,(5098,5192),(9162,4700),(6788,805),(11042,6318),(8352,2970),(9151,7427),(7416,1053),(9540,3618),(7210,2791),(3837,3226),(4078,1774),(6226,7939),(6026,4080),(6063,4032),(934,2991),(5468,3780),(7074,2718),(6245,6215),(13418,8032),(11653,2456),(3677,2250),(13157,5319),(2106,7074),(2655,5550),(12141,7104),(11880,424)
122,(5165,5328),(9162,4939),(6698,487),(10709,6318),(8228,2960),(9163,7090),(7416,838),(9207,3618),(7220,2797),(4073,3345),(4084,2014),(6559,7949),(6306,4077),(6306,4077),(630,3024),(5221,3780),(7259,2817),(6372,5987),(13084,8028),(11970,2466),(3362,2250),(13050,5346),(2437,7105),(2324,5586),(11810,7139),(11880,309)
123,(5094,5634),(9162,5256),(6669,377),(10376,6318),(8118,2952),(9170,6757),(7416,942),(8874,3618),(7112,2738),(4129,3624),(4075,1681),(6916,7956),(6610,4058),(6610,4058),(708,3347),(5580,3780),(6966,2691),(6372,5654),(12751,8024),(11636,2455),(3182,2070),(13158,5318),(2490,7387),(1992,5622),(11684,7152),(11880,642)
124,(5210,5837),(9162,4922),(6753,700),(10242,6095),(8460,2945),(9177,6423),(7439,1280),(8554,3491),(6809,2690),(4362,3751),(4069,1441),(7250,7956),(6955,4050),(6955,4050),(787,3671),(5246,3780),(6714,2806),(6372,5321),(12418,8019),(11431,2449),(3105,2292),(13266,5292),(2497,7720),(1717,5706),(12016,7117),(11880,424)
125,(5072,5525),(9162,4717),(6873,1012),(10076,5944),(8785,2873),(8957,6312),(7673,1353),(8257,3340),(6471,2684),(4588,3760),(4078,1774),(7231,7956),(7259,4084),(7259,4084),(1032,3752),(4888,3770),(6601,2940),(6149,5220),(12084,8015),(11764,2459),(3121,2612),(13157,5319),(2668,7902),(1469,5823),(12347,7083),(11880,309)
126,(4796,5547),(9162,5050),(6788,805),(9833,6086),(9111,2801),(8624,6303),(8006,1331),(7960,3189),(6370,2605),(4255,3748),(4084,2014),(6898,7956),(7410,4270),(7410,4270),(1130,3748),(4532,3758),(6293,2941),(5816,5220),(11751,8011),(11858,2462),(3297,2790),(13050,5346),(3002,7902),(1335,5818),(12679,7048),(11880,642)
127,(4606,5615),(9162,5144),(6698,487),(9698,6303),(9436,2746),(8469,6466),(8265,1369),(7720,3313),(6516,2884),(3917,3747),(4075,1681),(6916,7956),(7399,4603),(7399,4603),(810,3762),(4199,3746),(5976,2952),(5621,5109),(11441,8008),(11525,2452),(3290,2789),(13234,5623),(3335,7902),(1692,5832),(13010,7014),(11880,424)
128,(4920,5503),(9162,4811),(6669,377),(9365,6312),(9765,2694),(8468,6475),(8285,1702),(7528,3586),(6768,2952),(3584,3753),(4069,1441),(7250,7956),(7286,4844),(7286,4844),(1143,3748),(3862,3748),(5935,3282),(5704,4774),(11108,8005),(11542,2453),(3120,2605),(13418,5901),(3361,7902),(1692,5832),(13356,6973),(11880,309)
129,(5094,5634),(9162,4828),(6753,700),(9346,6313),(10094,2642),(8311,6291),(8291,1797),(7665,3390),(7087,2856),(3251,3759),(4078,1774),(7422,7791),(6953,4850),(6953,4850),(1019,3753),(3528,3754),(5894,3613),(5912,4505),(10775,8002),(11875,2463),(3336,2502),(13602,6179),(3028,7902),(2023,5861),(13683,6909),(11880,642)
130,(5210,5837),(9162,5162),(6873,1012),(9679,6303),(9968,2662),(8118,6115),(8271,1464),(7848,3132),(7116,3121),(3153,3543),(4084,2014),(7435,7486),(6620,4856),(6620,4856),(921,3757),(3195,3760),(5894,3941),(5914,4502),(10441,7999),(12192,2458),(3456,2724),(13786,6457),(2694,7902),(2355,5891),(14010,6845),(11880,424)
131,(5149,5730),(9162,5033),(6788,805),(10032,6309),(9639,2714),(8118,5782),(8272,1480),(8145,3283),(7116,3109),(3366,3340),(4075,1681),(7384,7156),(6397,4749),(6397,4749),(1242,3744),(3391,3757),(5842,4257),(6000,4300),(10108,7996),(12525,2447),(3456,2585),(13970,6735),(2668,7902),(2687,5921),(13767,6893),(11880,309)
132,(5155,5741),(9162,4700),(6698,487),(10242,6206),(9309,2766),(8118,5448),(8292,1813),(8442,3434),(7074,2859),(3463,3075),(4123,1378),(7102,7135),(6390,4439),(6390,4439),(1571,3694),(3725,3751),(5922,4050),(6079,4024),(9775,7993),(12858,2436),(3678,2495),(13821,6882),(3002,7902),(3019,5951),(13440,6957),(11880,642)
133,(5094,5411),(9198,4392),(6669,377),(10186,5929),(9326,2764),(8007,5225),(8075,1901),(8739,3585),(6768,2952),(3239,2939),(4453,1333),(6750,7146),(6390,4086),(6390,4086),(1901,3645),(4058,3745),(5796,4326),(6374,3869),(9612,7826),(13062,2319),(4011,2486),(13494,6946),(3335,7902),(2899,6154),(13136,7001),(11880,424)
134,(5218,5199),(9530,4414),(6753,700),(9846,5976),(9655,2712),(7674,5243),(7722,1890),(8554,3491),(6460,2935),(3187,2778),(4783,1287),(6497,7180),(6519,3852),(6519,3852),(1687,3677),(4417,3753),(5583,4582),(6697,3852),(9611,7815),(13055,2198),(4104,2706),(13411,6962),(3524,7735),(2889,6164),(12804,7035),(11768,199)
135,(4925,5239),(9863,4436),(6698,487),(9846,5642),(9985,2660),(7544,5250),(7449,1963),(8257,3340),(6127,2946),(3456,2752),(4875,1275),(6535,7131),(6864,3852),(6864,3852),(1357,3726),(4532,3758),(5326,4755),(7020,3852),(9612,7826),(13062,2319),(4104,2808),(13738,6898),(3516,7402),(3040,5953),(12473,7070),(11435,205)
136,(4707,5426),(9841,4434),(6669,377),(9846,5292),(10078,2645),(7877,5232),(7437,2296),(7960,3189),(5809,2938),(3459,2446),(4545,1320),(6750,7257),(7072,3693),(7072,3693),(1461,3711),(4199,3746),(5012,4695),(7060,3608),(9760,7650),(13055,2198),(3883,2941),(14040,6840),(3454,7110),(2708,5923),(12141,7104),(11102,211)
137,(4603,5467),(9509,4412),(6753,700),(9972,5256),(9748,2697),(8118,5331),(7709,2343),(7720,3313),(5489,2926),(3362,2250),(4215,1365),(6750,7590),(6913,3686),(6913,3686),(1791,3661),(4417,3753),(4930,4892),(6889,3699),(10094,7650),(13062,2319),(4018,2926),(14373,6840),(3121,7110),(2376,5893),(11810,7139),(10983,214)
138,(4914,5346),(9198,4392),(6873,1012),(10305,5243),(9419,2749),(8118,5664),(8017,2349),(7528,3586),(5143,2926),(3182,2070),(4072,1552),(6750,7923),(7036,3621),(7036,3621),(1930,3472),(4755,3765),(4654,4822),(7060,3608),(10220,7650),(13055,2198),(4140,3132),(14140,6840),(2787,7110),(2044,5863),(11585,7274),(11316,208)
139,(5044,5061),(9180,4086),(6876,1350),(10452,5071),(9169,2735),(8118,5997),(8150,2354),(7452,3888),(5016,2680),(3105,2292),(4081,1885),(6750,7678),(6913,3686),(6913,3686),(1866,3145),(5088,3777),(4608,4492),(6786,3741),(9887,7650),(12956,2433),(4500,3150),(14262,6840),(2539,7110),(1692,5832),(11621,7605),(11649,202)
140,(4930,4892),(8846,4091),(6679,1335),(10440,4738),(9195,2386),(8114,6337),(7817,2342),(7785,3888),(4783,2527),(3121,2612),(4081,1903),(6750,7344),(6626,3788),(6626,3788),(1762,2903),(5443,3780),(4810,4327),(6466,3834),(9599,7705),(12623,2444),(4626,2934),(14251,6840),(2872,7110),(1893,5633),(11656,7937),(11768,199)
141,(4671,4932),(8513,4096),(6765,1342),(10428,4405),(9198,2062),(8155,6611),(7728,2062),(8118,3888),(4590,2390),(3297,2790),(4072,1570),(6639,7138),(6519,3852),(6519,3852),(1431,2939),(5580,3557),(4996,4412),(6161,3980),(9624,7936),(12290,2455),(4641,3266),(13930,6861),(3206,7110),(2225,5597),(11634,7733),(11435,205)
142,(4706,5129),(8180,4101),(6464,1381),(10255,4230),(9198,1728),(8460,6642),(7555,1901),(8204,3888),(4423,2250),(3456,2641),(4072,1552),(6534,7290),(6864,3852),(6864,3852),(1099,2974),(5580,3423),(4997,4405),(5902,4101),(9649,7650),(11970,2466),(4356,3348),(13603,6925),(3454,7110),(2556,5561),(11599,7402),(11102,211)
143,(4717,4881),(8060,4325),(6637,1278),(10009,4230),(9198,1605),(8478,6300),(7452,1685),(7871,3888),(4177,2250),(3622,2497),(4081,1885),(6534,7290),(7186,3865),(7186,3865),(768,3009),(5580,3780),(4783,4330),(5760,4369),(9982,7650),(12303,2455),(4588,3333),(13302,6984),(3121,7110),(2887,5524),(11585,7274),(10983,214)
144,(4981,4840),(8082,4662),(6718,954),(10342,4230),(9198,1938),(8118,6282),(7452,1368),(7538,3888),(4510,2250),(3955,2488),(4081,1903),(6313,7124),(7507,3888),(7507,3888),(669,3185),(5580,3446),(4487,4312),(5562,4608),(10332,7650),(12636,2444),(4421,3258),(13629,6920),(2787,7110),(3042,5341),(11621,7605),(11316,208)
145,(5125,4735),(8060,4329),(6810,858),(10431,4507),(9198,2271),(7784,6273),(7423,1170),(7674,3888),(4590,2502),(4104,2650),(4072,1570),(5980,7117),(7840,3888),(7840,3888),(748,3509),(5465,3121),(4491,4313),(5401,4476),(10306,7317),(12969,2433),(4278,3138),(13956,6856),(2428,7104),(3264,5229),(11656,7937),(11649,202)
146,(5169,4918),(8157,4102),(6887,1172),(10443,4840),(9198,2062),(7451,6265),(7452,1479),(8007,3888),(4719,2736),(4104,2641),(4072,1552),(5646,7110),(8174,3888),(8174,3888),(796,3708),(5472,2930),(4810,4327),(5292,4284),(10073,7174),(13056,2208),(4104,3348),(13821,6882),(2106,7074),(3508,5343),(11386,8007),(11768,199)
147,(5377,4986),(8490,4096),(6886,1183),(10455,5173),(9198,1728),(7380,6541),(7452,1812),(8316,3888),(5032,2790),(4104,2650),(4081,1885),(5611,7143),(8149,3888),(8149,3888),(717,3384),(5535,2638),(5114,4295),(5059,4298),(9740,7164),(13061,2309),(3844,3275),(13494,6946),(2213,6866),(3611,5660),(11052,8004),(11435,205)
148,(5631,4915),(8823,4091),(6809,856),(10735,5252),(9198,1605),(7380,6875),(7443,2130),(7982,3888),(5157,3044),(4048,2922),(4081,1903),(5338,7110),(7816,3888),(7816,3888),(638,3060),(5523,2284),(5409,4166),(5181,4290),(9407,7153),(12845,2437),(3798,2952),(13411,6962),(1883,6914),(3714,5977),(10719,8001),(11102,211)
149,(5560,5217),(9180,4086),(6852,961),(11068,5270),(9198,1938),(7388,7182),(7323,2365),(7649,3888),(4950,3186),(3853,2945),(4072,1570),(5022,7110),(7482,3888),(7482,3888),(695,3293),(5509,1951),(5601,3939),(4838,4323),(9164,7034),(12512,2448),(4104,2916),(13738,6898),(1553,6962),(3640,5747),(10386,7998),(10983,214)
150,(5280,5146),(8846,4091),(6880,1283),(10864,5259),(9198,2271),(7439,7512),(6991,2335),(7433,3997),(5160,3278),(4113,2970),(4072,1552),(5029,6776),(7360,4097),(7360,4097),(774,3617),(5230,1908),(5413,3780),(4538,4334),(9171,6701),(12179,2459),(4104,2585),(14040,6840),(1568,6959),(3536,5430),(10052,7995),(11316,208)
151,(5462,4915),(8513,4096),(6624,1332),(10531,5241),(9198,2062),(7419,7815),(6840,2155),(7195,4076),(4938,3292),(4306,3140),(4081,1885),(5036,6443),(7030,4055),(7030,4055),(770,3600),(5461,1908),(5166,3668),(4440,4291),(9178,6368),(12081,2462),(3881,2490),(14373,6840),(1898,6911),(3508,5343),(9719,7992),(11649,202)
152,(5739,4731),(8180,4101),(6704,1008),(10735,5252),(9198,1728),(7422,7791),(6840,1822),(7094,4063),(5148,3168),(4401,3284),(4081,1903),(4874,6241),(6706,4050),(6706,4050),(691,3276),(5519,2185),(5166,3330),(4436,4290),(9457,6310),(12414,2451),(3548,2499),(14512,6974),(2228,6863),(3611,5660),(9852,7993),(11880,309)
153,(5939,4456),(8268,4100),(6754,809),(11068,5270),(9198,1605),(7435,7705),(6617,1722),(7416,4104),(5148,3168),(4644,3330),(4072,1570),(4518,6192),(6390,4086),(6390,4086),(643,3077),(5687,2298),(4944,3237),(4140,4284),(9810,6300),(12747,2440),(3471,2280),(14513,6976),(2450,6648),(3714,5977),(10185,7996),(11880,642)
154,(5886,4554),(8601,4095),(6673,1133),(10864,5259),(9198,1938),(7342,7956),(6284,1714),(7473,3779),(4937,3296),(4628,2997),(4072,1552),(4609,5871),(6390,4419),(6390,4419),(722,3401),(6012,2214),(5042,3339),(3806,4281),(10143,6313),(13068,2430),(3294,2138),(14510,7295),(2670,6398),(3998,6073),(10518,7999),(11893,979)
155,(5940,4453),(8934,4089),(6734,1339),(10531,5241),(9198,2271),(7009,7956),(6032,1568),(7672,3631),(4644,3330),(4663,2736),(4081,1885),(4549,6081),(6400,4772),(6400,4772),(801,3725),(5689,2297),(5166,3552),(3473,4278),(10019,6308),(12734,2440),(3405,2250),(14469,7626),(2606,6304),(3991,6072),(10852,8002),(11910,1312)
156,(5744,4725),(9068,4087),(6886,1183),(10735,5252),(9198,2062),(6750,7900),(6194,1437),(7751,3606),(4628,2997),(5022,2736),(4081,1903),(4579,5978),(6385,5081),(6385,5081),(744,3492),(5687,2298),(5277,3780),(3140,4275),(9698,6303),(12401,2451),(3294,2138),(14428,7957),(2276,6349),(4051,5915),(11185,8005),(11927,1645)
157,(5465,4913),(8735,4093),(6880,1283),(11068,5270),(9198,1728),(6750,7567),(6280,1423),(7751,3606),(4570,2934),(4838,2534),(4072,1570),(4580,5974),(6205,5220),(6205,5220),(665,3168),(6012,2214),(5587,3835),(2806,4272),(9365,6312),(12068,2462),(3098,2125),(14445,7825),(1946,6394),(3888,6066),(11518,8008),(11943,1978)
158,(5194,5004),(8402,4098),(6849,1626),(10864,5259),(9160,1389),(6750,7233),(5976,1476),(7751,3606),(4513,2989),(4590,2446),(4072,1552),(4548,6085),(5872,5220),(5872,5220),(594,2861),(6081,1992),(5601,3939),(2473,4269),(9176,6484),(12192,2458),(3112,2458),(14485,7494),(1615,6438),(4102,6080),(11497,8008),(11943,1975)
159,(5221,4769),(8046,4104),(6840,1950),(10531,5241),(9046,1076),(6972,7139),(6139,1762),(7561,3622),(4333,3141),(4478,2250),(4081,1885),(4610,5867),(5614,5275),(5614,5275),(524,2535),(5865,1740),(5580,3613),(2140,4266),(9169,6817),(12525,2447),(3132,2772),(14526,7163),(1323,6534),(3969,5990),(11164,8005),(11927,1642)
160,(4977,4625),(8067,4436),(6840,2283),(10180,5248),(8933,762),(7305,7130),(6256,2074),(7830,3528),(4112,3296),(4122,2250),(4122,2250),(4518,6192),(5602,5608),(5602,5608),(454,2209),(5644,1492),(5580,3367),(1810,4266),(9162,7146),(12858,2436),(3456,2808),(14448,6883),(1382,6862),(4104,5688),(10830,8002),(11910,1309)
161,(5263,4572),(8193,4662),(6840,2044),(9846,5292),(8819,449),(7422,7402),(6383,2386),(8150,3621),(3852,3330),(4455,2250),(4455,2250),(4848,6237),(5590,5941),(5590,5941),(653,2089),(5727,1278),(5580,3700),(1476,4266),(8828,7146),(12956,2433),(3456,2502),(14140,6840),(1479,7201),(4144,6029),(10497,7999),(11893,976)
162,(5472,4356),(8526,4662),(6840,1728),(9972,5256),(8785,356),(7562,7607),(6671,2554),(8048,3591),(3804,3000),(4367,2250),(4367,2250),(5200,6220),(5524,6240),(5524,6240),(986,2065),(6066,1278),(5580,3502),(1168,4286),(8495,7146),(12623,2444),(3789,2492),(14262,6840),(1542,7528),(3888,6066),(10164,7996),(11882,757)
163,(5416,4451),(8859,4662),(6840,2061),(10083,5251),(8899,669),(7893,7643),(6760,2717),(7751,3606),(3521,2981),(4113,2360),(4113,2360),(4984,6256),(5238,6154),(5238,6154),(1318,2041),(6408,1278),(5494,3169),(954,4327),(8162,7146),(12290,2455),(4104,2484),(14251,6840),(1593,7870),(3559,5997),(9830,7993),(11899,1090)
164,(5179,4572),(9106,4662),(6895,2327),(10416,5239),(9012,983),(8007,7656),(6967,2810),(7537,3572),(3184,2927),(4104,2706),(4104,2706),(4654,6210),(5210,5837),(5210,5837),(1674,2016),(6531,968),(5308,2945),(1278,4266),(8078,6924),(11970,2466),(4104,2808),(13930,6861),(1879,7926),(3227,5969),(9741,7992),(11916,1423)
165,(4972,4735),(8773,4662),(7227,2357),(10180,5248),(9126,1296),(7676,7620),(7121,3010),(7729,3299),(3168,3186),(4104,2585),(4104,2585),(4579,5978),(5072,5525),(5072,5525),(1640,1684),(6582,841),(5112,2925),(1611,4266),(8100,6606),(11636,2455),(4104,2484),(13603,6925),(2212,7913),(2938,6115),(10074,7995),(11932,1756)
166,(4819,4886),(8439,4662),(7544,2363),(9846,5292),(9160,1389),(7435,7705),(7070,3315),(7947,3182),(3474,3186),(4326,2492),(4326,2492),(4554,5634),(4796,5547),(4796,5547),(1725,1392),(6458,1150),(5159,2656),(1944,4266),(8431,6639),(11362,2394),(4233,2250),(13302,6984),(2500,7846),(2850,6203),(10407,7998),(11949,2089)
167,(4690,5042),(8082,4662),(7735,2228),(9846,5625),(9046,1076),(7342,7956),(6840,3546),(8244,3333),(3257,3355),(4645,2509),(4645,2509),(4554,5634),(4574,5685),(4574,5685),(1831,1076),(6185,1278),(5152,2323),(1921,4266),(8474,6364),(11201,2202),(4590,2250),(13629,6920),(2493,7513),(3096,5958),(10741,8001),(11938,1864)
168,(4550,5201),(8060,4329),(7722,1890),(9846,5976),(8933,762),(7009,7956),(7075,3310),(8541,3485),(3153,3075),(4975,2552),(4975,2552),(4554,5634),(4606,5615),(4606,5615),(2107,895),(6288,1278),(5150,2235),(1588,4266),(8200,6286),(10894,2331),(4256,2250),(13956,6856),(2485,7179),(2860,6193),(11074,8004),(11921,1531)
169,(4194,5238),(8157,4102),(7449,1963),(9846,5642),(8819,449),(6694,7954),(6913,3472),(8857,3618),(3294,2952),(4910,2736),(4910,2736),(4867,5521),(4920,5503),(4920,5503),(1924,976),(6490,1071),(5157,2568),(1278,4266),(8118,6004),(10586,2460),(3899,2250),(13917,6654),(2490,7387),(2929,6124),(11407,8007),(11904,1198)
170,(4093,5041),(8490,4096),(7437,2296),(9846,5292),(8785,356),(6361,7943),(6641,3645),(9190,3618),(3471,3153),(4663,2736),(4663,2736),(5130,5369),(5166,5327),(5166,5327),(2107,895),(6624,738),(5165,2901),(950,4328),(8118,5670),(10279,2589),(3566,2250),(13733,6376),(2497,7720),(3017,6036),(11608,8009),(11888,865)
171,(4064,5148),(8823,4091),(7157,2350),(9846,5625),(8899,669),(6028,7933),(6330,3711),(9524,3618),(3312,3348),(5022,2736),(5022,2736),(5163,5196),(5107,5193),(5107,5193),(1924,976),(6500,1047),(5164,2878),(1172,4286),(8118,5337),(10392,2542),(3294,2194),(13548,6099),(2498,7735),(2772,6282),(11275,8006),(11888,868)
172,(4163,5159),(9180,4086),(6840,2322),(9846,5976),(9012,983),(5694,7922),(6339,3710),(9857,3618),(3146,3584),(5223,2935),(5164,2878),(4919,5294),(4914,5346),(4914,5346),(2107,895),(6296,1278),(5157,2545),(1262,4044),(8118,5442),(10700,2413),(3096,2070),(13364,5821),(2490,7402),(2441,6326),(10941,8003),(11904,1201)
173,(4064,5148),(8846,4091),(6840,1988),(10176,5930),(9126,1296),(5893,7928),(6441,3700),(10096,3618),(3143,3598),(5544,2916),(5157,2545),(4655,5447),(4603,5467),(4603,5467),(1924,976),(5954,1278),(5149,2211),(1245,3799),(8118,5775),(11007,2284),(3109,2403),(13180,5543),(2428,7104),(2111,6371),(10608,8000),(11921,1534)
174,(4163,5159),(8513,4096),(6840,1783),(10242,6199),(9160,1389),(6226,7939),(6229,3720),(9763,3618),(3174,3255),(5876,2943),(5149,2211),(4348,5576),(4297,5599),(4297,5599),(2107,895),(5616,1278),(5152,2346),(1268,4131),(8118,6108),(11304,2160),(3128,2723),(13111,5438),(2106,7074),(1781,6416),(10275,7997),(11938,1867)
175,(4415,5215),(8180,4101),(6840,2116),(10464,6318),(9046,1076),(6559,7949),(6552,3690),(9429,3618),(3132,2916),(5754,2933),(4926,2112),(4104,5743),(4104,5799),(4104,5799),(1924,976),(5949,1278),(5160,2679),(1059,4307),(7951,6277),(11637,2150),(3408,2802),(13295,5716),(2234,6902),(1450,6461),(9941,7994),(11949,2086)
176,(4706,5129),(8268,4100),(6950,2332),(10797,6318),(8933,762),(6583,7950),(6220,3721),(9096,3618),(3456,2988),(5654,2925),(4593,2095),(4158,6084),(4211,6099),(4211,6099),(2107,895),(6288,1278),(5164,2878),(935,4500),(7618,6269),(11952,2142),(3456,2530),(13479,5994),(2216,7084),(1284,6259),(9630,7992),(11932,1753)
177,(4717,4881),(8601,4095),(7282,2362),(11130,6318),(8819,449),(6250,7940),(6450,3699),(8752,3592),(3798,2952),(5976,2952),(4260,2078),(4477,6179),(4518,6192),(4518,6192),(1924,976),(6490,1071),(5157,2545),(978,4697),(7385,6153),(11618,2151),(3456,2779),(13663,6272),(2539,7110),(1239,5929),(9296,7992),(11915,1420)
178,(5035,4920),(8934,4089),(7599,2356),(11264,6318),(8637,260),(5917,7929),(6750,3590),(8455,3441),(3845,3281),(5935,3282),(4122,2250),(4793,6229),(4848,6237),(4848,6237),(2107,895),(6624,738),(5149,2211),(907,4371),(7403,5820),(11304,2160),(3179,2777),(13847,6550),(2872,7110),(1173,5597),(8939,7988),(11899,1087)
179,(5274,4788),(9290,4077),(7733,2173),(10931,6318),(8304,284),(5614,7864),(6997,3388),(8158,3290),(3812,3055),(5894,3613),(4455,2250),(5147,6234),(5200,6220),(5200,6220),(1924,976),(6500,1047),(5152,2346),(1172,4286),(7421,5487),(11637,2150),(3114,2502),(14040,6840),(3206,7110),(1096,5273),(8606,7982),(11882,754)
180,(5562,4608),(9623,4051),(7666,1893),(10598,6318),(8262,565),(5605,7531),(7116,3109),(7848,3132),(3829,3171),(5894,3941),(4367,2250),(5238,5987),(5238,5932),(5238,5932),(2107,895),(6296,1278),(5160,2679),(1262,4044),(7424,5145),(11952,2142),(3456,2502),(14373,6840),(3454,7110),(1143,5472),(8273,7976),(12157,697)
181,(5775,4351),(9900,4084),(7447,2019),(10242,6318),(8262,899),(5653,7256),(7074,2859),(8145,3283),(4018,3341),(5842,4257),(4100,2141),(5127,5693),(5094,5634),(5094,5634),(1924,976),(5954,1278),(5111,2924),(1245,3799),(7398,4786),(11618,2151),(3418,2250),(14512,6974),(3121,7110),(1224,5814),(8284,7976),(12491,691)
182,(5689,4454),(9897,4073),(7434,2376),(10575,6318),(8262,1232),(5986,7268),(6768,2952),(8442,3434),(4326,3348),(5654,4497),(4363,2084),(5130,5369),(5166,5327),(5166,5327),(2107,895),(5616,1278),(4780,2927),(1268,4131),(7398,4786),(11304,2160),(3238,2070),(14513,6976),(2787,7110),(1147,5489),(8617,7982),(12824,686)
183,(5577,4498),(9935,4177),(7740,2340),(10908,6318),(8278,1591),(6319,7281),(6571,2937),(8739,3585),(4644,3330),(5585,4443),(4696,2101),(5287,5091),(5292,5058),(5292,5058),(1924,976),(5644,1492),(4610,2768),(1262,4044),(7402,4897),(11637,2150),(3102,2236),(14510,7295),(2485,7165),(1092,5256),(8951,7988),(12972,517)
184,(5444,4403),(9938,4188),(7726,2006),(11242,6318),(8298,1908),(6422,7285),(6730,2847),(8554,3491),(4388,3303),(5416,4451),(5029,2117),(5508,4878),(5562,4870),(5562,4870),(2107,895),(5727,1278),(4645,2509),(1186,3746),(7434,5256),(11952,2142),(3117,2557),(14469,7626),(2492,7498),(1169,5580),(9050,7990),(12960,162)
185,(5234,4572),(9826,4036),(7944,1896),(11327,6101),(8271,2240),(6089,7272),(6768,2952),(8257,3340),(4333,3141),(5179,4572),(5152,2346),(5622,5081),(5620,5137),(5620,5137),(1924,976),(6066,1278),(4975,2552),(853,3760),(7416,5588),(11618,2151),(3242,2784),(14428,7957),(2500,7832),(1335,5818),(8717,7984),(12971,495)
186,(4993,4461),(9494,4061),(8298,1908),(11254,5775),(8279,2136),(5756,7260),(6516,2878),(7960,3189),(4112,2967),(4997,4405),(5160,2679),(5608,5442),(5893,5220),(5606,5497),(2107,895),(5859,1016),(4728,2520),(1087,3750),(7398,5921),(11304,2160),(3456,2696),(14445,7825),(2779,7902),(1692,5832),(8384,7978),(12972,517)
187,(5170,4291),(9180,4086),(8277,1575),(11181,5450),(8289,2018),(5616,7110),(6383,2616),(7720,3313),(4381,2928),(5225,4288),(5161,2989),(5596,5775),(6227,5220),(5594,5830),(1924,976),(5933,1110),(4755,2523),(1253,3910),(7380,6264),(11637,2150),(3456,2613),(14485,7494),(3113,7902),(1692,5832),(8173,7974),(12960,162)
188,(5449,4126),(9198,4392),(8206,1317),(11178,5436),(8262,2358),(5602,6776),(6214,2326),(7528,3586),(4295,2924),(5508,4068),(4982,3183),(5584,6108),(6388,5054),(5582,6163),(2107,895),(6177,1278),(4948,2548),(1278,4266),(7046,6273),(11952,2142),(3456,2696),(14526,7163),(3446,7902),(1692,5832),(8506,7980),(12971,495)
189,(5606,4216),(9530,4414),(7873,1339),(11251,5761),(7928,2346),(5588,6443),(6081,1992),(7761,3596),(4131,3080),(5602,4271),(5154,3223),(5801,6235),(6397,4749),(5857,6233),(1924,976),(6449,1174),(4618,2505),(950,4328),(6732,6282),(11618,2151),(3567,2498),(14523,7185),(3521,7624),(2023,5861),(8840,7986),(12972,517)
190,(5444,4403),(9863,4436),(7541,1362),(11324,6087),(7906,2345),(5690,6240),(5865,1740),(8043,3590),(4159,3348),(5416,4451),(5092,3173),(6134,6220),(6612,4662),(6190,6218),(2107,895),(6573,865),(4590,2250),(959,4609),(6405,6216),(11304,2160),(3900,2489),(14483,7516),(3514,7291),(2355,5891),(9162,7992),(12960,162)
191,(5234,4572),(9841,4434),(7420,1148),(11351,6209),(8262,2358),(6023,6225),(5693,1585),(8155,3622),(4466,3341),(5179,4572),(4932,3348),(6372,6098),(6945,4662),(6372,6043),(1924,976),(6541,944),(4256,2250),(1156,4762),(6644,6264),(11637,2150),(4104,2595),(14442,7847),(3513,7276),(2687,5921),(9144,7650),(12971,495)
192,(4968,4680),(9509,4412),(7416,838),(11278,5884),(7928,2346),(6372,6210),(5940,1808),(7830,3528),(4636,3163),(5020,4698),(5166,3441),(6372,5765),(7278,4662),(6372,5710),(1766,1271),(6408,1278),(4084,2014),(1489,4783),(6736,6504),(11952,2142),(4104,2916),(14431,7935),(3521,7609),(3019,5951),(9477,7650),(12972,517)
193,(5274,4788),(9198,4392),(7416,942),(11205,5559),(7906,2345),(6372,5876),(5865,1740),(7555,3622),(4615,2823),(5239,4831),(5166,3780),(6372,5432),(7175,4662),(6372,5376),(1660,1587),(6531,968),(4075,1681),(1288,4770),(6743,6837),(11618,2151),(3798,2952),(14472,7604),(3583,7904),(2899,6154),(9617,7871),(12960,162)
194,(5030,4918),(9530,4414),(7416,949),(11154,5328),(8262,2358),(6372,5543),(5693,1585),(7452,3888),(4626,2934),(4986,4896),(4832,3768),(6483,5223),(6842,4662),(6538,5225),(1665,1932),(6582,841),(4123,1378),(1045,4755),(6750,7146),(11304,2160),(4104,2916),(14512,7274),(3916,7919),(2606,6304),(9606,7770),(12626,173)
195,(4708,4880),(9863,4436),(7420,608),(11227,5653),(7928,2346),(6372,5220),(5940,1808),(7119,3860),(4500,3150),(4662,4878),(4810,3767),(6816,5235),(6509,4662),(6871,5236),(1709,2235),(6458,1150),(4453,1333),(1378,4776),(7083,7136),(11637,2150),(3993,2928),(14537,7075),(4249,7934),(2276,6349),(9617,7871),(12293,184)
196,(4710,5151),(9841,4434),(7434,270),(11299,5978),(7906,2345),(6405,4888),(6129,2088),(6984,4050),(4626,2934),(4716,5184),(5166,3780),(7149,5246),(6408,4860),(7204,5248),(1763,2564),(6490,1071),(4783,1287),(1728,4751),(7435,7129),(11952,2142),(3687,2963),(14496,7405),(4582,7949),(1946,6394),(9407,7992),(11960,195)
197,(4439,5212),(9509,4412),(7420,603),(11376,6318),(8262,2358),(6390,4606),(5904,2241),(7314,4091),(4618,2846),(4384,5218),(4832,3768),(7489,5253),(6390,4550),(7544,5250),(1818,2898),(6624,738),(5000,1370),(2053,4677),(7768,7138),(12284,2125),(3466,3098),(14455,7736),(4697,7734),(1615,6438),(9156,7881),(11880,475)
198,(4086,5211),(9198,4392),(7416,942),(11303,5992),(8288,2025),(6390,4273),(5581,2325),(7195,4076),(4848,2924),(4050,5202),(4477,3756),(7822,5235),(6390,4217),(7877,5232),(1881,3225),(6546,413),(5044,1700),(2160,4950),(8067,7090),(12617,2109),(3383,3337),(14418,8046),(4668,7402),(1323,6534),(9147,7538),(11880,590)
199,(4106,4948),(9530,4414),(7439,1280),(11230,5667),(8280,2129),(6224,4069),(5514,2062),(7003,3940),(5168,2928),(3717,5222),(4140,3744),(8114,5164),(6168,4063),(8110,5109),(1945,3552),(6293,288),(5028,1579),(2306,5176),(8089,6757),(12950,2092),(3474,3186),(14458,7715),(4699,7110),(1382,6862),(9159,7205),(11880,257)
200,(4123,4615),(9863,4436),(7420,1148),(11157,5342),(8373,2355),(6017,4160),(5341,1908),(7090,3641),(5421,3047),(3584,5231),(4473,3755),(8092,4831),(6010,4215),(8089,4776),(1919,3417),(5960,288),(4986,1260),(2615,5196),(8088,6772),(12828,2098),(3168,3186),(14499,7384),(5022,7110),(1479,7201),(9439,7154),(11602,202)
201,(4140,4284),(9841,4434),(7452,1368),(11202,5545),(8706,2349),(5940,4453),(5058,1800),(7020,3852),(5580,3312),(3917,5210),(4810,3767),(7915,4662),(5914,4502),(7859,4662),(1855,3090),(6054,288),(5030,1590),(2948,5214),(8066,7104),(12495,2115),(3186,2928),(14539,7053),(4688,7110),(1542,7528),(9772,7165),(11268,208)
202,(4440,4291),(9509,4412),(7452,1701),(11275,5870),(9039,2343),(5994,4356),(5013,1469),(7352,3879),(5580,3645),(3828,5215),(5166,3780),(7582,4662),(6000,4300),(7526,4662),(1839,3007),(6387,288),(5043,1689),(3042,5442),(7786,7138),(12162,2131),(3401,2975),(14510,7295),(4921,7110),(1593,7870),(10105,7175),(10935,214)
203,(4436,4290),(9198,4392),(7562,1900),(11348,6195),(9031,2343),(6030,4050),(5000,1370),(7416,4104),(5580,3557),(3474,5238),(5499,3780),(7398,4842),(5974,4050),(7342,4843),(1903,3334),(6567,504),(4999,1359),(2765,5538),(7453,7129),(12062,2136),(3186,2928),(14469,7626),(5244,7110),(1566,7650),(10308,7348),(10594,220)
204,(4542,4335),(9530,4414),(7555,1901),(11327,6101),(8698,2349),(5868,3834),(5044,1700),(7085,4062),(5580,3423),(3806,5217),(5616,4050),(7064,4848),(5920,3815),(7009,4849),(1962,3636),(6582,841),(5015,1480),(2434,5574),(7380,6850),(12395,2120),(3461,3043),(14428,7957),(5577,7110),(1595,7882),(10327,7594),(10260,226)
205,(4865,4320),(9863,4436),(7443,2130),(11254,5775),(8364,2356),(6174,3726),(5028,1579),(6761,4050),(5580,3780),(4079,5094),(5350,4225),(6731,4854),(6229,3720),(6675,4855),(1898,3308),(6458,1150),(5058,1800),(2103,5610),(7380,6516),(12728,2103),(3307,3186),(14445,7825),(5338,7110),(1641,7568),(10302,7262),(9927,232)
206,(5170,4291),(9841,4434),(7323,2365),(11181,5450),(8039,2350),(6505,3694),(4986,1260),(6642,3852),(5580,3446),(4183,5211),(5508,4068),(6408,4860),(6552,3690),(6352,4860),(1834,2981),(6185,1278),(5350,1908),(1771,5647),(7380,6319),(13050,2088),(3145,3020),(14485,7494),(5022,7110),(1869,7325),(10317,7458),(9594,237)
207,(5449,4126),(9509,4412),(6991,2335),(11178,5436),(7684,2346),(6800,3565),(4655,1305),(6658,3940),(5465,3121),(4470,5209),(5331,4244),(6074,4860),(6840,3546),(6019,4860),(1860,3116),(5843,1278),(5341,1908),(2004,5621),(7380,6652),(12717,2104),(3348,2964),(14526,7163),(4688,7110),(2106,7074),(10319,7483),(9261,243)
208,(5606,4216),(9198,4392),(6840,2155),(11251,5761),(7378,2370),(7036,3349),(4325,1350),(6678,4050),(5472,2930),(4827,5184),(5429,4146),(5741,4860),(7075,3310),(5685,4860),(1924,3443),(5630,1388),(5350,1908),(2335,5585),(7380,6986),(12384,2120),(3677,2964),(14523,7185),(4921,7110),(2213,6866),(10240,7180),(8927,248)
209,(5574,4520),(9180,4086),(6840,1822),(11324,6087),(7046,2340),(7119,3053),(4069,1441),(6984,4050),(5535,2638),(4862,5366),(5125,4294),(5422,4949),(7121,2998),(5379,4984),(1940,3526),(5775,1659),(5341,1908),(2666,5549),(7546,7132),(12051,2137),(3829,3171),(14483,7516),(5026,6887),(1883,6914),(9907,7169),(8581,264)
210,(5704,4437),(8846,4091),(6840,1950),(11401,6426),(6845,2432),(7021,2875),(4078,1774),(7314,4091),(5579,2326),(4551,5487),(4989,4523),(5130,4968),(6964,2810),(5164,4924),(1876,3199),(6030,1890),(5350,1908),(2998,5512),(7879,7141),(12173,2131),(4018,3341),(14442,7847),(5033,6554),(1553,6962),(9574,7159),(8262,288)
211,(5871,4180),(8513,4096),(6840,2283),(11477,6750),(6762,2607),(6749,2899),(4084,2014),(7452,3888),(5902,2242),(4247,5622),(5125,4735),(5169,4751),(6641,2743),(5116,4732),(1818,2898),(5782,1666),(5514,2074),(2765,5538),(8081,7311),(12506,2114),(4140,3132),(14431,7935),(5038,6319),(1433,7042),(9240,7148),(7928,280)
212,(5862,4205),(8180,4101),(7116,2347),(11553,7075),(6474,2439),(6752,2910),(4075,1681),(7785,3888),(5796,2269),(3977,5796),(5116,4732),(4977,4790),(6339,2582),(4981,4846),(1486,2933),(5629,1382),(5579,2326),(2434,5574),(8118,7668),(12839,2098),(4215,3348),(14472,7604),(5031,6652),(1355,6710),(9168,6868),(7595,273)
213,(5689,4454),(8268,4100),(7434,2376),(11523,6947),(6295,2196),(7034,2872),(4069,1441),(8118,3888),(5579,2326),(3726,6012),(4989,4516),(4764,4883),(6516,2718),(4708,4880),(1155,2968),(5645,1498),(5902,2242),(2103,5610),(7786,7632),(12939,2093),(4522,3337),(14512,7274),(5024,6986),(1299,6369),(9175,6535),(7600,273)
214,(5633,4522),(8601,4095),(7740,2340),(11447,6623),(6322,2304),(7118,3066),(4078,1774),(8291,3779),(5902,2242),(4054,6077),(4893,4316),(4700,5096),(6326,2571),(4710,5151),(823,3003),(5857,1734),(6211,2142),(1771,5647),(7452,7596),(12606,2109),(4422,3343),(14512,6974),(5244,7110),(1254,6039),(9291,6314),(7933,280)
215,(5832,4284),(8934,4089),(7726,2006),(11376,6318),(6322,2303),(7031,3354),(4084,2014),(8316,3888),(6172,2194),(3936,6069),(4590,4356),(4932,5184),(6427,2650),(4925,5239),(740,3012),(5947,1815),(6322,2304),(2004,5621),(7783,7631),(12273,2126),(4504,3094),(14251,6840),(5577,7110),(1238,5924),(9624,6305),(8262,288)
216,(5902,4101),(9186,4196),(7500,1904),(11451,6642),(6262,2089),(6895,3553),(4075,1681),(8155,3622),(6282,2538),(3831,6047),(4283,4257),(4758,5406),(6414,2639),(4707,5426),(1071,2977),(5700,1591),(6223,1985),(2335,5585),(8118,7668),(11952,2142),(4504,3100),(13978,6747),(5709,7258),(1283,6254),(9643,6304),(7928,280)
217,(5760,4369),(9191,4281),(7452,1630),(11527,6967),(6145,1777),(7011,3634),(4123,1378),(7830,3528),(6516,2773),(3831,6047),(4303,4254),(4551,5487),(6516,2934),(4603,5467),(1403,2941),(5616,1278),(6090,1662),(2666,5549),(8083,7336),(11618,2151),(4222,3136),(13794,6469),(6042,7271),(1424,6465),(9310,6314),(7595,273)
218,(5562,4608),(9186,4196),(7444,1313),(11585,7274),(5976,1476),(6733,3757),(4453,1333),(8150,3621),(6349,2939),(3704,6121),(4590,4356),(4862,5366),(6182,2945),(4914,5346),(1734,2906),(5949,1278),(6085,1456),(2998,5512),(8075,6979),(11304,2160),(4048,3344),(13610,6191),(6375,7283),(1754,6420),(8957,6312),(7427,436)
219,(5775,4351),(9191,4281),(7431,1225),(11621,7605),(6304,1418),(6408,3852),(4783,1287),(8048,3591),(6016,2950),(3640,6448),(4920,4312),(4655,5447),(5865,2942),(4603,5467),(1597,2921),(6288,1278),(6390,1404),(3042,5220),(8097,6647),(11637,2150),(3740,3330),(13426,5913),(6480,7128),(2084,6375),(8624,6303),(7418,664)
220,(5911,4076),(9186,4196),(7285,1362),(11656,7937),(6171,1442),(6728,3758),(4875,1275),(7751,3606),(5699,2928),(3575,6775),(4989,4523),(4348,5576),(5544,2916),(4297,5599),(1265,2956),(6490,1071),(6061,1461),(2709,5201),(8376,6633),(11952,2142),(3383,3337),(13242,5635),(6480,7128),(2415,6330),(8469,6466),(7431,331)
221,(6010,4215),(9191,4281),(6952,1352),(11634,7733),(6085,1456),(6626,3788),(4545,1320),(7537,3572),(5710,2929),(3510,7110),(5263,4572),(4104,5743),(5533,2582),(4104,5799),(934,2991),(6624,738),(6194,1437),(2394,5184),(8238,6619),(11935,1809),(3156,3529),(13050,5346),(6694,7142),(2772,6282),(8468,6475),(7711,276)
222,(5914,4502),(9186,4196),(6849,1626),(11599,7402),(6390,1404),(6519,3852),(4215,1365),(7729,3299),(5969,3007),(3843,7110),(5472,4356),(4301,5765),(5633,2312),(4350,5739),(630,3024),(6500,1047),(6496,1371),(2177,5056),(8088,6772),(11918,1476),(3225,3760),(13158,5318),(6590,7135),(3007,6046),(8644,6304),(8044,283)
223,(5967,4404),(9183,4502),(6840,1950),(11585,7274),(6517,1364),(6678,4050),(4072,1552),(7784,3222),(5928,3338),(4176,7110),(5598,4356),(4574,5685),(5956,2228),(4595,5737),(559,2698),(6449,1174),(6390,1404),(2132,4729),(8066,7104),(11902,1143),(3558,3754),(13266,5292),(6746,6979),(2938,6115),(8977,6312),(8262,399)
224,(5780,4682),(9184,4496),(6840,2283),(11621,7605),(6171,1442),(6661,3961),(4081,1885),(7592,3495),(5888,3668),(4510,7110),(5616,4050),(4564,6027),(6056,2191),(4549,6081),(489,2372),(6573,865),(6061,1461),(2098,4385),(8082,6868),(11885,810),(3891,3748),(13157,5319),(6739,6646),(2661,6296),(9068,6315),(8262,732)
225,(5628,4970),(9184,4170),(6840,2044),(11656,7937),(6034,1570),(6457,4077),(4122,2250),(7601,3481),(6025,3778),(4662,7331),(5524,3780),(4563,6031),(5743,2283),(4579,5978),(422,2051),(6541,944),(6092,1665),(2108,4487),(8155,6611),(11891,923),(4251,3747),(13050,5346),(6732,6312),(2331,6341),(8735,6306),(8262,1065)
226,(5505,5214),(9401,4068),(6840,1728),(11634,7733),(6286,1714),(6390,4363),(4112,2373),(7793,3209),(6016,3781),(4691,7663),(5166,3780),(4584,5710),(5529,2451),(4554,5634),(364,1722),(6408,1278),(6397,1716),(2144,4827),(8460,6642),(11907,1256),(4584,3759),(13158,5318),(7009,6274),(2001,6386),(8533,6301),(8268,1424)
227,(5384,5207),(9733,4043),(6871,1396),(11599,7402),(6619,1722),(6390,4606),(4104,2484),(7720,3313),(5888,3668),(4660,7953),(5166,3446),(4595,5920),(5539,2784),(4580,5974),(306,1386),(6066,1278),(6730,1725),(2132,4729),(8128,6608),(11924,1589),(4366,3752),(13266,5292),(7342,6265),(1670,6431),(8866,6309),(8288,1757)
228,(5621,5109),(9938,4188),(6849,1626),(11585,7274),(6728,1725),(6390,4273),(4233,2250),(7528,3586),(5928,3337),(4327,7938),(4932,3348),(4573,6199),(5765,2934),(4628,6207),(275,1054),(5859,1016),(6617,1722),(2098,4385),(8115,6328),(11941,1922),(4028,3745),(13111,5438),(7394,5986),(1314,6480),(9180,6318),(8287,1741)
229,(5508,4878),(9900,4084),(6840,1950),(11621,7605),(6395,1716),(6224,4069),(4590,2250),(7665,3390),(5969,3006),(3994,7923),(4932,3348),(4903,6245),(6087,2948),(4958,6252),(244,722),(5933,1110),(6284,1714),(1865,4266),(7840,6275),(11840,2145),(3695,3751),(13295,5716),(7412,5653),(1269,6149),(9172,6651),(8267,1408)
230,(5334,5022),(9897,4073),(6840,2283),(11656,7937),(6139,1762),(6128,3998),(4590,2446),(7848,3132),(6253,2942),(3661,7908),(4699,3333),(5238,6210),(6420,2937),(5238,6154),(216,414),(5997,1190),(6178,1866),(1532,4266),(7507,6267),(11507,2154),(3362,3757),(13479,5994),(7430,5320),(1224,5814),(9165,6984),(8275,1535)
231,(5422,4949),(9935,4177),(7116,2347),(11634,7733),(6256,2074),(6408,3852),(4590,2361),(7656,3404),(6516,2878),(3749,7912),(4944,3237),(5238,5886),(6737,2949),(5210,5837),(246,745),(5796,936),(6295,2195),(1333,4266),(7157,6270),(11415,2156),(3133,3652),(13663,6272),(7409,4979),(1268,6144),(9165,6979),(8295,1868)
232,(5130,4968),(9938,4188),(7434,2376),(11599,7402),(6383,2386),(6728,3758),(4755,2523),(7561,3622),(6696,2754),(4082,7927),(5154,3223),(5083,5579),(6744,2727),(5072,5525),(277,1077),(5832,626),(6479,2442),(1666,4266),(6824,6279),(11748,2147),(3180,3310),(13847,6550),(7342,4662),(1314,6480),(9172,6646),(8281,1630)
233,(4819,4886),(9826,4036),(7446,2042),(11585,7274),(6671,2554),(7036,3621),(5009,2611),(7830,3528),(7019,2704),(4415,7942),(5092,3173),(5202,5285),(7074,2718),(5238,5243),(306,1386),(5832,288),(6767,2610),(2000,4266),(6954,6275),(11840,2145),(3390,3186),(14040,6840),(7009,4662),(1269,6149),(9180,6318),(8262,1314)
234,(4690,5042),(9494,4061),(7673,1893),(11621,7605),(6762,2607),(6913,3686),(4799,2736),(8150,3621),(7308,2844),(4711,7900),(5115,3170),(5052,5190),(7259,2817),(4996,5187),(275,1054),(5832,621),(6666,2551),(1865,4266),(7287,6266),(11507,2154),(3383,3337),(13855,6562),(6675,4662),(1224,5814),(9172,6651),(8282,1646)
235,(4550,5201),(9180,4086),(7452,1908),(11656,7937),(6474,2439),(7036,3621),(4774,2736),(8316,3888),(7122,2744),(4683,7568),(5166,3441),(4716,5184),(7171,2770),(4660,5189),(244,722),(5796,936),(6378,2383),(1532,4266),(7380,6486),(11415,2156),(3604,3330),(13671,6284),(6390,4606),(1268,6144),(9165,6984),(8294,1852)
236,(4194,5238),(9512,4060),(7724,1945),(11634,7733),(6295,2196),(7039,3792),(5010,2625),(8286,3762),(7210,2791),(4654,7236),(5166,3780),(4384,5218),(7161,2764),(4329,5224),(216,414),(5812,847),(6226,2142),(1333,4266),(7380,6819),(11748,2147),(3836,3220),(13487,6006),(6390,4273),(1314,6480),(9328,7151),(8274,1519)
237,(4106,4948),(9844,4034),(7737,2278),(11599,7402),(6206,2300),(7110,3582),(5043,2844),(8093,3888),(7220,2797),(4662,7331),(5499,3780),(4134,5082),(7269,2823),(4114,5030),(246,745),(5832,738),(5904,2241),(1666,4266),(7380,7128),(11840,2145),(3742,2957),(13303,5728),(6555,4065),(1372,6808),(9661,7161),(8262,1202)
238,(4123,4615),(9605,4053),(7464,2372),(11585,7274),(6370,2605),(7010,3906),(5333,2948),(7760,3888),(7112,2738),(4691,7663),(5616,4050),(4115,4782),(7074,2718),(4117,4726),(277,1077),(5832,404),(5581,2325),(2000,4266),(7713,7136),(11507,2154),(3511,2982),(13119,5450),(6900,4050),(1433,7042),(9994,7172),(8262,869)
239,(4140,4284),(9272,4078),(7157,2350),(11621,7605),(6383,2616),(7149,4070),(5088,2919),(7452,3888),(7308,2844),(4771,7953),(5598,4356),(4131,4449),(7347,2883),(4134,4393),(306,1386),(5832,510),(5514,2062),(2108,4487),(8064,7146),(11415,2156),(3853,2945),(13266,5292),(6761,4050),(1458,6975),(10300,7237),(8262,536)
240,(4440,4291),(9193,4307),(6840,2322),(11656,7937),(6458,2673),(7360,4097),(5162,2767),(7305,4090),(7020,2704),(5104,7940),(5507,4598),(4303,4254),(7613,2947),(4338,4248),(275,1054),(5812,847),(5341,1908),(2144,4827),(7730,7137),(11748,2147),(4104,2860),(13157,5319),(6642,3852),(1788,6927),(10325,7569),(8372,279)
End