30, 0.951062, 0.902982, 0.160417, 9.3902
0,(4716,5184),(9162,5256),(7452,1908),(3042,5508),(8118,2952),(6066,1278),(3798,360),(13068,2430),(8802,3618),(7812,2898),(14418,8046),(10296,7182),(2772,6282),(8262,288),(2502,7902),(14418,8046),(13068,2430),(10458,5238),(7380,6264),(14040,6840),(7110,3582),(3456,2502),(306,1386),(5616,7110),(5058,2916),(11880,198),(1674,2016),(8118,7974),(8118,7974),(1278,4266)
1,(4662,4878),(9162,4922),(7452,1574),(3042,5275),(8460,2945),(5732,1278),(3929,666),(12734,2440),(9135,3618),(7488,2978),(14084,8041),(10629,7177),(2552,6532),(8594,263),(2835,7902),(14084,8041),(12734,2440),(10790,5255),(7397,5931),(13855,6562),(7010,3906),(3456,2808),(275,1054),(5282,7110),(5364,2952),(11546,203),(1640,1684),(8451,7979),(8451,7979),(950,4328)
2,(4716,5184),(9162,4717),(7436,1258),(3042,5396),(8785,2873),(5838,1278),(3850,482),(12401,2451),(9468,3618),(7475,3264),(13751,8037),(10962,7172),(2332,6783),(8804,408),(3168,7902),(13751,8037),(12401,2451),(11142,5274),(7415,5598),(13671,6284),(6817,4050),(3132,2772),(244,722),(5077,7110),(5364,2952),(11213,209),(1665,1932),(8784,7985),(8784,7985),(1172,4286)
3,(4384,5218),(9162,5050),(7439,1280),(3042,5386),(9111,2801),(5954,1278),(3885,564),(12068,2462),(9802,3618),(7506,3618),(13418,8032),(11295,7167),(2414,6690),(8918,722),(3528,7902),(13418,8032),(12068,2462),(10809,5256),(7434,5256),(13487,6006),(6512,4070),(3294,2952),(216,414),(5410,7110),(5058,2916),(10872,216),(1709,2235),(9117,7991),(9117,7991),(1059,4307)
4,(4359,5220),(9162,5144),(7229,1361),(3042,5285),(9189,2497),(5616,1278),(3894,584),(12192,2458),(10152,3618),(7442,3942),(13084,8028),(11561,7109),(2633,6439),(9031,1035),(3520,7568),(13084,8028),(12192,2458),(10458,5238),(7416,5588),(13303,5728),(6390,4308),(3471,3153),(246,745),(5602,7220),(5364,2952),(11205,210),(1763,2564),(8884,7987),(8884,7987),(1063,4306)
5,(4716,5184),(9162,4811),(6876,1350),(3042,5508),(9188,2506),(5949,1278),(3841,462),(12525,2447),(9818,3618),(7443,3939),(12751,8024),(11485,6785),(2698,6365),(9145,1348),(3512,7235),(12751,8024),(12525,2447),(10124,5250),(7398,5921),(13119,5450),(6390,4662),(3196,3186),(277,1077),(5602,7220),(5364,2952),(11538,204),(1818,2898),(8550,7981),(8550,7981),(1389,4266)
6,(4384,5218),(9162,4828),(7209,1360),(2710,5544),(9216,2781),(6288,1278),(3938,686),(12858,2436),(9485,3618),(7360,4097),(12418,8019),(11409,6460),(2479,6616),(9141,1337),(3515,7332),(12418,8019),(12858,2436),(9846,5347),(7380,6264),(13266,5292),(6390,4328),(3174,3255),(306,1386),(5504,7110),(5364,2952),(11880,198),(1764,2569),(8217,7975),(8217,7975),(1722,4266)
7,(4359,5220),(9162,5162),(7436,1258),(2379,5580),(9546,2729),(6490,1071),(3798,360),(12956,2433),(9152,3618),(7030,4055),(12084,8015),(11413,6480),(2268,6858),(9027,1023),(3522,7665),(12084,8015),(12956,2433),(9846,5680),(7713,6272),(13465,5559),(6279,4074),(3132,2916),(275,1054),(5171,7110),(5364,2952),(11546,203),(1710,2240),(8340,7977),(8340,7977),(2055,4266)
8,(4716,5184),(9162,5033),(7439,1280),(2047,5616),(9875,2677),(6624,738),(3929,666),(12623,2444),(8802,3618),(7075,3856),(11751,8011),(11489,6804),(2139,7029),(8914,710),(3638,7907),(11751,8011),(12623,2444),(9846,5920),(8046,6280),(13664,5826),(6079,4024),(3456,2988),(244,722),(5188,7110),(5364,2952),(11213,209),(1691,2125),(8673,7983),(8673,7983),(1810,4266)
9,(4919,5294),(9162,4700),(7452,1590),(1728,5652),(10188,2628),(6500,1047),(3850,482),(12290,2455),(9135,3618),(7407,3884),(11886,8012),(11565,7129),(2158,6874),(8800,397),(3971,7922),(11886,8012),(12290,2455),(9846,5587),(7840,6275),(13863,6094),(6374,3869),(3798,2952),(216,414),(5522,7110),(5364,2952),(10872,216),(1745,2454),(9006,7989),(9006,7989),(1476,4266)
10,(4919,5294),(9198,4392),(7452,1908),(1728,5652),(9858,2679),(6449,1174),(3885,564),(11970,2466),(9468,3618),(7506,3618),(12219,8017),(11510,6893),(1828,6922),(8581,264),(4304,7937),(12219,8017),(11970,2466),(9899,5276),(7507,6267),(14062,6361),(6651,3906),(4104,2916),(246,745),(5838,7114),(5538,2749),(11205,210),(1799,2783),(8995,7989),(8995,7989),(1389,4266)
11,(4655,5447),(9180,4086),(7452,1574),(1728,5652),(9529,2731),(6573,865),(3894,584),(12303,2455),(9802,3618),(7800,3557),(12552,8021),(11434,6568),(1498,6970),(8262,288),(4637,7952),(12552,8021),(12303,2455),(10249,5245),(7602,6269),(14261,6629),(6648,3886),(4121,3022),(277,1077),(6171,7121),(5528,2416),(11538,204),(1782,2678),(8662,7983),(8662,7983),(1722,4266)
12,(4655,5447),(9198,4392),(7340,1364),(1728,5652),(9200,2783),(6572,521),(3841,462),(12636,2444),(10152,3618),(8096,3605),(12886,8025),(11388,6372),(1404,6984),(8594,263),(4438,7943),(12886,8025),(12636,2444),(10568,5243),(7935,6277),(14362,6840),(6403,3907),(4104,2916),(306,1386),(6480,7128),(5794,2270),(11880,198),(1728,2349),(8328,7977),(8328,7977),(2055,4266)
13,(4862,5366),(9180,4086),(7007,1354),(1728,5652),(9169,2735),(6642,270),(3938,686),(12969,2433),(9818,3618),(8102,3607),(13219,8030),(11464,6696),(1458,7092),(8581,264),(4105,7928),(13219,8030),(12969,2433),(10901,5261),(8108,6448),(14040,6840),(6390,4252),(4104,2808),(275,1054),(6146,7121),(6111,2164),(11880,531),(1674,2016),(8229,7975),(8229,7975),(2033,3993)
14,(4551,5487),(9198,4392),(6654,1334),(1728,5652),(9172,2718),(6725,592),(3798,360),(12845,2437),(9485,3618),(7790,3567),(13552,8034),(11540,7021),(1364,6765),(8262,288),(3772,7913),(13552,8034),(12845,2437),(11031,5268),(8109,6439),(14373,6840),(6390,4586),(4104,2916),(244,722),(5813,7114),(6106,2166),(11880,535),(1727,2344),(8562,7981),(8562,7981),(1968,3666)
15,(4758,5406),(9530,4414),(6876,1350),(1728,5652),(9169,2735),(6726,594),(3929,666),(12512,2448),(9152,3618),(7506,3618),(13886,8039),(11536,7001),(1369,6472),(8594,263),(3416,7902),(13886,8039),(12512,2448),(10698,5250),(8284,6290),(14252,6617),(6390,4384),(4104,2808),(216,414),(5602,7220),(6211,2142),(11880,198),(1781,2673),(8895,7987),(8895,7987),(2016,3908)
16,(4932,5184),(9863,4436),(6949,1067),(1525,5825),(9183,2608),(6642,270),(3850,482),(12179,2459),(8802,3618),(7697,3345),(14219,8043),(11460,6677),(1699,6427),(8581,264),(3083,7902),(14219,8043),(12179,2459),(10568,5243),(8311,6291),(14053,6349),(6390,4141),(4104,2916),(246,745),(5602,7220),(6322,2304),(11880,531),(1800,2788),(9106,7991),(9106,7991),(2081,4235)
17,(4758,5406),(9841,4434),(7280,1102),(1211,5759),(9194,2395),(6293,288),(3885,564),(12081,2462),(9135,3618),(7816,3177),(14431,7935),(11384,6352),(2029,6382),(8262,288),(2750,7902),(14431,7935),(12081,2462),(10901,5261),(8108,6448),(13854,6082),(6390,4474),(4104,2808),(277,1077),(5602,7220),(6106,2166),(11880,535),(1746,2459),(8773,7985),(8773,7985),(2113,4542)
18,(4551,5487),(9509,4412),(7416,893),(1134,5435),(9172,2718),(5960,288),(3894,584),(12414,2451),(9468,3618),(7624,3450),(14472,7604),(11439,6588),(2359,6337),(8594,263),(2499,7790),(14472,7604),(12414,2451),(11031,5268),(8265,6622),(13655,5814),(6405,4827),(4104,2916),(306,1386),(5602,7220),(5796,2269),(11880,198),(1692,2130),(8439,7979),(8439,7979),(1907,4710)
19,(4862,5366),(9198,4392),(7422,553),(1105,5310),(9169,2735),(5832,510),(3841,462),(12747,2440),(9802,3618),(7496,3507),(14512,7274),(11515,6913),(2690,6293),(8914,249),(2491,7457),(14512,7274),(12747,2440),(10698,5250),(8465,6531),(13456,5547),(6130,4860),(4121,3241),(275,1054),(5602,7220),(5523,2284),(11880,531),(1651,1794),(8118,7974),(8118,7974),(1566,4788)
20,(5042,5189),(9180,4086),(7431,325),(1181,5634),(9183,2608),(5812,847),(3938,686),(13068,2430),(10152,3618),(7468,3175),(14512,6974),(11579,7219),(2968,6085),(9247,243),(2484,7110),(14537,7075),(13068,2430),(10346,5242),(8367,6294),(13266,5292),(5796,4860),(4140,3132),(244,722),(5602,7220),(5509,1951),(11880,535),(1654,1821),(8451,7979),(8451,7979),(1891,4714)
21,(5384,5207),(9512,4060),(7418,658),(1185,5651),(9194,2395),(5832,738),(3798,360),(12734,2440),(9818,3618),(7334,2870),(14251,6840),(11615,7550),(3262,5972),(9581,237),(2491,7443),(14496,7405),(12734,2440),(10013,5254),(8006,6279),(13157,5319),(5625,5026),(4104,2808),(216,414),(5602,7220),(5519,2185),(11880,198),(1691,2125),(8784,7985),(8784,7985),(2113,4551)
22,(5621,5109),(9844,4034),(7427,442),(1109,5327),(9172,2718),(5832,404),(3929,666),(12401,2451),(9485,3618),(7456,3043),(13930,6861),(11650,7882),(3594,6000),(9914,232),(2499,7776),(14455,7736),(12401,2451),(9846,5458),(7673,6271),(13050,5346),(5782,5220),(4104,2916),(246,745),(5605,7531),(5519,2173),(11880,531),(1745,2454),(9117,7991),(9117,7991),(2093,4321)
23,(5508,4878),(9605,4053),(7427,436),(1130,5418),(9189,2497),(6054,288),(3850,482),(12068,2462),(9152,3618),(7485,3375),(13603,6925),(11640,7789),(3835,6048),(10247,226),(2496,7679),(14418,8046),(12068,2462),(9846,5792),(7435,6265),(13158,5318),(6116,5220),(4104,2585),(277,1077),(5614,7864),(5510,1963),(11880,535),(1799,2783),(9439,7992),(9439,7992),(2124,4662)
24,(5243,5031),(9272,4078),(7418,664),(1207,5742),(9188,2506),(6387,288),(3885,564),(12192,2458),(8802,3618),(7616,3627),(13302,6984),(11605,7457),(3943,6069),(10581,220),(2489,7346),(14458,7715),(12192,2458),(9846,5809),(7768,6273),(13266,5292),(6372,5275),(4122,2250),(306,1386),(5608,7642),(5524,2296),(11880,198),(1782,2678),(9612,7826),(9612,7826),(2093,4330)
25,(5274,4788),(9193,4307),(7431,331),(1501,5824),(9189,2497),(6516,288),(3894,584),(12525,2447),(9135,3618),(7506,3618),(13629,6920),(11579,7219),(4264,6115),(10816,216),(2486,7221),(14499,7384),(12525,2447),(9846,5476),(8118,6282),(13157,5319),(6372,5608),(4112,2373),(275,1054),(5599,7309),(5794,2270),(11880,531),(1728,2349),(9427,7650),(9427,7650),(2033,3993)
26,(5562,4608),(9168,4612),(7422,547),(1525,5825),(9188,2506),(6593,612),(3841,462),(12858,2436),(9468,3618),(7477,3285),(13956,6856),(11615,7550),(4464,6176),(10483,222),(2494,7554),(14539,7053),(12858,2436),(9918,5271),(7784,6273),(13050,5346),(6372,5942),(4104,2484),(244,722),(5605,7531),(5904,2241),(11880,535),(1674,2016),(9145,7594),(9145,7594),(1968,3666)
27,(5234,4572),(9198,4392),(7422,553),(1279,5816),(9216,2781),(6541,944),(3938,686),(12956,2433),(9802,3618),(7419,3032),(13821,6882),(11650,7882),(4158,6084),(10149,228),(2502,7902),(14449,6885),(12956,2433),(9899,5276),(7451,6265),(13158,5318),(6372,6154),(4104,2808),(216,414),(5614,7864),(5581,2325),(11880,198),(1640,1684),(9157,7261),(9157,7261),(2016,3908)
28,(4968,4680),(9169,4606),(7431,325),(1612,5828),(9546,2729),(6408,1278),(3798,360),(12623,2444),(10152,3618),(7406,3051),(13494,6946),(11640,7789),(3835,6048),(9816,233),(2494,7568),(14448,6883),(12623,2444),(9918,5271),(7394,5986),(13266,5292),(6372,5821),(4104,2916),(246,745),(5893,7928),(5794,2270),(11880,531),(1665,1932),(9166,6923),(9166,6923),(2081,4235)
29,(5085,4945),(9191,4281),(7418,658),(1414,5821),(9875,2677),(6531,968),(3929,666),(12290,2455),(9818,3618),(7347,2883),(13411,6962),(11605,7457),(3928,6028),(9483,239),(2486,7235),(14537,7075),(12290,2455),(9899,5276),(7412,5653),(13157,5319),(6372,5487),(4104,2808),(277,1077),(6226,7939),(6111,2164),(11880,535),(1709,2235),(9174,6590),(9174,6590),(2033,3993)
30,(4976,4785),(9290,4077),(7416,997),(1390,5820),(10188,2628),(6582,841),(3850,482),(11970,2466),(9485,3618),(7334,2870),(13738,6898),(11579,7219),(4130,5975),(9150,245),(2489,7332),(14496,7405),(11970,2466),(9984,4978),(7430,5320),(13050,5346),(6316,5220),(4104,2916),(306,1386),(6559,7949),(6030,1890),(11880,198),(1763,2564),(9178,6373),(9178,6373),(1968,3666)
31,(4993,4461),(9623,4051),(7194,1093),(1636,5829),(9858,2679),(6458,1150),(3885,564),(12303,2455),(9152,3618),(7401,2965),(14040,6840),(11615,7550),(4370,6147),(8816,250),(2496,7665),(14455,7736),(12303,2455),(9999,4645),(7409,4979),(13158,5318),(5983,5220),(4104,2808),(275,1054),(6750,7789),(5782,1666),(11880,531),(1818,2898),(9171,6706),(9171,6706),(2016,3908)
32,(4838,4323),(9826,4036),(6872,1010),(1303,5817),(9529,2731),(6185,1278),(3894,584),(12636,2444),(8802,3618),(7074,2859),(13712,6903),(11650,7882),(4358,6144),(8470,272),(2499,7790),(14418,8046),(12636,2444),(10003,4557),(7398,4717),(13266,5292),(5649,5220),(4104,2484),(244,722),(6750,7456),(5775,1659),(11880,535),(1764,2569),(9164,7040),(9164,7040),(2081,4235)
33,(4538,4334),(9494,4061),(6754,809),(1261,6089),(9200,2783),(5928,1103),(3841,462),(12969,2433),(8504,3466),(6768,2952),(13385,6967),(11640,7789),(4264,6115),(8372,279),(2491,7457),(14458,7715),(12969,2433),(9988,4890),(7398,4717),(13157,5319),(5606,5497),(4113,2360),(216,414),(6750,7146),(6030,1890),(11880,198),(1710,2240),(9384,7153),(9166,6923),(2033,3993)
34,(4440,4291),(9180,4086),(6673,1133),(1305,6419),(9436,2746),(5815,826),(3938,686),(12845,2437),(8207,3315),(6804,2776),(13520,6941),(11605,7457),(4525,6247),(8705,255),(2484,7110),(14499,7384),(12845,2437),(9973,5223),(7399,4606),(13050,5346),(5594,5830),(4326,2492),(246,745),(6750,7479),(6131,2092),(11880,531),(1691,2125),(9717,7163),(9174,6590),(1968,3666)
35,(4436,4290),(9512,4060),(6517,1364),(1276,6204),(9765,2694),(5796,936),(3798,360),(12512,2448),(7910,3164),(7128,2844),(13847,6877),(11579,7219),(4570,6577),(8470,272),(2817,7110),(14539,7053),(12512,2448),(9846,5458),(7410,4273),(13158,5318),(5582,6163),(4594,2557),(277,1077),(6750,7812),(6079,1989),(11880,535),(1745,2454),(10050,7174),(9124,6316),(2016,3908)
36,(4542,4335),(9844,4034),(6624,1332),(1232,5874),(10094,2642),(5812,847),(3929,666),(12179,2459),(8095,3258),(7114,3177),(13930,6861),(11615,7550),(4616,6907),(8262,399),(3150,7110),(14510,7295),(12179,2459),(9846,5792),(7410,4270),(13266,5292),(5303,6216),(4595,2569),(306,1386),(6916,7956),(6012,2214),(11880,198),(1799,2783),(10304,7292),(8791,6308),(2081,4235)
37,(4338,4248),(9605,4053),(6496,1371),(1261,6089),(9968,2662),(5933,1110),(3850,482),(11858,2462),(8392,3409),(6952,3433),(13603,6925),(11650,7882),(4755,7110),(8262,732),(3510,7110),(14469,7626),(11858,2462),(9827,6141),(7399,4603),(13157,5319),(5093,6249),(4590,2250),(275,1054),(7250,7956),(5689,2297),(11880,531),(1860,3116),(10332,7650),(8478,6300),(2113,4542)
38,(4538,4334),(9272,4078),(6390,1404),(1305,6419),(9639,2714),(5954,1278),(3885,564),(11525,2452),(8689,3560),(7005,3568),(13302,6984),(11640,7789),(4966,7110),(8262,1065),(3176,7110),(14428,7957),(11525,2452),(9976,6306),(7120,4662),(13050,5346),(5238,6043),(4534,2499),(244,722),(7422,7791),(5519,2173),(11880,535),(1924,3443),(10306,7317),(8460,6642),(2151,4882)
39,(4440,4291),(9401,4068),(6650,1224),(1589,6442),(9309,2766),(5616,1278),(3894,584),(11335,2286),(8603,3517),(6913,3686),(12970,7018),(11605,7457),(4644,7110),(8268,1424),(2843,7110),(14445,7825),(11335,2286),(10242,6262),(6786,4662),(13158,5318),(5155,5741),(4201,2487),(216,414),(7435,7486),(5452,1908),(11880,198),(1940,3526),(10313,7403),(8128,6608),(2356,5146)
40,(4436,4290),(9733,4043),(6731,900),(1919,6397),(9183,2608),(5693,1585),(3841,462),(11526,2153),(8306,3365),(7036,3621),(12638,7053),(11579,7219),(4672,7442),(8288,1757),(2484,7110),(14485,7494),(11526,2153),(10242,5922),(6453,4662),(13266,5292),(5005,5472),(4122,2250),(246,745),(7384,7156),(5141,1871),(12213,186),(1876,3199),(10220,7650),(8081,6883),(2186,5111)
41,(4542,4335),(9715,4044),(6831,910),(2249,6352),(9198,2284),(5940,1808),(3938,686),(11859,2144),(8009,3214),(7209,3383),(12307,7087),(11615,7550),(4700,7774),(8287,1741),(2152,7078),(14526,7163),(11859,2144),(9911,5967),(6667,4662),(13157,5319),(4691,5584),(4215,2488),(277,1077),(7102,7135),(5239,1908),(12546,175),(1818,2898),(9887,7650),(8069,7201),(2187,5114)
42,(4338,4248),(9383,4070),(6830,907),(2580,6308),(9198,1951),(5865,1740),(3798,360),(12173,2131),(7996,3207),(7258,3285),(11975,7122),(11650,7882),(4701,7789),(8267,1408),(1916,7276),(14448,6883),(12173,2131),(9846,5698),(7001,4662),(13050,5346),(4626,5814),(4548,2500),(306,1386),(6750,7146),(5510,1963),(12879,164),(1881,3225),(9538,7650),(8104,7532),(1918,5173)
43,(4538,4334),(9186,4196),(6831,910),(2889,6164),(9198,1617),(5644,1492),(3929,666),(12506,2114),(8293,3358),(7110,3582),(11644,7156),(11886,8012),(4673,7457),(8275,1535),(1688,7519),(14512,6974),(12506,2114),(9846,5364),(7334,4662),(13158,5318),(4710,5577),(4613,2791),(275,1054),(6743,6812),(5524,2296),(12969,439),(1945,3552),(9205,7650),(8095,7446),(1585,5182)
44,(4440,4291),(9183,4502),(6883,1228),(3151,5962),(9198,1716),(5630,1388),(3850,482),(12839,2098),(8590,3510),(6879,3506),(11510,6893),(12219,8017),(4644,7110),(8295,1868),(1586,7815),(14513,6976),(12839,2098),(9846,5569),(7675,4662),(13266,5292),(5024,5465),(4513,2989),(244,722),(6736,6479),(5514,2062),(12974,572),(1919,3417),(9153,7372),(8008,7144),(1825,5176)
45,(4755,4334),(9184,4496),(6889,1128),(3483,5991),(9198,2049),(5629,1382),(3885,564),(12939,2093),(8702,3567),(7110,3276),(11434,6568),(12552,8021),(4672,7442),(8275,2184),(1574,7717),(14449,6885),(12939,2093),(9846,5903),(8009,4662),(13157,5319),(5238,5243),(4513,2983),(216,414),(6734,6393),(5341,1908),(12962,239),(1855,3090),(9158,7257),(7675,7135),(2158,5167)
46,(5059,4298),(9184,4170),(7170,1090),(3615,6002),(9198,2284),(5838,1278),(3894,584),(12606,2109),(8405,3416),(6874,3511),(11388,6372),(12886,8025),(4700,7774),(8095,2352),(1755,7447),(14523,7185),(12606,2109),(9815,6252),(8064,4384),(13050,5346),(5377,4986),(4444,3147),(246,745),(6741,6726),(5058,1800),(12682,171),(1707,2909),(9146,7590),(7388,7182),(1918,5173)
47,(5395,4325),(9401,4068),(7431,1225),(3283,5974),(9198,1951),(5954,1278),(3841,462),(12273,2126),(8108,3264),(6591,3670),(11464,6696),(13219,8030),(4701,7789),(7740,2340),(1983,7204),(14483,7516),(12273,2126),(10087,6311),(8049,4159),(13158,5318),(5669,4817),(4130,3186),(277,1077),(6748,7059),(5013,1469),(12349,182),(1376,2944),(9421,7650),(7439,7512),(1585,5182)
48,(5574,4520),(9733,4043),(7428,1203),(3262,5972),(9198,1617),(5616,1278),(3938,686),(11952,2142),(7897,3157),(6275,3716),(11540,7021),(13552,8034),(4673,7457),(7434,2376),(2206,6940),(14442,7847),(11952,2142),(10075,6311),(8071,4492),(13266,5292),(5886,4554),(4131,3183),(306,1386),(6745,6923),(4875,1275),(12016,193),(1044,2980),(9611,7815),(7418,7376),(1825,5176)
49,(5704,4437),(9715,4044),(7416,893),(3594,6000),(9198,1716),(5949,1278),(3798,360),(12284,2125),(8194,3308),(5964,3799),(11536,7001),(13886,8039),(4644,7110),(7102,2345),(2134,7035),(14306,8044),(12284,2125),(9865,6302),(8092,4828),(13157,5319),(5940,4453),(4113,3293),(275,1054),(6738,6590),(4545,1320),(11880,420),(713,3015),(9612,7826),(7388,7182),(2158,5167)
50,(5760,4369),(9383,4070),(7422,553),(3504,5993),(9198,2049),(6288,1278),(3929,666),(12617,2109),(8491,3459),(5895,3613),(11460,6677),(14219,8043),(4672,7442),(6842,2377),(1916,7276),(13973,8040),(12617,2109),(10198,6316),(8114,5160),(13050,5346),(5994,4356),(4112,3296),(244,722),(6732,6282),(4215,1365),(11880,646),(583,2806),(9611,7815),(7439,7512),(2338,5178)
51,(5562,4608),(9290,4077),(7431,325),(3172,5964),(9194,2395),(6490,1071),(3682,757),(12950,2092),(8802,3618),(5935,3282),(11384,6352),(14431,7935),(4700,7774),(6911,2677),(1688,7519),(13640,8035),(12950,2092),(10242,6040),(8100,4942),(13158,5318),(6030,4050),(3852,3330),(216,414),(6405,6216),(4072,1552),(11880,313),(512,2480),(9612,7826),(7672,7619),(2361,5181)
52,(5775,4351),(9623,4051),(7418,658),(2899,6154),(9183,2608),(6624,738),(3350,781),(12828,2098),(8504,3466),(5976,2952),(11439,6588),(14472,7604),(4701,7789),(6912,2677),(1679,7528),(13306,8031),(12828,2098),(10242,6144),(8078,4606),(13266,5292),(6325,3895),(3518,3330),(246,745),(6094,6222),(4081,1885),(11657,201),(442,2155),(9611,7815),(8004,7655),(2197,4987)
53,(5689,4454),(9826,4036),(7427,442),(2889,6164),(9194,2395),(6546,413),(3017,804),(12495,2115),(8207,3315),(6309,2940),(11515,6913),(14512,7274),(4673,7457),(7020,2704),(1907,7285),(12973,8027),(12495,2115),(10075,6311),(8056,4273),(13157,5319),(6621,3789),(3715,3330),(277,1077),(5761,6237),(4081,1903),(11324,207),(490,2377),(9612,7826),(7897,7644),(2124,4662)
54,(5592,4714),(9494,4061),(7427,436),(3056,5997),(9183,2608),(6293,288),(2685,828),(12162,2131),(7910,3164),(6516,2822),(11561,7109),(14537,7075),(4644,7110),(6714,2579),(2161,7079),(12640,8022),(12162,2131),(9816,6244),(8056,4270),(13050,5346),(6733,3757),(3820,3110),(306,1386),(5746,6238),(4072,1570),(10991,213),(560,2703),(9760,7650),(7565,7608),(2199,4989)
55,(5465,4913),(9180,4086),(7418,664),(2821,6232),(9194,2395),(5960,288),(2352,851),(12062,2136),(8095,3258),(6339,2582),(11485,6785),(14496,7405),(4672,7442),(6426,2411),(2484,7110),(12307,8018),(12062,2136),(9839,6031),(8078,4602),(13158,5318),(6408,3852),(3821,3116),(275,1054),(6079,6223),(4072,1552),(11094,212),(630,3024),(10094,7650),(7418,7376),(2338,5178)
56,(5194,5004),(9198,4392),(7431,331),(2968,6085),(9183,2608),(5832,510),(2025,931),(12395,2120),(8392,3409),(6516,2718),(11409,6460),(14455,7736),(4700,7774),(6527,2470),(2152,7078),(11973,8014),(12395,2120),(9816,6244),(8064,4384),(13266,5292),(6728,3758),(3962,3337),(244,722),(6426,6220),(4081,1885),(11427,206),(708,3347),(10323,7539),(7388,7182),(2168,5001)
57,(5221,4769),(9180,4086),(7422,547),(2978,6075),(9194,2395),(5832,626),(2006,940),(12728,2103),(8689,3560),(6326,2571),(11413,6480),(14418,8046),(4701,7789),(6815,2638),(2268,6858),(11664,8010),(12728,2103),(9839,6031),(7990,4104),(13157,5319),(7036,3621),(3937,3336),(216,414),(6732,6282),(4081,1903),(11760,200),(787,3671),(10296,7182),(7439,7512),(2356,5146)
58,(4977,4625),(9512,4060),(7422,553),(2811,6242),(9172,2718),(5832,288),(2025,931),(13050,2088),(9024,3618),(6516,2829),(11489,6804),(14458,7715),(4673,7457),(6843,2386),(2068,7114),(11628,7678),(13050,2088),(9754,6301),(7657,4104),(13050,5346),(7209,3383),(3820,3110),(246,745),(6405,6216),(4072,1570),(11657,201),(1032,3752),(10321,7514),(7419,7815),(2197,4987)
59,(5004,4302),(9844,4034),(7431,325),(3046,6007),(9169,2735),(5832,621),(2006,940),(12717,2104),(9357,3618),(6293,2941),(11565,7129),(14499,7384),(4644,7110),(6840,2044),(1840,7357),(11593,7347),(12717,2104),(9421,6311),(7527,4104),(13158,5318),(7258,3285),(3632,2969),(277,1077),(6644,6264),(4072,1552),(11324,207),(1130,3748),(10314,7428),(7422,7791),(2251,5171)
60,(5343,4304),(9605,4053),(7418,658),(2819,5933),(9195,2386),(5796,936),(2025,931),(12384,2120),(9690,3618),(5976,2952),(11510,6893),(14539,7053),(4672,7442),(6840,1728),(1612,7600),(11591,7329),(12384,2120),(9178,6206),(7860,4104),(13266,5292),(7110,3582),(3471,3153),(306,1386),(6514,6238),(4081,1885),(10991,213),(810,3762),(10304,7292),(7435,7705),(2276,5066)
61,(5472,4356),(9272,4078),(7416,997),(2487,5903),(9182,2617),(5832,626),(2006,940),(12051,2137),(10024,3618),(6309,2940),(11434,6568),(14449,6885),(4700,7774),(6506,1719),(1602,7938),(11626,7661),(12051,2137),(9172,5873),(8056,4270),(13157,5319),(7010,3906),(3312,3348),(275,1054),(6535,6242),(4081,1903),(11094,212),(1143,3748),(10332,7650),(7406,7901),(2277,5067)
62,(5125,4294),(9401,4068),(7416,893),(2155,5873),(9195,2386),(5832,288),(2025,931),(12173,2131),(9929,3618),(6626,2941),(11363,6263),(14448,6883),(4701,7789),(6173,1711),(1603,7609),(11664,8010),(12173,2131),(9166,5540),(8078,4602),(13050,5346),(7013,3886),(3146,3584),(244,722),(6623,6260),(4072,1570),(11427,206),(1019,3753),(10306,7317),(7452,7596),(2560,5193)
63,(5225,4288),(9733,4043),(7422,553),(1823,5843),(9198,2062),(6165,288),(1801,1166),(12506,2114),(9596,3618),(6601,2940),(11290,5938),(14140,6840),(4673,7457),(5976,1476),(1831,7366),(11628,7678),(12506,2114),(9106,5254),(8099,4939),(13158,5318),(6742,3852),(3280,3759),(216,414),(6316,6212),(4072,1552),(11760,200),(921,3757),(10073,7174),(7783,7631),(2893,5211)
64,(5598,4356),(9715,4044),(7431,325),(1717,5706),(9198,1728),(6516,288),(1695,1482),(12839,2098),(9263,3618),(6737,2949),(11218,5613),(14262,6840),(4644,7110),(6175,1711),(2059,7123),(11593,7347),(12839,2098),(8773,5242),(8062,5222),(13266,5292),(6678,4050),(3613,3753),(246,745),(5983,6227),(4081,1885),(11657,201),(1242,3744),(9740,7164),(8118,7668),(3208,5226)
65,(5507,4598),(9383,4070),(7418,658),(1717,5706),(9198,1605),(6182,288),(1690,1497),(12939,2093),(8929,3618),(6750,2765),(11142,5274),(14513,6976),(4672,7442),(6508,1719),(2382,7100),(11591,7329),(12939,2093),(8440,5231),(7729,5240),(13157,5319),(6984,4050),(3947,3747),(277,1077),(5650,6242),(4081,1903),(11324,207),(1264,4076),(9407,7153),(7786,7632),(3529,5234)
66,(5179,4572),(9186,4196),(7416,997),(1913,5851),(9198,1938),(5832,288),(1796,1181),(12606,2109),(8603,3517),(7076,2833),(10809,5256),(14449,6885),(4700,7774),(6840,1728),(2262,7088),(11626,7661),(12606,2109),(8118,5220),(7378,5254),(13050,5346),(6678,4050),(4306,3749),(306,1386),(5303,6216),(4072,1570),(10991,213),(1114,4297),(9273,7149),(7452,7596),(3862,5213)
67,(5152,4572),(9308,4399),(7447,1335),(2245,5881),(9198,2271),(5832,621),(1801,1166),(12273,2126),(8306,3365),(6856,2787),(10458,5238),(14448,6883),(4701,7789),(6506,1719),(2206,6940),(11664,8010),(12273,2126),(7785,5237),(7045,5242),(13158,5318),(6753,3852),(4644,3762),(275,1054),(4984,6256),(4072,1552),(11094,212),(1009,4317),(9606,7160),(7401,7266),(4093,5041)
68,(5429,4428),(9641,4421),(7729,1349),(2577,5911),(9198,2062),(5796,936),(1695,1482),(11952,2142),(8009,3214),(6516,2718),(10124,5250),(14140,6840),(4673,7457),(6173,1711),(2134,7035),(11628,7678),(11952,2142),(7434,5256),(6712,5231),(13266,5292),(7075,3856),(4310,3750),(244,722),(4654,6210),(4081,1885),(11427,206),(1223,4276),(9939,7170),(7546,7132),(4056,5257)
69,(5582,4465),(9974,4443),(8061,1327),(2909,5941),(9198,1728),(5832,626),(1654,1821),(12284,2125),(7996,3207),(6326,2571),(10138,5249),(14262,6840),(4644,7110),(5976,1476),(1916,7276),(11593,7347),(12284,2125),(7100,5244),(6372,5220),(13157,5319),(7407,3884),(4140,3910),(216,414),(4579,5978),(4081,1903),(11760,200),(900,4338),(10296,7182),(7879,7141),(4092,5588)
70,(5668,4479),(9730,4427),(8151,1321),(3262,5972),(9198,1605),(5832,288),(1662,1905),(12617,2109),(8293,3358),(6516,2829),(10458,5238),(14513,6976),(4672,7442),(6304,1418),(1688,7519),(11591,7329),(12617,2109),(6767,5233),(6405,4888),(13050,5346),(7729,3888),(4140,4244),(246,745),(4554,5634),(4072,1570),(11657,201),(970,4663),(9962,7171),(7897,7141),(4079,5467)
71,(5796,4326),(9398,4405),(7818,1343),(3594,6000),(9198,1938),(6165,288),(1643,1711),(12950,2092),(8590,3510),(6293,2941),(10446,4904),(14510,7295),(4700,7774),(6171,1442),(1586,7815),(11626,7661),(12950,2092),(6434,5222),(6130,4860),(13158,5318),(8063,3888),(4140,4006),(277,1077),(4258,5787),(4072,1552),(11324,207),(1211,4765),(9629,7160),(7564,7132),(3994,5205)
72,(5583,4582),(9183,4502),(7485,1365),(3504,5993),(9198,2271),(6516,288),(1674,2016),(12828,2098),(8702,3567),(5976,2952),(10434,4571),(14469,7626),(4882,7949),(6034,1570),(1574,7717),(11664,8010),(12828,2098),(6649,5229),(5796,4860),(13266,5292),(8303,3833),(4084,3744),(306,1386),(4104,5688),(4081,1885),(10991,213),(1566,4788),(9296,7150),(7546,7132),(3661,5226)
73,(5326,4755),(9162,4828),(7729,1349),(3172,5964),(9182,2617),(6404,288),(1640,1684),(12495,2115),(8405,3416),(5935,3282),(10422,4230),(14428,7957),(5215,7936),(6178,1866),(1602,7938),(11628,7678),(12495,2115),(6982,5240),(5739,4731),(13157,5319),(8299,3816),(3751,3750),(275,1054),(4104,5688),(4081,1903),(11094,212),(1233,4767),(9384,7153),(7879,7141),(3640,5227)
74,(5012,4695),(9162,5162),(8061,1327),(3372,5981),(9195,2386),(6071,288),(1665,1932),(12162,2131),(8108,3264),(5894,3613),(10088,4230),(14445,7825),(5548,7922),(6295,2195),(1603,7609),(11593,7347),(12162,2131),(7315,5251),(5939,4456),(13050,5346),(8208,3638),(3417,3756),(244,722),(4144,6029),(4072,1570),(11427,206),(966,4643),(9717,7163),(7897,7141),(3973,5206)
75,(4930,4892),(9162,5033),(8151,1321),(3726,6012),(9182,2617),(5832,399),(1651,1794),(11840,2145),(7897,3157),(5894,3941),(10176,4230),(14485,7494),(5338,7931),(6479,2442),(1831,7366),(11591,7329),(11840,2145),(7211,5248),(6019,4135),(13158,5318),(7888,3545),(3169,3761),(216,414),(4424,6163),(4072,1552),(11760,200),(900,4338),(10050,7174),(7564,7132),(4106,4948)
76,(4717,4881),(9162,4700),(7818,1343),(3393,5983),(9195,2386),(5832,738),(1654,1821),(11507,2154),(8194,3308),(5699,4050),(10310,4230),(14526,7163),(5005,7944),(6767,2610),(2059,7123),(11626,7661),(11507,2154),(6878,5237),(5810,4050),(13266,5292),(7800,3557),(3502,3755),(246,745),(4579,5978),(4081,1885),(11880,420),(970,4663),(10304,7292),(7546,7132),(4123,4615)
77,(4930,4892),(9162,4939),(7485,1365),(3151,5962),(9198,2062),(5815,826),(1662,1905),(11330,2267),(8491,3459),(5616,4050),(9954,4230),(14448,6883),(4711,7900),(6666,2551),(2268,6858),(11664,8010),(11330,2267),(6545,5225),(5601,3939),(13157,5319),(8096,3605),(3836,3749),(277,1077),(4554,5634),(4081,1903),(11935,701),(1033,4969),(10332,7650),(7879,7141),(4140,4284)
78,(4717,4881),(9162,5256),(7729,1349),(3483,5991),(9198,1728),(5796,936),(1643,1711),(11335,2286),(8802,3618),(5524,3780),(10287,4230),(14140,6840),(4683,7568),(6378,2383),(1938,6906),(11628,7678),(11335,2286),(6388,5054),(5413,3780),(13050,5346),(8299,3816),(4084,3744),(306,1386),(4867,5521),(4072,1570),(12268,695),(1058,5093),(10306,7317),(7897,7141),(4123,4616)
79,(5035,4920),(9162,4922),(8061,1327),(3691,5906),(9198,1605),(6002,1197),(1674,2016),(11255,1943),(9135,3618),(5166,3780),(10199,4230),(14262,6840),(4654,7236),(6575,2498),(1608,6954),(11593,7347),(11255,1943),(6397,4749),(5166,3668),(13158,5318),(8038,3888),(3751,3750),(363,1714),(5079,5562),(4072,1552),(12602,690),(990,4752),(10313,7403),(7564,7132),(4106,4949)
80,(5274,4788),(9162,4717),(8151,1321),(3588,5589),(9198,1938),(5928,1103),(1640,1684),(11183,1617),(9468,3618),(5166,3446),(10065,4230),(14513,6976),(4662,7331),(6858,2664),(1513,6967),(11591,7329),(11183,1617),(6408,4860),(5166,3330),(13266,5292),(7704,3888),(3417,3756),(420,2042),(5238,5886),(4081,1885),(12935,684),(1055,5078),(10323,7539),(7546,7132),(4117,4726)
81,(4968,4680),(9162,5050),(7818,1343),(3485,5272),(9198,2271),(5815,826),(1665,1932),(11111,1292),(9802,3618),(5152,3112),(10422,4230),(14510,7295),(4691,7663),(6570,2495),(1843,6919),(11626,7661),(11111,1292),(6741,4853),(5160,3001),(13157,5319),(7442,3942),(3123,3707),(490,2377),(5121,5682),(4081,1903),(12968,406),(1036,4984),(10296,7182),(7879,7141),(4134,4393)
82,(5208,4572),(9162,5144),(7485,1365),(3751,5220),(9198,2062),(5796,936),(1651,1794),(11038,966),(10152,3618),(5162,2767),(10433,4563),(14469,7626),(4711,7900),(6322,2304),(2173,6871),(11664,8010),(11038,966),(7074,4847),(5159,2656),(13050,5346),(7250,4083),(3186,3366),(560,2703),(5238,5997),(4072,1570),(12963,273),(1011,4860),(10321,7514),(7897,7141),(4128,4505)
83,(5457,4380),(9162,4811),(7416,1116),(4103,5215),(9198,1728),(6002,1197),(1690,1497),(10966,641),(9818,3618),(5154,2434),(10445,4896),(14428,7957),(4683,7568),(6223,1985),(2134,7035),(11628,7678),(10966,641),(7398,4842),(5152,2323),(13258,5181),(6993,3995),(3464,3222),(630,3024),(5130,6239),(4040,1221),(12975,606),(1080,5202),(10314,7428),(7564,7132),(4112,4838)
84,(5444,4403),(9162,4828),(7444,1313),(4114,5030),(9198,1605),(6288,1278),(1796,1181),(10894,316),(9485,3618),(5148,2124),(10458,5238),(14445,7825),(4654,7236),(6139,1762),(2268,6858),(11593,7347),(10894,316),(7064,4848),(5150,2235),(13235,4848),(7186,3865),(3196,3186),(559,2698),(5238,6210),(3985,892),(12992,961),(1413,5189),(10184,7178),(7546,7132),(4112,4837)
85,(5234,4572),(9162,5162),(7431,1225),(4194,5238),(9198,1938),(6490,1071),(2006,940),(10920,432),(9152,3618),(5155,2457),(10790,5255),(14485,7494),(4662,7331),(6256,2074),(2139,7029),(11591,7329),(10920,432),(6731,4854),(5157,2568),(13212,4516),(7442,3942),(3132,2916),(489,2372),(5238,5886),(3894,584),(13009,1294),(1558,4962),(9851,7167),(7879,7141),(4128,4504)
86,(4993,4461),(9162,5033),(7618,1356),(3883,5212),(9198,2271),(6624,738),(2025,931),(10992,758),(8802,3618),(5162,2790),(11142,5274),(14526,7163),(4691,7663),(6012,2214),(2158,6874),(11626,7661),(10992,758),(6408,4860),(5165,2901),(13189,4183),(7250,4083),(3120,2605),(443,2160),(5083,5579),(3841,462),(13026,1627),(1558,4954),(9518,7157),(7897,7141),(4140,4172)
87,(5170,4291),(9162,4700),(7950,1334),(3550,5233),(9182,2617),(6500,1047),(2006,940),(11064,1083),(8504,3466),(5047,2861),(10809,5256),(14448,6883),(4711,7900),(5689,2297),(1828,6922),(11664,8010),(11064,1083),(6400,4772),(5022,2736),(13166,3850),(6928,4050),(3104,2279),(513,2486),(5202,5285),(3938,686),(13043,1960),(1553,5073),(9162,7146),(7564,7132),(4140,3839)
88,(5070,4297),(9162,4939),(8262,1314),(3196,5226),(9195,2386),(6449,1174),(2025,931),(11137,1409),(8207,3315),(5009,2611),(10458,5238),(14140,6840),(4683,7568),(5687,2298),(1498,6970),(11628,7678),(11137,1409),(6630,4855),(5022,2736),(13143,3518),(6668,3995),(3207,2070),(584,2811),(5334,5022),(3798,360),(13038,1866),(1563,4843),(9495,7156),(7546,7132),(4362,3751)
89,(5292,4284),(9162,5256),(7929,1336),(3208,5226),(9182,2617),(6573,865),(2006,940),(11209,1734),(7910,3164),(4799,2736),(10790,5255),(14262,6840),(4654,7236),(6012,2214),(1623,6951),(11593,7347),(11209,1734),(6963,4849),(4688,2736),(13120,3185),(6475,3852),(3349,2250),(656,3131),(5634,4860),(3929,666),(13021,1533),(1548,5184),(9828,7167),(7879,7141),(4699,3763)
90,(5000,4357),(9162,4922),(7596,1358),(3418,5235),(9195,2386),(6541,944),(2025,931),(11281,2059),(7688,3359),(4623,2901),(11142,5274),(14251,6840),(4662,7331),(5689,2297),(1953,6903),(11591,7329),(11281,2059),(7296,4843),(4628,2989),(13097,2853),(6674,3774),(3458,2471),(735,3455),(5616,5220),(3850,482),(13004,1200),(1563,4851),(10161,7177),(7897,7141),(5032,3775)
91,(4993,4461),(9162,4717),(7618,1356),(3085,5221),(9198,2062),(6408,1278),(2006,940),(11255,1943),(7506,3618),(4638,3211),(10809,5256),(14151,6840),(4691,7663),(5531,2506),(2268,6858),(11626,7661),(11255,1943),(7398,4717),(4644,3330),(13074,2520),(6680,3772),(3456,2779),(810,3762),(5604,5553),(3885,564),(12987,867),(1553,5065),(10313,7403),(7564,7132),(4943,3772)
92,(4838,4323),(9162,5050),(7950,1334),(3319,5231),(9198,1728),(6531,968),(2025,931),(11183,1617),(7697,3345),(4865,3343),(10458,5238),(14362,6840),(4711,7900),(5541,2839),(2139,7029),(11664,8010),(11183,1617),(7175,4846),(4938,3292),(13056,2208),(6358,3877),(3456,2530),(731,3438),(5592,5886),(3894,584),(12972,517),(1558,4962),(10323,7539),(7546,7132),(4699,3763)
93,(4597,4411),(9162,5144),(8262,1314),(3307,5231),(9198,1605),(6582,841),(2006,940),(11111,1292),(7816,3177),(4937,3296),(10790,5255),(14040,6840),(4683,7568),(5535,2638),(2158,6874),(11628,7678),(11111,1292),(6842,4852),(4876,3344),(13061,2309),(6063,4032),(3474,2250),(652,3114),(5580,6246),(3841,462),(12960,162),(1558,4954),(10296,7182),(7879,7141),(5032,3775)
94,(4643,4741),(9162,4811),(7929,1336),(3042,5275),(9198,1938),(6458,1150),(2025,931),(11038,966),(7624,3450),(4644,3330),(11142,5274),(14373,6840),(4654,7236),(5523,2284),(1828,6922),(11593,7347),(11038,966),(6509,4858),(4533,3336),(13056,2208),(5881,3888),(3294,2070),(583,2806),(5591,5912),(3938,686),(12971,495),(1553,5073),(10321,7514),(8081,7311),(5388,3780)
95,(4700,5096),(9162,4828),(7596,1358),(2931,5520),(9198,2271),(6490,1071),(2006,940),(10966,641),(7569,3527),(4388,3303),(10809,5256),(14140,6840),(4866,7110),(5509,1951),(1498,6970),(11591,7329),(10966,641),(6385,5081),(4454,3213),(13061,2309),(6129,3741),(3100,2181),(512,2480),(5603,5579),(3798,360),(12972,517),(1620,4775),(10314,7428),(8118,7668),(5580,3613)
96,(4494,5206),(9162,5162),(7428,1203),(2600,5556),(9198,2062),(6624,738),(2025,931),(10894,316),(7761,3254),(4401,3284),(10458,5238),(14262,6840),(4855,7110),(5230,1908),(1623,6951),(11626,7661),(10894,316),(6372,5386),(4573,2934),(13056,2208),(6450,3699),(3114,2502),(442,2155),(5616,5220),(3929,666),(12960,162),(1945,4702),(10304,7292),(8083,7336),(5580,3367)
97,(4249,5232),(9162,5033),(7194,1093),(2268,5592),(9198,1728),(6500,1047),(2006,940),(10920,432),(7752,3268),(4467,3194),(10790,5255),(14251,6840),(4653,7220),(5461,1908),(1953,6903),(11664,8010),(10920,432),(6372,5720),(4570,2934),(12828,2098),(6750,3590),(3187,2778),(490,2377),(5274,5202),(3850,482),(12971,495),(2144,4827),(10332,7650),(8081,7311),(5580,3700)
98,(4580,5197),(9162,4700),(6890,1117),(1937,5629),(9198,1605),(6449,1174),(2025,931),(10992,758),(7560,3540),(4522,3337),(11142,5274),(14151,6840),(4681,7552),(5230,1908),(2268,6858),(11628,7678),(10992,758),(6372,6053),(4610,2768),(12495,2115),(6997,3388),(3456,2752),(560,2703),(4932,5184),(3885,564),(12972,517),(2132,4729),(10306,7317),(8118,7668),(5580,3502)
99,(4494,5206),(9162,4939),(6882,1239),(1838,5639),(9198,1938),(6573,865),(2006,940),(11064,1083),(7722,3636),(4422,3343),(10809,5256),(14362,6840),(4709,7884),(5043,1689),(2161,7079),(11593,7347),(11064,1083),(6535,6242),(4590,2446),(12162,2131),(7116,3109),(3459,2446),(630,3024),(5164,4924),(3894,584),(12960,162),(2160,4950),(10313,7403),(8083,7336),(5580,3478)
100,(4249,5232),(9162,5256),(7059,1079),(2169,5603),(9198,2271),(6572,521),(2025,931),(11137,1409),(7722,3636),(4467,3194),(10458,5238),(14040,6840),(4993,7944),(4999,1359),(2484,7110),(11591,7329),(11137,1409),(6623,6260),(4478,2250),(12062,2136),(7074,2859),(3362,2250),(559,2698),(5169,4918),(3841,462),(12971,495),(2069,4674),(10220,7650),(8081,7311),(5580,3724)
101,(4580,5197),(9162,4922),(7416,1116),(2501,5567),(9198,2062),(6642,270),(2006,940),(11209,1734),(7569,3527),(4522,3337),(10790,5255),(14373,6840),(5326,7931),(5015,1480),(2152,7078),(11626,7661),(11209,1734),(6372,6154),(4122,2250),(12395,2120),(6768,2952),(3182,2070),(489,2372),(5377,4986),(3938,686),(12811,686),(1744,4747),(9887,7650),(8118,7668),(5580,3391)
102,(4494,5206),(9162,4717),(7084,1081),(2832,5530),(9198,1728),(6725,592),(2025,931),(11281,2059),(7761,3254),(4865,3343),(11142,5274),(14140,6840),(5614,7864),(5058,1800),(2382,7100),(11664,8010),(11281,2059),(6372,5821),(4455,2250),(12728,2103),(6587,2732),(3105,2292),(443,2160),(5379,4984),(3798,360),(12478,692),(1728,4751),(9649,7650),(8083,7336),(5580,3589)
103,(4249,5232),(9162,5050),(6883,1228),(2931,5520),(9198,1605),(6726,594),(1801,1166),(11255,1943),(7752,3268),(5159,3274),(10809,5256),(14262,6840),(5605,7531),(5013,1469),(2262,7088),(11628,7678),(11255,1943),(6372,5487),(4590,2472),(13050,2088),(6282,2538),(3121,2612),(513,2486),(5237,5244),(3929,666),(12144,697),(2053,4677),(9982,7650),(8075,6979),(5602,3945)
104,(4580,5197),(9162,5144),(6854,1571),(2600,5556),(9198,1938),(6642,270),(1695,1482),(11183,1617),(7560,3540),(4950,3186),(10458,5238),(14251,6840),(5599,7309),(5000,1370),(2271,7089),(11593,7347),(11183,1617),(6316,5220),(4865,2537),(13068,2430),(6570,2728),(3297,2790),(584,2811),(5005,5472),(3850,482),(11935,701),(2160,4950),(10332,7650),(8097,6647),(5616,4050)
105,(4677,4965),(9162,4811),(6855,1562),(2268,5592),(9198,2271),(6516,288),(1654,1821),(11111,1292),(7633,3436),(5160,3278),(10790,5255),(14151,6840),(5608,7642),(5044,1700),(2373,7099),(11591,7329),(11111,1292),(5983,5220),(5022,2736),(13050,2088),(6768,2952),(3456,2641),(606,2915),(4691,5584),(3885,564),(12268,695),(2130,4717),(9998,7650),(8376,6633),(5508,4068)
106,(4883,4890),(9162,4828),(6865,1460),(1937,5629),(9198,2062),(6642,270),(1563,2024),(11038,966),(7825,3163),(5166,3607),(11142,5274),(14449,6885),(5671,7921),(5028,1579),(2161,7079),(11626,7661),(11038,966),(5649,5220),(5022,2736),(13068,2430),(6571,2937),(3456,2668),(536,2589),(4626,5814),(3894,584),(12602,690),(2178,5059),(9665,7650),(8238,6619),(5331,4244)
107,(4764,4883),(9162,5162),(6845,1672),(1706,5760),(9198,1728),(6516,288),(1230,2048),(10966,641),(7688,3359),(4999,3774),(10809,5256),(14448,6883),(6004,7932),(4986,1260),(2484,7110),(11664,8010),(10966,641),(5893,5220),(5164,2878),(13050,2088),(6730,2847),(3456,2641),(466,2263),(4626,5814),(3841,462),(12935,684),(2160,4950),(9871,7650),(8109,6439),(5616,4050)
108,(4883,4890),(9162,5033),(6876,1350),(1414,5821),(9198,1605),(6541,396),(898,2072),(10894,316),(7506,3618),(4644,3762),(10458,5238),(14140,6840),(6337,7942),(5030,1590),(2152,7078),(11628,7678),(10894,316),(6227,5220),(5157,2545),(13068,2430),(6855,2608),(3467,2335),(467,2268),(4406,5710),(3938,686),(12700,688),(2118,4606),(10205,7650),(8284,6290),(5922,4050)
109,(4968,4680),(9162,4700),(6679,1335),(1246,5979),(9198,1938),(6624,738),(565,2096),(10920,432),(7697,3345),(4977,3773),(10790,5255),(14262,6840),(6671,7953),(5043,1689),(2382,7100),(11593,7347),(10920,432),(6205,5220),(5149,2211),(12734,2440),(6895,2327),(3294,2194),(537,2594),(4104,5868),(3798,360),(12366,694),(2088,4266),(10109,7650),(8469,6466),(5851,4232)
110,(5274,4788),(9198,4392),(6987,1353),(1290,6309),(9198,2271),(6500,1047),(653,2089),(10992,758),(7816,3177),(4999,3774),(11142,5274),(14251,6840),(6750,7678),(4999,1359),(2706,7110),(11591,7329),(10992,758),(5872,5220),(5152,2346),(12401,2451),(7227,2357),(3349,2250),(607,2920),(4264,6115),(3929,666),(12033,699),(2022,3939),(9776,7650),(8468,6475),(5895,3942)
111,(4968,4680),(9180,4086),(7320,1363),(1291,6314),(9198,2062),(6296,1278),(986,2065),(11064,1083),(7624,3450),(4644,3762),(10809,5256),(14151,6840),(6750,7344),(5015,1480),(3039,7110),(11626,7661),(11064,1083),(5560,5217),(5160,2679),(12068,2462),(7544,2363),(3696,2250),(682,3239),(4464,6176),(3850,482),(12046,699),(1962,3636),(9427,7650),(8469,6466),(6077,3760)
112,(5274,4788),(9198,4392),(7420,1148),(1247,5984),(9198,1728),(5954,1278),(1318,2041),(11137,1409),(7484,3726),(4310,3750),(10458,5238),(14362,6840),(6639,7138),(5058,1800),(3372,7110),(11664,8010),(11137,1409),(5237,5244),(5164,2878),(12192,2458),(7735,2228),(4029,2250),(761,3563),(4158,6084),(3885,564),(12379,693),(2027,3962),(9145,7594),(8468,6475),(6395,3704)
113,(5054,5049),(9530,4414),(7139,1087),(1246,5979),(9160,1389),(5616,1278),(1674,2016),(11209,1734),(7285,3874),(4124,3578),(10124,5250),(14040,6840),(6534,7290),(5350,1908),(3515,7332),(11628,7678),(11209,1734),(5068,5508),(5157,2545),(12525,2447),(7722,1890),(4344,2250),(921,3757),(3928,6028),(3894,584),(12713,688),(2088,4266),(9157,7261),(8644,6304),(6386,3705)
114,(5098,5192),(9863,4436),(6851,959),(1290,6309),(9046,1076),(5693,1585),(1341,2040),(11281,2059),(7075,3856),(3993,3340),(9899,5276),(14373,6840),(6534,7290),(5341,1908),(3522,7665),(11593,7347),(11281,2059),(5204,5826),(5149,2211),(12858,2436),(7735,2223),(4590,2361),(1242,3744),(4104,5756),(3841,462),(12922,684),(1754,4266),(9154,7368),(8977,6312),(6284,3715)
115,(5292,5058),(9841,4434),(6741,863),(1343,6644),(8933,762),(5940,1808),(1009,2064),(11099,2245),(7407,3884),(3828,3165),(9918,5271),(14140,6840),(6646,7139),(5350,1908),(3525,7790),(11591,7329),(11099,2245),(5094,5634),(5152,2346),(13062,2319),(7962,2347),(4590,2335),(1264,4076),(4356,5573),(3938,686),(12589,690),(1421,4266),(9145,7594),(9068,6315),(6601,3665)
116,(5562,4870),(9509,4412),(6660,1187),(1404,6984),(8819,449),(5865,1740),(676,2088),(10791,2374),(7506,3618),(3687,2963),(10138,5249),(14262,6840),(6528,7131),(5341,1908),(3517,7457),(11626,7661),(10791,2374),(5094,5634),(5160,2679),(13055,2198),(8266,2302),(4590,2472),(1444,4266),(4348,5576),(3798,360),(12255,695),(1444,4266),(9157,7261),(8735,6306),(6879,3506)
117,(5810,4645),(9198,4392),(6464,1381),(1345,6655),(8637,260),(5693,1585),(542,2097),(10484,2503),(7442,3942),(3566,2976),(10458,5238),(14251,6840),(6498,7184),(5058,1800),(3510,7110),(11664,8010),(10484,2503),(5238,5941),(5161,2989),(13062,2319),(8293,1970),(4865,2537),(1778,4266),(4097,5632),(3929,666),(11922,701),(1778,4266),(9154,7368),(8533,6301),(7110,3276)
118,(5744,4725),(9530,4414),(6637,1278),(1343,6644),(8304,284),(5940,1808),(875,2073),(10188,2628),(7443,3939),(3687,2963),(10790,5255),(14151,6840),(6498,7184),(5013,1469),(3517,7443),(11628,7678),(10188,2628),(5184,6224),(4982,3183),(13055,2198),(8020,1899),(5022,2736),(2088,4266),(4061,5301),(3850,482),(11880,424),(2088,4266),(9146,7705),(8866,6309),(7123,2942)
119,(5739,4731),(9863,4436),(6718,954),(1404,6984),(8539,267),(5865,1740),(1207,2049),(10495,2499),(7425,4049),(3466,3098),(11142,5274),(14449,6885),(6498,7184),(5000,1370),(3525,7776),(11593,7347),(10495,2499),(5036,6430),(5042,3339),(13062,2319),(7666,1893),(4688,2736),(2421,4268),(3828,5215),(3885,564),(11880,309),(2421,4268),(9159,7936),(9180,6318),(7118,3066)
120,(5815,4639),(9841,4434),(6810,858),(1345,6655),(8637,260),(5693,1585),(1540,2025),(10802,2370),(7424,4052),(3383,3337),(10809,5256),(14448,6883),(6498,7184),(5044,1700),(3522,7679),(11591,7329),(10802,2370),(5029,6763),(5092,3173),(13055,2198),(7447,2019),(4570,2934),(2754,4271),(3474,5238),(3894,584),(11880,642),(2754,4271),(9146,7705),(8846,6309),(7114,3164)
121,(5669,4817),(9509,4412),(6851,959),(1291,6314),(8304,284),(5940,1808),(1452,2032),(11110,2241),(7462,3833),(3366,3340),(10458,5238),(14140,6840),(6750,7146),(5028,1579),(3515,7346),(11626,7661),(11110,2241),(5022,7110),(4932,3348),(13062,2319),(7434,2376),(4504,3094),(3087,4274),(3806,5217),(3841,462),(11880,424),(3087,4274),(9217,7992),(8513,6300),(7128,2844)
122,(5886,4554),(9198,4392),(6810,858),(1247,5984),(8539,267),(6129,2088),(1119,2056),(11330,2267),(7616,3627),(3362,3186),(10790,5255),(14262,6840),(6750,7479),(4986,1260),(3512,7221),(11664,8010),(11330,2267),(5029,6776),(5166,3441),(13055,2198),(7740,2340),(4681,2931),(3421,4277),(4079,5094),(3938,686),(11880,309),(3421,4277),(9550,7992),(8755,6307),(7452,2988)
123,(5674,4811),(9530,4414),(6851,959),(1185,5651),(8637,260),(6322,2303),(787,2080),(11542,2453),(7506,3618),(3153,3075),(11142,5274),(14513,6976),(6750,7812),(5030,1590),(3520,7554),(11628,7678),(11542,2453),(5036,6443),(5166,3780),(13062,2319),(8073,2351),(5014,2917),(3754,4280),(4050,5202),(3798,360),(11880,642),(3754,4280),(9600,7715),(9088,6315),(7775,2907)
124,(5379,4984),(9863,4436),(6810,858),(1109,5327),(8304,284),(6295,2195),(432,2106),(11875,2463),(7442,3942),(3294,2952),(10809,5256),(14362,6840),(6750,7789),(5142,1872),(3528,7902),(11593,7347),(11875,2463),(4874,6241),(4832,3768),(13055,2198),(8095,2352),(5010,2625),(4087,4283),(4086,5533),(3929,666),(11880,424),(4087,4283),(9316,7650),(8957,6312),(7740,2628)
125,(5462,4915),(9841,4434),(6851,959),(1130,5418),(8539,267),(6295,2196),(502,2431),(11747,2459),(7250,4083),(3293,2951),(10458,5238),(14040,6840),(6750,7456),(5461,1908),(3194,7902),(11591,7329),(11747,2459),(4518,6192),(4810,3767),(13062,2319),(7740,2340),(4910,2736),(4126,4561),(3977,5796),(3850,482),(11880,309),(4126,4561),(9149,7483),(8624,6303),(8082,2628)
126,(5292,5058),(9509,4412),(6810,858),(1207,5742),(8637,260),(6081,1992),(572,2757),(11414,2449),(6993,3995),(2965,2913),(10790,5255),(14373,6840),(6750,7146),(5519,2185),(2861,7902),(11626,7661),(11414,2449),(4609,5871),(5166,3780),(13055,2198),(7726,2006),(4613,2791),(4109,4894),(3726,6012),(3885,564),(11880,642),(4109,4894),(9162,7146),(8644,6304),(8118,2952)
127,(5440,5210),(9198,4392),(6851,959),(1160,5543),(8304,284),(5865,1740),(685,3018),(11304,2160),(6990,4015),(2632,2909),(11142,5274),(14140,6840),(6750,7479),(5687,2298),(2502,7902),(11664,8010),(11304,2160),(4549,6081),(5499,3780),(13062,2319),(7500,1904),(4792,2927),(4115,4782),(4010,5953),(3894,584),(11880,424),(4115,4782),(9150,7479),(8977,6312),(8082,2628)
128,(5449,5211),(9169,4606),(6741,863),(1080,5202),(8539,267),(5693,1585),(1016,2982),(11431,2449),(7259,4084),(2298,2904),(10809,5256),(14262,6840),(6750,7812),(6012,2214),(2168,7915),(11628,7678),(11431,2449),(4738,6222),(5580,3502),(13055,2198),(7441,2185),(5002,2918),(4131,4449),(3940,6018),(3841,462),(11880,309),(4131,4449),(9149,7483),(9068,6315),(7740,2628)
129,(5107,5193),(9308,4399),(6660,1187),(1413,5189),(8637,260),(5940,1808),(1348,2947),(11764,2459),(7443,3939),(1965,2900),(10458,5238),(14251,6840),(6750,7789),(6206,2300),(1835,7928),(11593,7347),(11764,2459),(5038,6319),(5580,3478),(13075,2540),(7268,2360),(4669,2932),(4140,4117),(3831,6047),(3938,686),(11880,642),(4140,4117),(9162,7146),(8735,6306),(8082,2628)
130,(4914,5346),(9641,4421),(6464,1381),(1325,5192),(8304,284),(5865,1740),(1679,2912),(11858,2462),(7506,3618),(1984,2900),(10790,5255),(14151,6840),(6750,7456),(6370,2605),(1713,7933),(11591,7329),(11858,2462),(5031,6652),(5580,3724),(13098,2873),(6936,2330),(4603,2680),(4140,3784),(3831,6047),(3798,360),(11880,424),(4140,3784),(9150,7479),(8475,6355),(8118,2952)
131,(5044,5061),(9974,4443),(6570,1348),(1191,5197),(8539,267),(5644,1492),(1652,2915),(11525,2452),(7442,3942),(2317,2904),(11142,5274),(14449,6885),(6750,7146),(6383,2616),(2046,7920),(11626,7661),(11525,2452),(5024,6986),(5580,3391),(13121,3205),(7061,2342),(4590,2335),(3862,3748),(3831,6047),(3929,666),(11880,309),(3862,3748),(9149,7483),(8404,6636),(8241,2961)
132,(5274,4788),(9730,4427),(6549,1354),(1548,5184),(8637,260),(5727,1278),(1320,2950),(11335,2286),(7443,3939),(2651,2909),(10809,5256),(14448,6883),(6535,7131),(6458,2673),(2379,7906),(11664,8010),(11335,2286),(5026,6887),(5437,3073),(13144,3538),(7393,2372),(4367,2250),(3528,3754),(3615,6002),(3850,482),(11880,642),(3528,3754),(9162,7146),(8100,6606),(8352,2970)
133,(5562,4608),(9398,4405),(6443,1387),(1214,5196),(8304,284),(6066,1278),(989,2985),(11099,2245),(7425,4049),(2984,2913),(10458,5238),(14140,6840),(6750,7257),(6460,2935),(2279,7910),(11628,7678),(11099,2245),(5033,6554),(5544,2916),(13167,3871),(7157,2350),(4233,2250),(3195,3760),(3283,5974),(3885,564),(12157,697),(3195,3760),(9495,7156),(8118,6282),(8118,2840)
134,(5590,4410),(9308,4399),(6464,1381),(1302,5193),(8539,267),(5732,1278),(657,3021),(10791,2374),(7484,3724),(3132,2772),(10124,5250),(13821,6882),(6750,7590),(6127,2946),(1946,7924),(11593,7347),(10791,2374),(5038,6319),(5876,2943),(13190,4203),(6840,2322),(4590,2250),(3391,3757),(3262,5972),(3894,584),(12491,691),(3391,3757),(9828,7167),(8100,6606),(7970,2628)
135,(5592,4714),(9641,4421),(6570,1348),(1659,5180),(8637,260),(5645,1498),(906,2994),(10484,2503),(7722,3636),(3111,2446),(9899,5276),(13494,6946),(6750,7923),(5955,3117),(1602,7938),(11591,7329),(10484,2503),(5031,6652),(5948,3172),(13213,4536),(7171,2352),(4256,2250),(3725,3751),(3594,6000),(3841,462),(12824,686),(3725,3751),(10161,7177),(8431,6639),(7768,2735)
136,(5625,5026),(9974,4443),(6549,1354),(1992,5171),(8304,284),(5857,1734),(1237,2959),(10188,2628),(7722,3636),(3097,2113),(9918,5271),(13411,6962),(7027,7956),(5915,3448),(1935,7924),(11626,7661),(10188,2628),(5024,6986),(5908,3503),(13236,4868),(7436,2320),(4104,2484),(4058,3745),(3835,6048),(3938,686),(12811,686),(4058,3745),(10073,7174),(8183,6614),(7769,2736)
137,(5449,5211),(9730,4427),(6691,1062),(2084,5169),(8539,267),(6079,1989),(1569,2924),(10495,2499),(7722,3636),(3107,2347),(9899,5276),(13738,6898),(7361,7956),(5874,3779),(2268,7911),(11664,8010),(10495,2499),(5026,6887),(5868,3834),(13259,5201),(7448,1987),(4437,2496),(4114,3467),(3504,5993),(3798,360),(12478,692),(4114,3467),(9740,7164),(8112,6384),(7797,2842)
138,(5292,5058),(9398,4405),(6768,756),(1751,5178),(8637,260),(6012,2214),(1762,2903),(10802,2370),(7722,3636),(3125,2668),(9918,5271),(14040,6840),(7439,7681),(6129,3741),(2499,7790),(11628,7678),(10802,2370),(5033,6554),(6174,3726),(13250,5070),(7722,1890),(4755,2523),(3882,3332),(3172,5964),(3929,666),(12144,697),(3882,3332),(9407,7153),(7895,6276),(7740,2628)
139,(5562,4870),(9191,4281),(6894,1062),(1659,5180),(8304,284),(6295,2195),(1431,2939),(11110,2241),(7990,3574),(3352,2796),(9846,5347),(13712,6903),(7419,7815),(6450,3699),(2491,7457),(11593,7347),(11110,2241),(5038,6319),(6505,3694),(13227,4737),(8055,1900),(5009,2611),(3812,3055),(2899,6154),(3850,482),(11935,701),(3812,3055),(9158,7257),(7562,6268),(8082,2628)
140,(5379,4984),(9186,4196),(6768,756),(1992,5171),(8539,267),(6295,2196),(1099,2974),(11415,2156),(8274,3708),(3456,2585),(9846,5680),(13385,6967),(7231,7956),(6750,3590),(2484,7110),(11591,7329),(11415,2156),(5031,6652),(6800,3565),(13204,4405),(8289,2018),(5112,2925),(3829,3171),(2606,6304),(3885,564),(12268,695),(3829,3171),(9146,7590),(7388,6097),(8118,2952)
141,(5080,4943),(9191,4281),(6894,1062),(2306,5176),(8637,260),(6012,2214),(768,3009),(11748,2147),(8278,3725),(3456,2724),(9901,5968),(13520,6941),(6898,7956),(6997,3388),(2491,7443),(11626,7661),(11748,2147),(5024,6986),(7036,3349),(13181,4072),(8262,2358),(5159,2656),(3685,3330),(2276,6349),(3894,584),(12602,690),(3685,3330),(9421,7650),(7406,5764),(8241,2961)
142,(4764,4883),(9290,4077),(6768,756),(2196,5166),(8304,284),(6012,2214),(594,2861),(11946,2031),(7995,3576),(3456,2585),(10242,5922),(13847,6877),(6916,7956),(7116,3109),(2499,7776),(11664,8010),(11946,2031),(5026,6887),(7119,3053),(13158,3740),(7928,2346),(5152,2323),(3312,3348),(1946,6394),(3841,462),(12935,684),(3312,3348),(9427,7650),(7424,5431),(8352,2970)
143,(4883,4890),(9623,4051),(6894,1062),(2283,5173),(8539,267),(6081,1992),(524,2535),(11929,1698),(7722,3636),(3471,2280),(10242,6255),(13978,6747),(7250,7956),(7125,2899),(2724,7902),(11628,7678),(11929,1698),(5033,6554),(7021,2875),(13135,3407),(7906,2345),(5150,2235),(3223,3186),(1615,6438),(3938,686),(12700,688),(3223,3186),(9145,7594),(7600,5247),(8228,2960)
144,(4764,4883),(9826,4036),(6768,756),(2160,4950),(8637,260),(6129,2088),(454,2209),(11913,1365),(7722,3636),(3294,2138),(9964,6306),(13794,6469),(7231,7956),(7111,3232),(3057,7902),(11593,7347),(11913,1365),(5093,6249),(6749,2899),(13112,3075),(8262,2358),(5157,2568),(3468,3130),(1369,6472),(3798,360),(12366,694),(3468,3130),(9157,7261),(7933,5229),(8118,2952)
145,(4883,4890),(9494,4061),(6894,1062),(2130,4717),(8304,284),(6111,2164),(478,2323),(11896,1032),(7569,3527),(3098,2125),(9828,6134),(13610,6191),(6898,7956),(6913,3472),(3390,7902),(11536,7001),(11896,1032),(5403,6227),(6752,2910),(13089,2742),(8288,2025),(5165,2901),(3621,2970),(1699,6427),(3929,666),(12033,699),(3621,2970),(9154,7368),(7951,5228),(8241,2961)
146,(4968,4680),(9180,4086),(6768,756),(2238,5028),(8539,267),(6322,2303),(549,2649),(11880,702),(7761,3254),(3112,2458),(10011,5953),(13426,5913),(6750,7789),(7060,3575),(3522,7679),(11460,6677),(11880,702),(5414,6228),(6516,2934),(13068,2430),(8075,1901),(5092,3173),(3632,2969),(2029,6382),(3850,482),(11888,868),(3632,2969),(9146,7705),(7618,5246),(8352,2970)
147,(5000,4350),(9512,4060),(6894,1062),(2283,5173),(8637,260),(6295,2195),(619,2974),(11896,1034),(7996,3207),(3132,2772),(10242,6033),(13242,5635),(6750,7456),(7234,3333),(3515,7346),(11384,6352),(11896,1034),(5238,6043),(6182,2945),(12734,2440),(7722,1890),(4932,3348),(3293,2951),(2359,6337),(3885,564),(11904,1201),(3293,2951),(9217,7992),(7600,5247),(8118,2840)
148,(4986,4572),(9844,4034),(6768,756),(2394,5184),(8304,284),(6295,2196),(571,2752),(11913,1367),(8293,3358),(3456,2808),(10242,6262),(13050,5346),(6750,7146),(7233,3335),(3512,7221),(11439,6588),(11913,1367),(5155,5741),(5962,3062),(12401,2451),(7449,1963),(5153,3219),(3154,3081),(2690,6293),(3894,584),(11921,1534),(3154,3081),(9550,7992),(7933,5229),(8118,2736)
149,(5059,4298),(9605,4053),(6894,1062),(2306,5176),(8539,267),(6322,2304),(501,2426),(11929,1700),(8590,3510),(3456,2502),(10242,5922),(13234,5623),(6535,7131),(7134,3532),(3520,7554),(11515,6913),(11929,1700),(5005,5472),(5921,3393),(12068,2462),(7437,2296),(4943,3241),(3390,3186),(2496,6319),(3841,462),(11938,1867),(3390,3186),(9600,7715),(8107,5053),(8082,2628)
150,(5395,4325),(9272,4078),(6768,756),(2236,5026),(8637,260),(6322,2303),(432,2106),(11946,2033),(8913,3618),(3789,2492),(10242,6255),(13418,5901),(6639,7138),(7283,3234),(3528,7902),(11561,7109),(11946,2033),(4691,5584),(5881,3724),(12192,2458),(7157,2350),(4710,3334),(3456,2988),(2166,6364),(3938,686),(11949,2086),(3456,2988),(9623,7926),(8085,4721),(7970,2628)
151,(5346,4572),(9401,4068),(6894,1062),(2132,4729),(8304,284),(6226,2142),(502,2431),(11940,1920),(9246,3618),(4104,2484),(9964,6306),(13602,6179),(6646,7139),(7412,2948),(3520,7568),(11485,6785),(11940,1920),(4710,5577),(5922,4050),(12525,2447),(6840,2322),(4356,3348),(3798,2952),(1836,6409),(3798,360),(11932,1753),(3798,2952),(9352,7992),(8099,4939),(7768,2735)
152,(5527,4356),(9733,4043),(6768,756),(2160,4950),(8539,267),(6030,1890),(572,2757),(11924,1587),(9579,3618),(4233,2250),(9976,6306),(13786,6457),(6528,7131),(7161,2764),(3512,7235),(11409,6460),(11924,1587),(5024,5465),(5851,4232),(12858,2436),(6840,1988),(4389,3144),(3845,3281),(1505,6453),(3929,666),(11915,1420),(3845,3281),(9328,7992),(8114,5164),(7769,2736)
153,(5562,4608),(9715,4044),(6894,1062),(2394,5184),(8637,260),(6131,2092),(685,3018),(11907,1254),(9913,3618),(4590,2250),(10242,6262),(13970,6735),(6498,7184),(7269,2823),(3515,7332),(11413,6480),(11907,1254),(4796,5547),(6030,4050),(12956,2433),(6840,1783),(4250,3137),(4104,3348),(1343,6644),(3850,482),(11899,1087),(4104,3348),(9574,7992),(8092,4831),(7797,2842)
154,(5775,4351),(9383,4070),(6870,1405),(2306,5176),(8304,284),(5947,1815),(1016,2982),(11890,921),(10040,3618),(4256,2250),(10242,5922),(14262,6840),(6498,7184),(7074,2718),(3522,7665),(11489,6804),(11890,921),(4504,5659),(5994,4356),(12623,2444),(6840,2116),(4509,3039),(4250,3137),(1404,6984),(3885,564),(11882,754),(4250,3137),(9241,7992),(8092,4828),(7740,2628)
155,(5689,4454),(9290,4077),(6840,1728),(2236,5026),(8539,267),(5700,1591),(1348,2947),(11885,812),(9707,3618),(4344,2250),(9911,5967),(14251,6840),(6750,7146),(7259,2817),(3525,7790),(11565,7129),(11885,812),(4208,5813),(6030,4050),(12290,2455),(6840,2210),(4500,3150),(4434,3239),(1345,6655),(3894,584),(11893,979),(4434,3239),(9439,7992),(8114,5160),(7797,2844)
156,(5452,4589),(9623,4051),(6871,1396),(2132,4729),(8637,260),(5616,1278),(1679,2912),(11902,1145),(9374,3618),(4590,2361),(10121,5938),(13978,6747),(6535,7131),(7171,2770),(3517,7457),(11510,6893),(11902,1145),(4154,5665),(5994,4356),(11970,2466),(6840,1877),(4466,3341),(4577,3334),(1343,6644),(3841,462),(11910,1312),(4577,3334),(9612,7826),(8100,4942),(7768,2735)
157,(5457,4380),(9826,4036),(6849,1626),(2098,4385),(8304,284),(5644,1492),(1652,2915),(11918,1478),(9040,3618),(4423,2495),(10021,5952),(13794,6469),(6639,7138),(7425,2961),(3510,7110),(11434,6568),(11918,1478),(4458,5527),(5939,4456),(11636,2455),(6673,1723),(4636,3163),(4631,3052),(1404,6984),(3969,792),(11927,1645),(4631,3052),(9611,7815),(8085,4717),(7976,2926)
158,(5574,4520),(9494,4061),(6861,1506),(2108,4487),(8539,267),(5727,1278),(1320,2950),(11935,1811),(8702,3567),(4104,2484),(9827,6141),(13610,6191),(6646,7139),(7340,3141),(3517,7443),(11388,6372),(11935,1811),(4247,5622),(6019,4135),(11362,2394),(6340,1715),(4518,2934),(4848,2924),(1345,6655),(4023,1121),(11943,1978),(4848,2924),(9463,7992),(8107,5050),(8284,2964)
159,(5704,4437),(9180,4086),(6860,1515),(2144,4827),(8637,260),(6066,1278),(989,2985),(11952,2142),(8405,3416),(3770,2493),(9976,6306),(13426,5913),(6528,7131),(7353,3122),(3525,7776),(11464,6696),(11952,2142),(4255,5619),(6251,4072),(11279,2051),(6061,1615),(4389,3144),(5166,2934),(1343,6644),(4069,1441),(11943,1975),(5166,2934),(9217,7992),(8107,5053),(8118,2896)
160,(5760,4369),(9512,4060),(6850,1617),(2317,5107),(8304,284),(5859,1016),(657,3021),(11935,1809),(8108,3264),(3456,2502),(10186,6315),(13242,5635),(6498,7184),(7419,3032),(3522,7679),(11540,7021),(11935,1809),(4449,5530),(6555,4065),(11207,1726),(6063,1617),(4121,3241),(5158,2600),(1404,6984),(4078,1774),(11927,1642),(5158,2600),(9550,7992),(8085,4721),(8099,2680)
161,(5562,4608),(9844,4034),(6870,1405),(2196,5166),(8539,267),(5832,738),(571,2752),(11918,1476),(7897,3157),(3418,2250),(9853,6301),(13050,5346),(6750,7146),(7406,3051),(3515,7346),(11536,7001),(11918,1476),(4145,5668),(6457,4077),(11135,1400),(6003,1520),(4140,3132),(5151,2267),(1345,6655),(4084,2014),(11910,1309),(5151,2267),(9352,7992),(8099,4939),(8118,2791)
162,(5775,4351),(9605,4053),(6840,1728),(2178,5059),(8637,260),(5832,404),(501,2426),(11902,1143),(8194,3308),(3238,2070),(9840,6023),(13158,5318),(6497,7180),(7443,2710),(3512,7221),(11460,6677),(11902,1143),(4356,5573),(6390,4363),(11062,1075),(6120,1710),(4215,3348),(5151,2290),(1343,6644),(4075,1681),(11893,976),(5151,2290),(9328,7992),(8062,5222),(8284,2964)
163,(5689,4454),(9272,4078),(6871,1396),(2160,4950),(8304,284),(5832,510),(432,2106),(11885,810),(8491,3459),(3102,2236),(10121,5938),(13172,5531),(6497,7180),(7434,2376),(3520,7554),(11384,6352),(11885,810),(4348,5576),(6445,4662),(10990,749),(6005,1523),(4189,3348),(5159,2623),(1404,6984),(4069,1441),(11882,757),(5159,2623),(9624,7936),(7729,5240),(8173,2956)
164,(5452,4589),(9401,4068),(6849,1626),(2130,4717),(7984,281),(5812,847),(502,2431),(11891,923),(8802,3618),(3117,2557),(10021,5952),(13356,5809),(6535,7131),(7740,2340),(3528,7902),(11439,6588),(11891,923),(4154,5665),(6778,4662),(10918,424),(6061,1615),(4140,3132),(5166,2934),(1345,6655),(4078,1774),(11899,1090),(5166,2934),(9599,7705),(7431,5311),(8185,2957)
165,(5123,4572),(9733,4043),(6861,1506),(2146,4839),(7651,274),(5832,738),(572,2757),(11907,1256),(8504,3466),(3242,2784),(9827,6141),(13541,6086),(6639,7138),(8073,2351),(3520,7568),(11515,6913),(11907,1256),(4458,5527),(7112,4662),(10896,324),(6063,1617),(4500,3150),(5160,3278),(1479,6457),(4084,2014),(11916,1423),(5160,3278),(9624,7936),(7413,5644),(7844,2903)
166,(5072,4716),(9715,4044),(6860,1515),(2144,4827),(7429,381),(5832,404),(618,2969),(11924,1589),(8207,3315),(3345,2795),(9643,6304),(13725,6364),(6646,7139),(8275,2191),(3512,7235),(11561,7109),(11924,1589),(4758,5406),(7398,4717),(10968,649),(6003,1520),(4626,2934),(5166,3607),(1809,6412),(4075,1681),(11932,1756),(5166,3607),(9538,7650),(7395,5977),(7740,2628)
167,(5169,4751),(9383,4070),(6850,1617),(2317,5107),(7416,720),(5832,510),(548,2643),(11941,1922),(7910,3164),(3242,2784),(9310,6314),(13909,6642),(6750,7368),(8293,1963),(3515,7332),(11485,6785),(11941,1922),(4932,5184),(7175,4846),(11040,975),(6249,1428),(4719,2736),(4999,3774),(2139,6367),(4123,1378),(11949,2089),(4999,3774),(9205,7650),(7324,6265),(7797,2844)
168,(5072,4716),(9290,4077),(6870,1405),(2196,5166),(7429,386),(5812,847),(477,2318),(11946,2031),(8095,3258),(3345,2795),(9402,6311),(14151,6840),(6750,7701),(8266,2295),(3522,7665),(11409,6460),(11946,2031),(5274,5202),(6842,4852),(11113,1300),(6225,1432),(5016,2680),(4644,3762),(2470,6323),(4453,1333),(12229,2128),(4644,3762),(9421,7650),(6991,6274),(7768,2735)
169,(5204,4874),(9623,4051),(6840,1728),(2146,4839),(7425,492),(5933,1110),(455,2214),(11929,1698),(8392,3409),(3242,2784),(9735,6302),(14449,6885),(6750,7900),(7984,2348),(3525,7790),(11339,6155),(11929,1698),(5058,5454),(6509,4858),(11185,1626),(6005,1523),(4783,2527),(4977,3773),(2716,6289),(4783,1287),(12562,2111),(4977,3773),(9427,7650),(6787,6280),(7650,2938)
170,(4979,5131),(9826,4036),(6871,1396),(2144,4827),(7420,608),(5997,1190),(525,2540),(11913,1365),(8689,3560),(3345,2795),(9532,6307),(14448,6883),(6750,7567),(7851,2343),(3517,7457),(11266,5830),(11913,1365),(5176,5778),(6630,4855),(11257,1951),(6061,1615),(4700,2516),(5332,3780),(2386,6334),(4875,1275),(12895,2095),(5332,3780),(9199,7650),(7120,6271),(7373,2909)
171,(4660,5189),(9494,4061),(6849,1626),(2317,5107),(7434,270),(5796,936),(595,2866),(11896,1032),(9024,3618),(3124,2661),(9180,6318),(14140,6840),(6750,7233),(8184,2355),(3510,7110),(11193,5504),(11896,1032),(5127,5693),(6963,4849),(11330,2267),(6140,1447),(5004,2556),(5580,3668),(2056,6379),(4545,1320),(13058,2254),(5580,3668),(9532,7650),(7382,6208),(7112,2738)
172,(4329,5224),(9180,4086),(6861,1506),(2196,5166),(7420,603),(5812,847),(594,2861),(11880,702),(9357,3618),(3280,2502),(8846,6309),(13821,6882),(6750,7368),(7984,2348),(3517,7443),(11166,5382),(11880,702),(5238,5886),(7296,4843),(11335,2286),(6335,1413),(4855,2736),(5580,3312),(1726,6424),(4215,1365),(13059,2263),(5580,3312),(9623,7926),(7400,5875),(7308,2844)
173,(4415,5215),(9512,4060),(6860,1515),(2283,5173),(7424,497),(5933,1110),(524,2535),(12213,696),(9690,3618),(3456,2668),(8513,6300),(13494,6946),(6750,7701),(7851,2343),(3525,7776),(11239,5707),(12213,696),(5083,5579),(7342,4662),(11357,2375),(6006,1470),(4599,2625),(5580,3645),(1395,6468),(4072,1552),(13058,2254),(5580,3645),(9600,7715),(7418,5542),(7122,2744)
174,(4706,5129),(9844,4034),(6850,1617),(2160,4950),(7429,381),(6177,1278),(454,2209),(12546,691),(10024,3618),(3290,2789),(8755,6307),(13411,6962),(6750,7900),(8184,2355),(3522,7679),(11312,6032),(12546,691),(5121,5682),(7009,4662),(11304,2160),(6120,1710),(4810,2530),(5580,3557),(1589,6442),(4081,1885),(13079,2596),(5580,3557),(9623,7926),(7429,5200),(7210,2791)
175,(4717,4881),(9605,4053),(6870,1405),(2118,4606),(7416,720),(6296,1278),(653,2089),(12879,685),(9929,3618),(3132,2916),(9088,6315),(13738,6898),(6750,7567),(8284,2081),(3515,7346),(11363,6263),(12879,685),(5238,5997),(6675,4662),(11362,2394),(6030,1466),(5015,2666),(5522,3216),(1919,6397),(4081,1903),(13102,2928),(5522,3216),(9600,7715),(7398,4842),(7220,2797)
176,(4930,4892),(9272,4078),(6840,1728),(2088,4266),(7429,386),(5997,1190),(986,2065),(12970,461),(9596,3618),(3456,2988),(9402,6311),(14040,6840),(6750,7233),(8284,2074),(3512,7221),(11290,5938),(12970,461),(5348,6221),(6390,4606),(11330,2267),(6359,1409),(4744,2736),(5364,2952),(2249,6352),(4072,1570),(13125,3261),(5364,2952),(9623,7926),(7398,4842),(7112,2738)
177,(4671,4932),(9193,4307),(6871,1396),(1754,4266),(7656,274),(5796,936),(1318,2041),(12904,163),(9263,3618),(3798,2952),(9735,6302),(14373,6840),(6972,7139),(8206,2356),(3520,7554),(11218,5613),(12904,163),(5583,6134),(6390,4273),(11335,2286),(6116,1451),(4590,2502),(5058,2916),(2580,6308),(4072,1552),(13148,3593),(5058,2916),(9600,7715),(7398,4842),(6809,2690)
178,(4660,5189),(9419,4406),(6624,1332),(1421,4266),(7989,282),(6002,1197),(1674,2016),(12571,174),(8929,3618),(3845,3281),(9532,6307),(14140,6840),(7305,7130),(7873,2344),(3528,7902),(11142,5274),(12571,174),(5595,5801),(6555,4065),(11357,2375),(6063,1617),(4534,2250),(5364,2952),(2606,6304),(4081,1885),(13171,3926),(5364,2952),(9623,7926),(7398,4842),(6913,2799)
179,(4329,5224),(9752,4428),(6496,1371),(1114,4297),(8317,283),(5928,1103),(1640,1684),(12238,186),(8603,3517),(3574,3330),(9180,6318),(13821,6882),(7422,7402),(7962,2347),(3520,7568),(11214,5599),(12238,186),(5607,5468),(6642,3852),(11304,2160),(6342,1715),(4201,2250),(5710,2929),(2276,6349),(4081,1903),(13194,4258),(5710,2929),(9907,7994),(7564,4662),(7123,2955)
180,(4415,5215),(9952,4442),(6390,1404),(923,4446),(8649,259),(5815,826),(1665,1932),(11880,198),(8306,3365),(3186,3366),(9513,6308),(13494,6946),(7435,7486),(8266,2302),(3512,7235),(11287,5924),(11880,198),(5612,5331),(6514,3820),(11637,2150),(6675,1723),(4108,2428),(5969,3007),(1946,6394),(4072,1570),(13217,4591),(5969,3007),(10241,7997),(7898,4662),(7110,3276)
181,(4660,5189),(9619,4420),(6517,1364),(990,4752),(8526,268),(5832,515),(1651,1794),(12213,186),(8009,3214),(3549,3330),(9865,6302),(13411,6962),(7384,7156),(8293,1970),(3732,7110),(11360,6249),(12213,186),(5600,5664),(6840,3726),(11952,2142),(6840,1894),(3955,2250),(5928,3338),(1615,6438),(4072,1552),(13240,4924),(5928,3338),(10574,8000),(8071,4495),(6874,3511)
182,(4329,5224),(9287,4397),(6624,1332),(919,4426),(8317,283),(5832,399),(1654,1821),(12546,175),(7752,3268),(3907,3333),(10198,6316),(13738,6898),(7422,7402),(8275,2184),(4065,7110),(11315,6046),(12546,175),(5588,5997),(7110,3582),(11618,2151),(6840,2228),(3622,2250),(5888,3668),(1369,6472),(4081,1885),(13263,5256),(5888,3668),(10907,8003),(8049,4163),(7110,3582)
183,(4415,5215),(9168,4612),(6496,1371),(1118,4296),(8649,259),(5832,738),(1662,1905),(12879,164),(7560,3540),(4114,3458),(9964,6306),(14040,6840),(7562,7607),(8095,2352),(4398,7110),(11242,5721),(12879,164),(5583,6134),(6840,3726),(11304,2160),(6851,2543),(3294,2250),(5888,3668),(1699,6427),(4081,1903),(13103,5332),(5888,3668),(11241,8006),(8063,4381),(6840,3726)
184,(4660,5189),(9198,4392),(6390,1404),(1114,4297),(8526,268),(5832,404),(1643,1711),(12969,439),(7633,3436),(4195,3745),(9976,6306),(13712,6903),(7893,7643),(7740,2340),(4532,7110),(11169,5396),(12969,439),(5595,5801),(6520,3819),(11362,2394),(7074,2718),(3294,2250),(5928,3337),(2029,6382),(4072,1570),(13104,5332),(5928,3337),(11574,8009),(8078,4606),(6520,3819)
185,(4329,5224),(9180,4086),(6517,1364),(923,4446),(8317,283),(5832,510),(1674,2016),(12974,572),(7825,3163),(4528,3757),(10242,6262),(13385,6967),(8007,7656),(7726,2006),(4199,7110),(10920,5262),(12974,572),(5607,5468),(6642,3852),(11330,2267),(7259,2817),(3462,2416),(5969,3006),(2359,6337),(4072,1552),(13212,5305),(5969,3006),(11441,8008),(8056,4273),(6642,3852)
186,(4415,5215),(9198,4392),(6624,1332),(990,4752),(8649,259),(5812,847),(1640,1684),(12962,239),(8095,3258),(4421,3754),(10242,5922),(13520,6941),(7676,7620),(7500,1904),(3866,7110),(10587,5244),(12962,239),(5612,5331),(6567,4063),(11335,2286),(7171,2770),(3678,2495),(6253,2942),(2690,6293),(4081,1885),(13211,5305),(6253,2942),(11108,8005),(8056,4270),(6789,4050)
187,(4660,5189),(9180,4086),(6496,1371),(919,4426),(8526,268),(5832,738),(1665,1932),(12969,439),(8392,3409),(4140,3799),(10242,6255),(13847,6877),(7435,7486),(7441,2185),(3510,7110),(10450,5015),(12969,439),(5600,5664),(6224,4069),(11357,2375),(7161,2764),(4011,2486),(6571,2937),(2589,6491),(4081,1903),(13103,5332),(6571,2937),(10775,8002),(8078,4602),(7003,3940)
188,(4329,5224),(9198,4392),(6677,1116),(947,4555),(8317,283),(5832,404),(1651,1794),(12974,572),(8689,3560),(4140,4132),(9964,6306),(13930,6861),(7384,7156),(7440,2209),(3843,7110),(10438,4682),(12866,685),(5588,5997),(6017,4160),(11304,2160),(6858,2664),(4122,2250),(6874,2920),(2369,6741),(4072,1570),(13104,5332),(6874,2920),(10441,7999),(8064,4384),(6797,3852)
189,(4415,5215),(9180,4086),(6758,793),(966,4643),(8649,259),(6054,288),(1654,1821),(12962,239),(8603,3517),(4303,4254),(9976,6306),(13603,6925),(7422,7402),(7507,1904),(4176,7110),(10426,4349),(12533,691),(5583,6134),(5940,4453),(11431,2449),(6516,2718),(4112,2373),(7125,2899),(2168,6991),(4233,1363),(13212,5305),(7125,2899),(10108,7996),(7990,4104),(6671,4015)
190,(4660,5189),(9198,4392),(7045,740),(900,4338),(8823,460),(6387,288),(1662,1905),(12682,171),(8306,3365),(4590,4356),(10186,6315),(13302,6984),(7435,7486),(7611,1897),(4510,7110),(10199,4230),(12200,696),(5595,5801),(5994,4356),(11764,2459),(6326,2571),(4104,2484),(7111,3232),(2239,6896),(4563,1318),(13211,5305),(7111,3232),(9775,7993),(7657,4104),(6390,4086)
191,(4329,5224),(9180,4086),(7378,722),(970,4663),(8937,774),(6293,288),(1643,1711),(12349,182),(8009,3214),(4389,4269),(9853,6301),(12970,7018),(7384,7156),(7618,1896),(4866,7110),(10065,4230),(11880,702),(5607,5468),(5939,4456),(11858,2462),(6427,2650),(4104,2808),(7121,2998),(2106,7074),(4893,1272),(13103,5332),(7121,2998),(9612,7826),(7527,4104),(6390,4419)
192,(4415,5215),(9198,4392),(7416,997),(1033,4969),(9050,1087),(5960,288),(1674,2016),(12016,193),(7996,3207),(4487,4312),(10087,6311),(12638,7053),(7422,7402),(7500,1904),(5188,7110),(10422,4230),(11896,1034),(5621,5109),(6019,4135),(11525,2452),(6414,2639),(4104,2484),(7121,3010),(2234,6902),(4765,1290),(13104,5332),(7121,3010),(9611,7815),(7860,4104),(6390,4550)
193,(4660,5189),(9530,4414),(7447,1335),(1058,5093),(9164,1401),(5832,510),(1727,2344),(11657,201),(8293,3358),(4174,4277),(10075,6311),(12307,7087),(7435,7486),(7441,2185),(5522,7110),(10088,4230),(11913,1367),(5745,4860),(5810,4050),(11542,2453),(6339,2582),(4104,2808),(7070,3315),(2216,7084),(4435,1335),(13212,5305),(7070,3315),(9612,7826),(8056,4270),(6390,4217)
194,(4329,5224),(9863,4436),(7729,1349),(990,4752),(9198,1716),(5812,847),(1781,2673),(11324,207),(8590,3510),(4126,4561),(9816,6244),(11975,7122),(7384,7156),(7268,2360),(5393,7110),(10176,4230),(11929,1700),(6078,4860),(5508,4068),(11875,2463),(6516,2718),(4104,2484),(6840,3546),(2428,7104),(4105,1380),(13211,5305),(6840,3546),(9427,7650),(8078,4602),(6390,4308)
195,(4415,5215),(9841,4434),(8061,1327),(1055,5078),(9198,2049),(5933,1110),(1800,2788),(10991,213),(8702,3567),(4109,4894),(9901,5968),(11644,7156),(7422,7402),(6936,2330),(5060,7110),(10310,4230),(11946,2033),(6408,4860),(5331,4244),(12192,2458),(6752,2910),(4437,2496),(6552,3690),(2106,7074),(4075,1663),(13103,5332),(6552,3690),(9145,7594),(8064,4384),(6390,4662)
196,(4771,5184),(9509,4412),(8151,1321),(1302,5193),(9142,2341),(6177,1278),(1746,2459),(11094,212),(8405,3416),(4115,4782),(10242,5922),(11603,7440),(7435,7486),(6851,2543),(4744,7110),(9954,4230),(11940,1920),(6400,4772),(5616,4050),(12525,2447),(6516,2934),(4602,2668),(6220,3721),(2437,7105),(4084,1996),(13104,5332),(6220,3721),(9157,7261),(7990,4104),(6390,4328)
197,(4914,5346),(9198,4392),(7818,1343),(1436,5188),(8809,2347),(6449,1174),(1692,2130),(11427,206),(8108,3264),(4131,4449),(9911,5967),(11638,7771),(7384,7156),(6846,2442),(4866,7110),(10287,4230),(11924,1587),(6390,4662),(5350,4225),(12858,2436),(6182,2945),(4570,2934),(6450,3699),(2207,7083),(4078,1792),(13203,5577),(6450,3699),(9384,7153),(7657,4104),(6279,4074)
198,(4603,5467),(9530,4414),(7485,1365),(1080,5202),(8475,2353),(6573,865),(1709,2235),(11760,200),(7897,3157),(4303,4254),(10121,5938),(11652,7899),(7657,7135),(7061,2342),(5188,7110),(10199,4230),(11907,1254),(6397,4749),(5508,4068),(13062,2319),(5962,3062),(4513,2989),(6330,3711),(1883,7080),(4069,1459),(13387,5855),(6330,3711),(9717,7163),(7527,4104),(5974,4050)
199,(4706,5427),(9863,4436),(7729,1349),(1014,4875),(8270,2247),(6541,944),(1763,2564),(11657,201),(8194,3308),(4137,4339),(10021,5952),(11616,7568),(7990,7144),(7393,2372),(5522,7110),(10065,4230),(11890,921),(6408,4860),(5602,4271),(12939,2093),(5921,3393),(4513,2983),(6016,3781),(1550,7089),(4075,1663),(13571,6133),(6016,3781),(10050,7174),(7860,4104),(5832,4284)
200,(4810,5386),(9841,4434),(8061,1327),(1033,4969),(8298,1908),(6408,1278),(1818,2898),(11324,207),(8491,3459),(4120,4672),(10011,5953),(11581,7236),(8092,7422),(7442,2653),(5393,7110),(10422,4230),(11885,812),(6374,5191),(5416,4451),(12606,2109),(5881,3724),(4792,2927),(5888,3668),(1500,7310),(4084,1996),(13755,6411),(5888,3668),(10184,7178),(7879,4104),(5902,4101)
201,(4500,5508),(9509,4412),(8151,1321),(1191,5197),(8271,2240),(6066,1278),(1764,2569),(10991,213),(8802,3618),(4104,5004),(10131,5937),(11603,7440),(8106,7557),(7452,2988),(5060,7110),(10088,4230),(11902,1145),(6649,5229),(5179,4572),(12273,2126),(5922,4050),(5002,2918),(5928,3337),(1566,7650),(4078,1792),(13939,6689),(5928,3337),(9851,7167),(7546,4104),(5871,4180)
202,(4810,5386),(9198,4392),(7818,1343),(1548,5184),(8039,2350),(6408,1278),(1710,2240),(10649,219),(9135,3618),(3939,5208),(9846,5920),(11638,7771),(8072,7225),(7210,2791),(4744,7110),(10176,4230),(11918,1478),(6982,5240),(5152,4572),(11952,2142),(5851,4232),(4669,2932),(5969,3006),(1502,7322),(4069,1459),(13947,6701),(5969,3006),(9518,7157),(7195,4076),(5862,4205)
203,(4707,5426),(9530,4414),(7485,1365),(1563,4851),(7795,2341),(6531,968),(1691,2125),(10316,225),(9468,3618),(3606,5229),(9846,5587),(11652,7899),(7786,7138),(7220,2797),(4866,7110),(10310,4230),(11935,1811),(7315,5251),(5429,4428),(12284,2125),(5810,4050),(4504,3100),(6253,2942),(1479,7201),(4075,1663),(13763,6423),(6253,2942),(9162,7146),(7003,3940),(5689,4454)
204,(4603,5467),(9863,4436),(7416,1116),(1288,4770),(8128,2353),(6582,841),(1745,2454),(9983,231),(9802,3618),(3251,5228),(9899,5276),(11616,7568),(7453,7129),(7112,2738),(4855,7110),(9954,4230),(11952,2142),(7422,5477),(5604,4245),(12617,2109),(5508,4068),(4300,3348),(6571,2937),(1542,7528),(4084,1996),(13579,6145),(6571,2937),(9495,7156),(7090,3641),(5577,4498)
205,(4914,5346),(9841,4434),(7416,782),(1045,4755),(8279,2136),(6458,1150),(1799,2783),(9649,236),(10152,3618),(3153,5224),(9974,5200),(11581,7236),(7422,7402),(6809,2690),(4755,7110),(10287,4230),(11935,1809),(7404,5810),(5508,4068),(12950,2092),(5331,4244),(4114,3458),(6730,2847),(1523,7431),(4078,1792),(13395,5867),(6730,2847),(9828,7167),(6864,3712),(5607,4189)
206,(4603,5467),(9509,4412),(7416,997),(1378,4776),(8289,2018),(6490,1071),(1782,2678),(9316,242),(9818,3618),(3474,5238),(9989,4867),(11603,7440),(7435,7705),(6913,2799),(4966,7110),(10199,4230),(11918,1476),(7386,6143),(5236,4287),(13061,2309),(5429,4146),(4195,3745),(6913,2799),(1458,7092),(4069,1459),(13211,5589),(6913,2799),(10161,7177),(7085,3595),(5606,4216)
207,(4706,5427),(9198,4392),(7416,893),(1558,4954),(8262,2358),(6624,738),(1728,2349),(8983,248),(9485,3618),(3140,5224),(10004,4534),(11638,7771),(7453,7957),(7019,2821),(4644,7110),(9916,4125),(11902,1143),(7602,6269),(4996,4412),(12845,2437),(5125,4294),(4528,3757),(7019,2821),(1521,7419),(4075,1663),(13080,5392),(7019,2821),(10073,7174),(7234,3333),(5607,4189)
208,(4926,5235),(9162,4717),(7416,886),(1553,5073),(7928,2346),(6500,1047),(1674,2016),(8859,250),(9152,3618),(3264,5229),(9998,4668),(11652,7899),(7786,7965),(6696,2754),(4977,7110),(9954,4230),(11885,810),(7935,6277),(5152,4572),(12512,2448),(4989,4523),(4421,3754),(6696,2754),(1544,7540),(4084,1996),(13264,5670),(6696,2754),(9740,7164),(7233,3335),(5782,4050)
209,(5209,5198),(9162,5050),(7431,1225),(1510,4784),(7906,2345),(6296,1278),(1727,2344),(9192,244),(8802,3618),(3508,5343),(9983,5001),(11616,7568),(8118,7974),(6714,2579),(4744,7110),(9919,4136),(11880,479),(7951,6277),(5429,4428),(12179,2459),(5263,4572),(4195,3745),(6714,2579),(1481,7213),(4078,1792),(13448,5948),(6714,2579),(9407,7153),(7134,3532),(6023,4105)
210,(5377,4986),(9162,5144),(7452,1534),(1177,4763),(8262,2358),(5954,1278),(1781,2673),(9525,238),(8504,3466),(3611,5660),(9918,5271),(11581,7236),(7784,7965),(6426,2411),(4866,7110),(10176,4230),(11880,253),(7618,6269),(5472,4356),(11858,2462),(5472,4356),(4528,3757),(6426,2411),(1500,7310),(4069,1459),(13633,6225),(6426,2411),(9158,7257),(7283,3234),(5967,4404)
211,(5669,4817),(9162,4811),(7452,1868),(1156,4762),(8288,2025),(5616,1278),(1800,2788),(9858,233),(8207,3315),(3714,5977),(9846,5347),(11603,7440),(7451,7957),(6527,2470),(5188,7110),(10310,4230),(11880,586),(7268,6267),(5290,4572),(11525,2452),(5290,4572),(4421,3754),(6527,2470),(1566,7650),(4075,1663),(13817,6503),(6527,2470),(9146,7590),(7183,3434),(5965,4407)
212,(5886,4554),(9162,4828),(7722,1890),(1489,4783),(8280,2129),(5949,1278),(1746,2459),(10192,227),(7910,3164),(3782,6030),(9846,5680),(11638,7771),(7675,7962),(6815,2638),(5522,7110),(9954,4230),(12102,698),(6935,6276),(4976,4626),(11542,2453),(4976,4626),(4195,3745),(6815,2638),(1657,7935),(4084,1996),(14001,6781),(6815,2638),(9153,7372),(7184,3432),(5912,4505)
213,(5674,4811),(9162,5162),(7507,1904),(1553,5065),(8270,2247),(5928,1103),(1692,2130),(10525,221),(7688,3359),(3998,6073),(9846,5920),(11652,7899),(8008,7971),(6843,2386),(5599,7309),(9919,4136),(12435,692),(6623,6260),(5229,4772),(11875,2463),(5229,4772),(4528,3757),(6843,2386),(1990,7922),(4078,1792),(14317,6840),(6843,2386),(9273,7149),(7283,3235),(5914,4502)
214,(5379,4984),(9162,5033),(7611,1897),(1325,5192),(8298,1908),(5815,826),(1709,2235),(10872,216),(7506,3618),(4117,5922),(9846,5587),(11616,7568),(8118,7751),(7116,2347),(5608,7642),(9882,4032),(12768,687),(6372,6154),(5080,4943),(11747,2459),(5080,4943),(4421,3754),(7116,2347),(2323,7909),(4069,1459),(14544,7020),(7116,2347),(9606,7160),(7134,3533),(6000,4300)
215,(5462,4915),(9162,4700),(7618,1896),(1191,5197),(8271,2240),(5796,936),(1763,2564),(10538,221),(7697,3345),(4211,6099),(9899,5276),(11581,7236),(8095,7446),(7434,2376),(5614,7864),(9549,4057),(12974,572),(6372,5821),(4764,4883),(11414,2449),(4764,4883),(4140,3799),(7434,2376),(2498,7735),(4075,1663),(14481,6931),(7434,2376),(9939,7170),(7234,3333),(6079,4024)
216,(5292,5058),(9162,4939),(7500,1904),(1548,5184),(8279,2136),(6002,1197),(1818,2898),(10205,227),(7897,3157),(4518,6192),(10249,5245),(11603,7440),(8069,7201),(7102,2345),(5605,7531),(9217,4083),(12962,239),(6372,5487),(4883,4890),(11653,2456),(4883,4890),(4140,4132),(7102,2345),(2490,7402),(4084,1996),(14418,6840),(7102,2345),(10296,7182),(7406,3051),(6374,3869)
217,(5562,4870),(9162,5256),(7722,1890),(1214,5196),(8291,1797),(5928,1103),(1486,2933),(9872,232),(8194,3308),(4609,5871),(10568,5243),(11638,7771),(8104,7532),(6842,2377),(5599,7309),(9176,3808),(12969,439),(6427,5221),(4968,4680),(11970,2466),(4968,4680),(4303,4254),(6842,2377),(2428,7104),(4100,2141),(14480,6928),(6842,2377),(10321,7514),(7198,2875),(6161,3980)
218,(5810,4645),(9162,4922),(7507,1904),(1302,5193),(8271,1464),(5815,826),(1155,2968),(9538,238),(8491,3459),(4595,5737),(10901,5261),(11652,7899),(8095,7446),(6810,2635),(5608,7642),(9171,3474),(12974,572),(6760,5233),(5274,4788),(11636,2455),(5274,4788),(4194,4274),(6810,2635),(2106,7074),(4100,2141),(14195,6840),(6810,2635),(10314,7428),(6861,2923),(6177,3972)
219,(5744,4725),(9162,4717),(7726,2001),(1436,5188),(8272,1480),(5832,515),(823,3003),(9205,244),(8802,3618),(4455,5685),(11031,5268),(11616,7568),(8067,7090),(6522,2467),(5614,7864),(9166,3141),(12962,239),(7093,5244),(5054,5049),(11431,2449),(5054,5049),(4491,4313),(6522,2467),(2437,7105),(4113,2360),(14206,6840),(6522,2467),(10304,7292),(6546,2936),(6461,3836)
220,(5625,5026),(9162,5050),(7740,2340),(1080,5202),(8292,1813),(5832,399),(740,3012),(8872,249),(8504,3466),(4159,5839),(10698,5250),(11581,7236),(8089,6757),(6309,2250),(5605,7531),(9162,2790),(12969,439),(7434,5256),(5098,5192),(11764,2459),(5098,5192),(4385,4268),(6309,2250),(2207,7083),(4122,2250),(14481,6931),(6309,2250),(10332,7650),(6768,2952),(6781,3743)
221,(5449,5211),(9162,5144),(7434,2376),(1413,5189),(8075,1901),(5832,738),(1071,2977),(8970,248),(8207,3315),(4091,5577),(10568,5243),(11603,7440),(8088,6772),(6203,1933),(5599,7309),(8836,2862),(12866,685),(7100,5244),(5165,5328),(11858,2462),(5165,5328),(4137,4339),(6203,1933),(2327,7095),(4112,2373),(14418,6840),(6203,1933),(10306,7317),(6516,2878),(6573,3803)
222,(5165,5328),(9162,4811),(7740,2340),(1325,5192),(7722,1890),(5832,404),(1403,2941),(9303,242),(7910,3164),(4054,5246),(10901,5261),(11638,7771),(8066,7104),(6061,1615),(5608,7642),(8511,2934),(12533,691),(6767,5233),(4901,5510),(11525,2452),(4901,5510),(4120,4672),(6159,1814),(2318,7094),(4104,2484),(14480,6928),(6159,1814),(10313,7403),(6383,2616),(6568,3805)
223,(5094,5634),(9162,4828),(7434,2376),(1105,5310),(7735,2223),(5832,510),(1734,2906),(9636,236),(7688,3359),(3772,5219),(11031,5268),(11652,7899),(8082,6868),(6063,1617),(5614,7864),(8185,2957),(12200,696),(6434,5222),(4587,5622),(11542,2453),(4587,5622),(4104,5004),(6282,2142),(2216,7084),(4113,2360),(14544,7020),(6282,2142),(10323,7539),(6458,2673),(6786,3741)
224,(5094,5634),(9162,5162),(7740,2340),(1181,5634),(7731,2117),(5832,626),(1860,3116),(9970,231),(7506,3618),(3529,5234),(10698,5250),(11616,7568),(8096,6661),(6342,1715),(5605,7531),(8296,2965),(11880,702),(6399,4943),(4595,5920),(11875,2463),(4595,5920),(4120,4671),(6223,2353),(2485,7165),(4122,2250),(14481,6931),(6223,2353),(10296,7182),(6282,2538),(6466,3834)
225,(5166,5327),(9162,5033),(7434,2376),(1390,5820),(7833,1893),(5832,288),(1924,3443),(10303,225),(7800,3557),(3862,5213),(10568,5243),(11581,7236),(8074,6994),(6675,1723),(5599,7309),(8284,2964),(12213,696),(6390,4662),(4533,6138),(11747,2459),(4533,6138),(4137,4338),(6414,2639),(2492,7498),(4112,2373),(14418,6840),(6414,2639),(10321,7514),(6471,2684),(6697,3852)
226,(5107,5193),(9162,4700),(7446,2042),(1702,5777),(8166,1903),(6165,288),(1852,3652),(10636,219),(8096,3605),(4068,5367),(10901,5261),(11603,7440),(8075,6979),(6840,1894),(5608,7642),(8118,2896),(12546,691),(6396,4970),(4626,5814),(11414,2449),(4626,5814),(4140,4006),(6339,2582),(2500,7832),(4096,2124),(14084,6840),(6339,2582),(10314,7428),(6370,2605),(7020,3852)
227,(4914,5346),(9162,4939),(7443,2130),(1636,5829),(8284,1686),(6516,288),(1522,3701),(10760,217),(8299,3816),(4104,5688),(11031,5268),(11638,7771),(8097,6647),(6840,2228),(5671,7921),(8099,2680),(12879,685),(6316,5220),(4534,6134),(11653,2456),(4534,6134),(4134,3688),(6516,2718),(2495,7624),(4084,2014),(14317,6840),(6516,2718),(10304,7292),(6516,2884),(6686,3852)
228,(4603,5467),(9162,5256),(7544,2363),(1303,5817),(8264,1353),(6642,270),(1296,3735),(10427,223),(8274,3708),(4067,5356),(10698,5250),(11652,7899),(8376,6633),(6840,2099),(6004,7932),(8100,2683),(12989,905),(5983,5220),(4251,6112),(11970,2466),(4251,6112),(4104,3348),(6404,2937),(2488,7291),(4075,1681),(14195,6840),(6404,2937),(10332,7650),(6238,2943),(6919,3852)
229,(4706,5427),(9162,4922),(7629,2352),(1501,5824),(8278,1591),(6516,288),(1626,3686),(10094,229),(8278,3725),(4093,5041),(10568,5243),(11616,7568),(8238,6619),(6840,1766),(6337,7942),(8026,2628),(13006,1238),(5649,5220),(4104,5868),(11636,2455),(4104,5868),(4121,3241),(6071,2948),(2487,7276),(4069,1441),(14206,6840),(6071,2948),(10306,7317),(5969,3007),(6984,4050)
230,(4810,5386),(9162,4717),(7438,2264),(1728,5652),(8298,1908),(6593,612),(1962,3636),(9761,234),(8303,3833),(4194,5238),(10901,5261),(11581,7236),(8265,6622),(6840,2005),(6671,7953),(7754,2681),(13023,1571),(5606,5497),(4399,5714),(11362,2394),(4399,5714),(4326,3348),(5754,2933),(2495,7609),(4078,1774),(14481,6931),(5754,2933),(10073,7174),(5928,3338),(6678,4050)
231,(4500,5508),(9162,5050),(7452,1908),(1525,5825),(8271,2240),(6541,944),(1632,3685),(9427,240),(8102,3607),(4089,5057),(11031,5268),(11603,7440),(8349,6630),(6840,2322),(6472,7947),(7783,2790),(13040,1904),(5594,5830),(4626,5814),(11415,2156),(4626,5814),(4644,3330),(5540,2804),(2500,7846),(4084,2014),(14418,6840),(5540,2804),(9740,7164),(5888,3668),(6984,4050)
232,(4810,5386),(9162,5144),(7666,1893),(1279,5816),(8039,2350),(6408,1278),(1302,3734),(9094,246),(7790,3567),(4093,5041),(10698,5250),(11638,7771),(8155,6611),(6840,1988),(6139,7936),(7782,2789),(13041,1921),(5582,6163),(4534,6134),(11748,2147),(4534,6134),(4411,3344),(5530,2471),(2493,7513),(4075,1681),(14480,6928),(5530,2471),(9407,7153),(6025,3778),(7000,3961)
233,(4969,5143),(9162,4811),(7447,2019),(1612,5828),(7684,2346),(6531,968),(1516,3702),(8748,252),(7790,3567),(4064,5148),(10568,5243),(11652,7899),(8460,6642),(6840,1783),(5806,7926),(7754,2683),(13024,1588),(5589,5968),(4793,6229),(11840,2145),(4793,6229),(4533,3336),(5516,2117),(2485,7179),(4069,1441),(14195,6840),(5516,2117),(9164,7034),(6339,3710),(6761,4050)
234,(5199,4881),(9162,4828),(7434,2376),(1414,5821),(7435,2431),(6582,841),(1846,3653),(8415,276),(7506,3618),(4163,5159),(10901,5261),(11616,7568),(8128,6608),(6840,2116),(5782,7925),(7812,2898),(13007,1255),(5601,5635),(5147,6234),(11507,2154),(5147,6234),(4454,3213),(5396,1908),(2490,7387),(4078,1774),(14206,6840),(5396,1908),(9171,6701),(6651,3640),(6457,4077)
235,(5064,4714),(9162,5162),(7740,2340),(1246,5979),(7445,2764),(6458,1150),(1742,3668),(8428,275),(7800,3557),(4056,5257),(11031,5268),(11581,7236),(8115,6328),(6840,2210),(6115,7935),(7754,2681),(12990,922),(5613,5302),(5238,5987),(11330,2267),(5238,5987),(4222,3136),(5099,1835),(2497,7720),(4084,2014),(14481,6931),(5099,1835),(9178,6368),(6740,3595),(6678,4050)
236,(4993,4461),(9162,5033),(7434,2376),(1290,6309),(7386,3077),(6185,1278),(1412,3718),(8748,252),(8096,3605),(4092,5588),(10698,5250),(11603,7440),(8102,6559),(6840,1877),(6448,7946),(7783,2790),(12974,572),(5629,4942),(5238,6108),(11335,2286),(5238,6108),(4417,3145),(5295,1908),(2498,7735),(4075,1681),(14418,6840),(5295,1908),(9173,6595),(6651,3640),(6753,3852)
237,(4838,4323),(9162,4700),(7740,2340),(1291,6314),(7208,3384),(5843,1278),(1406,3719),(8415,276),(8299,3816),(4079,5467),(10346,5242),(11638,7771),(8115,6328),(6840,1894),(6694,7954),(7782,2789),(12962,239),(5620,5137),(5040,6264),(11357,2375),(5040,6264),(4222,3136),(5512,2019),(2490,7402),(4069,1441),(14084,6840),(5512,2019),(9166,6928),(6918,3467),(7075,3856)
238,(4597,4411),(9162,4939),(7434,2376),(1247,5984),(7011,3634),(5727,1278),(1736,3669),(8428,275),(8274,3708),(4056,5257),(10013,5254),(11652,7899),(8118,6004),(6840,2228),(6361,7943),(7754,2683),(12682,171),(5629,4942),(4709,6218),(11304,2160),(4709,6218),(4048,3344),(5526,2340),(2485,7165),(4078,1774),(14317,6840),(5526,2340),(9158,7257),(7070,3315),(7407,3884)
239,(4643,4741),(9162,5256),(7740,2340),(1246,5979),(6733,3757),(6066,1278),(1852,3652),(8748,252),(8278,3725),(4092,5588),(9918,5271),(11616,7568),(8118,5670),(6840,2099),(6028,7933),(8017,2628),(12349,182),(5379,4984),(4358,6144),(11637,2150),(4358,6144),(3836,3220),(5848,2256),(2492,7498),(4084,2014),(14195,6840),(5848,2256),(9146,7590),(6840,3546),(7729,3888)
240,(4883,4890),(9162,4922),(7726,2006),(1290,6309),(6408,3852),(5859,1016),(1522,3701),(8415,276),(8260,3888),(4063,5905),(9899,5276),(11581,7236),(8118,5337),(6840,1766),(5694,7922),(8099,2680),(12016,193),(5462,4915),(4047,6076),(11952,2142),(4047,6076),(3742,2957),(5850,2255),(2500,7832),(4075,1681),(13947,6701),(5850,2255),(9153,7372),(6552,3690),(8063,3888)
End