//34 0
26	24.5	22.5	21.5	18.5	17	13.5	12.5	10	8	5.5	4	2
2	2.5	3.5	4.2	6	7	9	10	12.5	14	16.5	18.5	21
//34 1
26.5	24	21	19	16.5	14	12	9.5	8.5	6	4.8	3.5	3
3	3.5	4.5	6	7.1	8.5	10.5	12.5	14	16.5	18.5	21	22.5
//34 2
26.5	23	20	17.5	15.2	14	12.5	11	8	6	4	3
3.5	4	5	6	7.1	8	9	10	10.5	11.5	12.5	13.5

//40 0
25.5	21.5	18	16.5	14	12.6	10.5	8	6	4.5	3	2.5
3	3.5	6	7.8	10.5	11.5	13	14.8	16.6	17.4	18	19.8
//40 1
26.5	22	18	16.5	14.5	12.5	10.5	7.5	5.5	3.5
2.5	3	4	4.8	5.4	6.5	7.5	10	11.5	13
//40 2
25	21	18	15	13	11	9	7.5	5	3.5	3
3	3.5	5.5	7.5	9.2	10.8	12.5	14	16	17.2	18.5

//47 0
26.5	25.5	24.5	23	21.5	19	17	16	14	12.4	11	9	7	5	3
2.5	2.7	3.5	5	6.5	8	10.5	12.5	15	17.2	19.1	22	23.6	25.5	27.8
//47 1
26.5	24.5	21	18	16	13.5	11.5	9.3	7	5.5	4.5	3.5
3.1	3.5	5.5	7.5	8.5	10.2	12.5	14.6	17	19.5	22	24
//47 2
25	22	18.5	17	14.5	12.5	10	8	6	4.5	3.5
3	3.5	6.5	8	10.5	12	13.5	15	16.5	17.5	18.5

//55 0
27	26.2	25.8	24	22.7	22	20	16.5	15	13	12	10	8	7	4.8	3
2.5	2.8	3	4	4.6	6	8.5	11.8	14.5	17	18.6	21	24	26	28.6	30.3
//55 1
26.4	22.9	20	18.3	16.4	13.2	11.2	9	6.9	4.1	2.8
2.2	4	5	8.2	10.9	12.9	14.5	16.9	18.9	21.3	22.8
//55 2
24.5	22	18	15.8	12.5	9.5	8	6.2	4	3
3	3.5	6	8.2	11	13.5	16	18	21	22.5