pre	203	crt	199
181	
203	
208	
218	
181	208	218	

pre	203	crt	199
181	
203	
208	
218	
181	208	218	

pre	251	crt	249
229	
248	
251	
263	
229	248	263	

pre	92	crt	99
79	
92	
131	
79	131	

pre	105	crt	117
105	
109	
118	
124	
133	
109	118	124	133	

pre	99	crt	79
92	
95	
99	
92	95	

pre	99	crt	79
92	
95	
99	
92	95	

pre	105	crt	117
105	
109	
118	
124	
133	
109	118	124	133	

pre	199	crt	181
174	
180	
199	
174	180	

pre	305	crt	294
252	
295	
305	
252	295	

pre	24	crt	14
3	
15	
24	
3	15	

pre	249	crt	229
221	
249	
221	

pre	249	crt	229
221	
249	
221	

pre	24	crt	14
3	
15	
24	
3	15	

pre	249	crt	229
221	
249	
221	

pre	249	crt	229
221	
249	
221	

pre	305	crt	294
252	
295	
305	
252	295	

pre	24	crt	14
3	
15	
24	
3	15	

pre	249	crt	229
221	
249	
221	

pre	249	crt	229
221	
249	
221	

pre	24	crt	14
3	
15	
24	
3	15	

pre	249	crt	229
221	
249	
221	

pre	249	crt	229
221	
249	
221	

pre	199	crt	181
174	
180	
199	
174	180	

pre	305	crt	294
252	
295	
305	
252	295	

pre	24	crt	14
3	
15	
24	
3	15	

pre	249	crt	229
221	
249	
221	

pre	249	crt	229
221	
249	
221	

pre	24	crt	14
3	
15	
24	
3	15	

pre	249	crt	229
221	
249	
221	

pre	249	crt	229
221	
249	
221	

pre	305	crt	294
252	
295	
305	
252	295	

pre	24	crt	14
3	
15	
24	
3	15	

pre	249	crt	229
221	
249	
221	

pre	249	crt	229
221	
249	
221	

pre	24	crt	14
3	
15	
24	
3	15	

pre	249	crt	229
221	
249	
221	

pre	249	crt	229
221	
249	
221	

pre	92	crt	99
79	
92	
131	
79	131	

pre	105	crt	117
105	
109	
118	
124	
133	
109	118	124	133	

pre	99	crt	79
92	
95	
99	
92	95	

pre	199	crt	181
174	
180	
199	
174	180	

pre	305	crt	294
252	
295	
305	
252	295	

pre	24	crt	14
3	
15	
24	
3	15	

pre	117	crt	109
100	
111	
117	
100	111	

pre	117	crt	109
100	
111	
117	
100	111	

pre	24	crt	14
3	
15	
24	
3	15	

pre	117	crt	109
100	
111	
117	
100	111	

pre	117	crt	109
100	
111	
117	
100	111	

pre	305	crt	294
252	
295	
305	
252	295	

pre	24	crt	14
3	
15	
24	
3	15	

pre	117	crt	109
100	
111	
117	
100	111	

pre	117	crt	109
100	
111	
117	
100	111	

pre	24	crt	14
3	
15	
24	
3	15	

pre	117	crt	109
100	
111	
117	
100	111	

pre	117	crt	109
100	
111	
117	
100	111	

pre	199	crt	181
174	
180	
199	
174	180	

pre	305	crt	294
252	
295	
305	
252	295	

pre	24	crt	14
3	
15	
24	
3	15	

pre	117	crt	109
100	
111	
117	
100	111	

pre	117	crt	109
100	
111	
117	
100	111	

pre	24	crt	14
3	
15	
24	
3	15	

pre	117	crt	109
100	
111	
117	
100	111	

pre	117	crt	109
100	
111	
117	
100	111	

pre	305	crt	294
252	
295	
305	
252	295	

pre	24	crt	14
3	
15	
24	
3	15	

pre	117	crt	109
100	
111	
117	
100	111	

pre	117	crt	109
100	
111	
117	
100	111	

pre	24	crt	14
3	
15	
24	
3	15	

pre	117	crt	109
100	
111	
117	
100	111	

pre	117	crt	109
100	
111	
117	
100	111	

pre	99	crt	79
92	
95	
99	
92	95	

pre	199	crt	181
174	
180	
199	
174	180	

pre	305	crt	294
252	
295	
305	
252	295	

pre	24	crt	14
3	
15	
24	
3	15	

pre	79	crt	92
68	
79	
81	
99	
68	81	99	

pre	79	crt	92
68	
79	
81	
99	
68	81	99	

pre	24	crt	14
3	
15	
24	
3	15	

pre	79	crt	92
68	
79	
81	
99	
68	81	99	

pre	79	crt	92
68	
79	
81	
99	
68	81	99	

pre	305	crt	294
252	
295	
305	
252	295	

pre	24	crt	14
3	
15	
24	
3	15	

pre	79	crt	92
68	
79	
81	
99	
68	81	99	

pre	79	crt	92
68	
79	
81	
99	
68	81	99	

pre	24	crt	14
3	
15	
24	
3	15	

pre	79	crt	92
68	
79	
81	
99	
68	81	99	

pre	79	crt	92
68	
79	
81	
99	
68	81	99	

pre	199	crt	181
174	
180	
199	
174	180	

pre	305	crt	294
252	
295	
305	
252	295	

pre	24	crt	14
3	
15	
24	
3	15	

pre	193	crt	237
193	
239	
243	
264	
239	243	264	

pre	193	crt	237
193	
239	
243	
264	
239	243	264	

pre	24	crt	14
3	
15	
24	
3	15	

pre	193	crt	237
193	
239	
243	
264	
239	243	264	

pre	193	crt	237
193	
239	
243	
264	
239	243	264	

pre	305	crt	294
252	
295	
305	
252	295	

pre	24	crt	14
3	
15	
24	
3	15	

pre	193	crt	237
193	
239	
243	
264	
239	243	264	

pre	193	crt	237
193	
239	
243	
264	
239	243	264	

pre	24	crt	14
3	
15	
24	
3	15	

pre	193	crt	237
193	
239	
243	
264	
239	243	264	

pre	193	crt	237
193	
239	
243	
264	
239	243	264	

pre	105	crt	117
105	
109	
118	
124	
133	
109	118	124	133	

pre	199	crt	181
174	
180	
199	
174	180	

pre	305	crt	294
252	
295	
305	
252	295	

pre	24	crt	14
3	
15	
24	
3	15	

pre	117	crt	109
100	
111	
117	
100	111	

pre	117	crt	109
100	
111	
117	
100	111	

pre	24	crt	14
3	
15	
24	
3	15	

pre	117	crt	109
100	
111	
117	
100	111	

pre	117	crt	109
100	
111	
117	
100	111	

pre	305	crt	294
252	
295	
305	
252	295	

pre	24	crt	14
3	
15	
24	
3	15	

pre	117	crt	109
100	
111	
117	
100	111	

pre	117	crt	109
100	
111	
117	
100	111	

pre	24	crt	14
3	
15	
24	
3	15	

pre	117	crt	109
100	
111	
117	
100	111	

pre	117	crt	109
100	
111	
117	
100	111	

pre	199	crt	181
174	
180	
199	
174	180	

pre	305	crt	294
252	
295	
305	
252	295	

pre	24	crt	14
3	
15	
24	
3	15	

pre	193	crt	237
193	
239	
243	
264	
239	243	264	

pre	193	crt	237
193	
239	
243	
264	
239	243	264	

pre	24	crt	14
3	
15	
24	
3	15	

pre	193	crt	237
193	
239	
243	
264	
239	243	264	

pre	193	crt	237
193	
239	
243	
264	
239	243	264	

pre	305	crt	294
252	
295	
305	
252	295	

pre	24	crt	14
3	
15	
24	
3	15	

pre	193	crt	237
193	
239	
243	
264	
239	243	264	

pre	193	crt	237
193	
239	
243	
264	
239	243	264	

pre	24	crt	14
3	
15	
24	
3	15	

pre	193	crt	237
193	
239	
243	
264	
239	243	264	

pre	193	crt	237
193	
239	
243	
264	
239	243	264	

pre	251	crt	249
229	
248	
251	
263	
229	248	263	

pre	92	crt	99
79	
92	
131	
79	131	

pre	105	crt	117
105	
109	
118	
124	
133	
109	118	124	133	

pre	99	crt	79
92	
95	
99	
92	95	

pre	305	crt	294
252	
295	
305	
252	295	

pre	24	crt	14
3	
15	
24	
3	15	

pre	249	crt	229
221	
249	
221	

pre	117	crt	109
100	
111	
117	
100	111	

pre	249	crt	229
221	
249	
221	

pre	117	crt	109
100	
111	
117	
100	111	

pre	24	crt	14
3	
15	
24	
3	15	

pre	249	crt	229
221	
249	
221	

pre	117	crt	109
100	
111	
117	
100	111	

pre	249	crt	229
221	
249	
221	

pre	117	crt	109
100	
111	
117	
100	111	

pre	305	crt	294
252	
295	
305	
252	295	

pre	24	crt	14
3	
15	
24	
3	15	

pre	249	crt	229
221	
249	
221	

pre	117	crt	109
100	
111	
117	
100	111	

pre	249	crt	229
221	
249	
221	

pre	117	crt	109
100	
111	
117	
100	111	

pre	24	crt	14
3	
15	
24	
3	15	

pre	249	crt	229
221	
249	
221	

pre	117	crt	109
100	
111	
117	
100	111	

pre	249	crt	229
221	
249	
221	

pre	117	crt	109
100	
111	
117	
100	111	

pre	99	crt	79
92	
95	
99	
92	95	

pre	305	crt	294
252	
295	
305	
252	295	

pre	24	crt	14
3	
15	
24	
3	15	

pre	249	crt	229
221	
249	
221	

pre	79	crt	92
68	
79	
81	
99	
68	81	99	

pre	249	crt	229
221	
249	
221	

pre	79	crt	92
68	
79	
81	
99	
68	81	99	

pre	24	crt	14
3	
15	
24	
3	15	

pre	249	crt	229
221	
249	
221	

pre	79	crt	92
68	
79	
81	
99	
68	81	99	

pre	249	crt	229
221	
249	
221	

pre	79	crt	92
68	
79	
81	
99	
68	81	99	

pre	305	crt	294
252	
295	
305	
252	295	

pre	24	crt	14
3	
15	
24	
3	15	

pre	249	crt	229
221	
249	
221	

pre	193	crt	237
193	
239	
243	
264	
239	243	264	

pre	249	crt	229
221	
249	
221	

pre	193	crt	237
193	
239	
243	
264	
239	243	264	

pre	24	crt	14
3	
15	
24	
3	15	

pre	249	crt	229
221	
249	
221	

pre	193	crt	237
193	
239	
243	
264	
239	243	264	

pre	249	crt	229
221	
249	
221	

pre	193	crt	237
193	
239	
243	
264	
239	243	264	

pre	105	crt	117
105	
109	
118	
124	
133	
109	118	124	133	

pre	305	crt	294
252	
295	
305	
252	295	

pre	24	crt	14
3	
15	
24	
3	15	

pre	249	crt	229
221	
249	
221	

pre	117	crt	109
100	
111	
117	
100	111	

pre	249	crt	229
221	
249	
221	

pre	117	crt	109
100	
111	
117	
100	111	

pre	24	crt	14
3	
15	
24	
3	15	

pre	249	crt	229
221	
249	
221	

pre	117	crt	109
100	
111	
117	
100	111	

pre	249	crt	229
221	
249	
221	

pre	117	crt	109
100	
111	
117	
100	111	

pre	305	crt	294
252	
295	
305	
252	295	

pre	24	crt	14
3	
15	
24	
3	15	

pre	249	crt	229
221	
249	
221	

pre	193	crt	237
193	
239	
243	
264	
239	243	264	

pre	249	crt	229
221	
249	
221	

pre	193	crt	237
193	
239	
243	
264	
239	243	264	

pre	24	crt	14
3	
15	
24	
3	15	

pre	249	crt	229
221	
249	
221	

pre	193	crt	237
193	
239	
243	
264	
239	243	264	

pre	249	crt	229
221	
249	
221	

pre	193	crt	237
193	
239	
243	
264	
239	243	264	

pre	92	crt	99
79	
92	
131	
79	131	

pre	105	crt	117
105	
109	
118	
124	
133	
109	118	124	133	

pre	99	crt	79
92	
95	
99	
92	95	

pre	305	crt	294
252	
295	
305	
252	295	

pre	24	crt	14
3	
15	
24	
3	15	

pre	117	crt	109
100	
111	
117	
100	111	

pre	79	crt	92
68	
79	
81	
99	
68	81	99	

pre	193	crt	237
193	
239	
243	
264	
239	243	264	

pre	66	crt	91
66	
93	
110	
93	110	

pre	252	crt	250
227	
235	
252	
227	235	

pre	21	crt	7
5	
10	
21	
5	10	

pre	302	crt	298
279	
302	
303	
279	303	

pre	109	crt	100
97	
98	
102	
109	
97	98	102	

pre	271	crt	241
225	
240	
271	
225	240	

pre	271	crt	241
225	
240	
271	
225	240	

pre	109	crt	100
97	
98	
102	
109	
97	98	102	

pre	271	crt	241
225	
240	
271	
225	240	

pre	271	crt	241
225	
240	
271	
225	240	

pre	302	crt	298
279	
302	
303	
279	303	

pre	109	crt	100
97	
98	
102	
109	
97	98	102	

pre	271	crt	241
225	
240	
271	
225	240	

pre	271	crt	241
225	
240	
271	
225	240	

pre	109	crt	100
97	
98	
102	
109	
97	98	102	

pre	271	crt	241
225	
240	
271	
225	240	

pre	271	crt	241
225	
240	
271	
225	240	

pre	21	crt	7
5	
10	
21	
5	10	

pre	302	crt	298
279	
302	
303	
279	303	

pre	109	crt	100
97	
98	
102	
109	
97	98	102	

pre	271	crt	241
225	
240	
271	
225	240	

pre	271	crt	241
225	
240	
271	
225	240	

pre	109	crt	100
97	
98	
102	
109	
97	98	102	

pre	271	crt	241
225	
240	
271	
225	240	

pre	271	crt	241
225	
240	
271	
225	240	

pre	302	crt	298
279	
302	
303	
279	303	

pre	109	crt	100
97	
98	
102	
109	
97	98	102	

pre	271	crt	241
225	
240	
271	
225	240	

pre	271	crt	241
225	
240	
271	
225	240	

pre	109	crt	100
97	
98	
102	
109	
97	98	102	

pre	271	crt	241
225	
240	
271	
225	240	

pre	271	crt	241
225	
240	
271	
225	240	

pre	252	crt	250
227	
235	
252	
227	235	

pre	21	crt	7
5	
10	
21	
5	10	

pre	302	crt	298
279	
302	
303	
279	303	

pre	109	crt	100
97	
98	
102	
109	
97	98	102	

pre	271	crt	241
225	
240	
271	
225	240	

pre	271	crt	241
225	
240	
271	
225	240	

pre	109	crt	100
97	
98	
102	
109	
97	98	102	

pre	271	crt	241
225	
240	
271	
225	240	

pre	271	crt	241
225	
240	
271	
225	240	

pre	302	crt	298
279	
302	
303	
279	303	

pre	109	crt	100
97	
98	
102	
109	
97	98	102	

pre	271	crt	241
225	
240	
271	
225	240	

pre	271	crt	241
225	
240	
271	
225	240	

pre	109	crt	100
97	
98	
102	
109	
97	98	102	

pre	271	crt	241
225	
240	
271	
225	240	

pre	271	crt	241
225	
240	
271	
225	240	

pre	21	crt	7
5	
10	
21	
5	10	

pre	302	crt	298
279	
302	
303	
279	303	

pre	109	crt	100
97	
98	
102	
109	
97	98	102	

pre	271	crt	241
225	
240	
271	
225	240	

pre	271	crt	241
225	
240	
271	
225	240	

pre	109	crt	100
97	
98	
102	
109	
97	98	102	

pre	271	crt	241
225	
240	
271	
225	240	

pre	271	crt	241
225	
240	
271	
225	240	

pre	302	crt	298
279	
302	
303	
279	303	

pre	109	crt	100
97	
98	
102	
109	
97	98	102	

pre	271	crt	241
225	
240	
271	
225	240	

pre	271	crt	241
225	
240	
271	
225	240	

pre	109	crt	100
97	
98	
102	
109	
97	98	102	

pre	271	crt	241
225	
240	
271	
225	240	

pre	271	crt	241
225	
240	
271	
225	240	

pre	66	crt	91
66	
93	
110	
93	110	

pre	252	crt	250
227	
235	
252	
227	235	

pre	21	crt	7
5	
10	
21	
5	10	

pre	302	crt	298
279	
302	
303	
279	303	

pre	109	crt	100
97	
98	
102	
109	
97	98	102	

pre	271	crt	241
225	
240	
271	
225	240	

pre	271	crt	241
225	
240	
271	
225	240	

pre	109	crt	100
97	
98	
102	
109	
97	98	102	

pre	271	crt	241
225	
240	
271	
225	240	

pre	271	crt	241
225	
240	
271	
225	240	

pre	302	crt	298
279	
302	
303	
279	303	

pre	109	crt	100
97	
98	
102	
109	
97	98	102	

pre	271	crt	241
225	
240	
271	
225	240	

pre	271	crt	241
225	
240	
271	
225	240	

pre	109	crt	100
97	
98	
102	
109	
97	98	102	

pre	271	crt	241
225	
240	
271	
225	240	

pre	271	crt	241
225	
240	
271	
225	240	

pre	21	crt	7
5	
10	
21	
5	10	

pre	302	crt	298
279	
302	
303	
279	303	

pre	109	crt	100
97	
98	
102	
109	
97	98	102	

pre	271	crt	241
225	
240	
271	
225	240	

pre	14	crt	3
2	
4	
14	
2	4	

pre	20	crt	44
20	
80	
80	

pre	34	crt	0
34	


pre	20	crt	44
20	
80	
80	

pre	34	crt	0
34	


pre	14	crt	3
2	
4	
14	
2	4	

pre	20	crt	44
20	
80	
80	

pre	34	crt	0
34	


pre	20	crt	44
20	
80	
80	

pre	34	crt	0
34	


pre	271	crt	241
225	
240	
271	
225	240	

pre	14	crt	3
2	
4	
14	
2	4	

pre	20	crt	44
20	
80	
80	

pre	34	crt	0
34	


pre	20	crt	44
20	
80	
80	

pre	34	crt	0
34	


pre	14	crt	3
2	
4	
14	
2	4	

pre	20	crt	44
20	
80	
80	

pre	34	crt	0
34	


pre	20	crt	44
20	
80	
80	

pre	34	crt	0
34	


pre	109	crt	100
97	
98	
102	
109	
97	98	102	

pre	271	crt	241
225	
240	
271	
225	240	

pre	14	crt	3
2	
4	
14	
2	4	

pre	20	crt	44
20	
80	
80	

pre	34	crt	0
34	


pre	20	crt	44
20	
80	
80	

pre	34	crt	0
34	


pre	14	crt	3
2	
4	
14	
2	4	

pre	20	crt	44
20	
80	
80	

pre	34	crt	0
34	


pre	20	crt	44
20	
80	
80	

pre	34	crt	0
34	


pre	271	crt	241
225	
240	
271	
225	240	

pre	14	crt	3
2	
4	
14	
2	4	

pre	20	crt	44
20	
80	
80	

pre	34	crt	0
34	


pre	20	crt	44
20	
80	
80	

pre	34	crt	0
34	


pre	14	crt	3
2	
4	
14	
2	4	

