start	1
current	0
selected	35
size	4	1	35	39	40	
start	5
current	4
selected	16
size	9	3	4	5	13	15	16	17	24	25	
start	11
current	10
selected	7
size	12	6	7	8	11	19	20	22	27	28	31	34	54	
start	21
current	20
selected	24
size	7	2	17	21	24	37	45	81	
start	29
current	28
selected	18
size	21	3	6	8	13	18	19	20	22	23	25	28	29	34	41	42	47	50	51	52	56	83	
start	30
current	29
selected	26
size	17	7	10	12	26	27	30	31	33	38	57	58	59	60	62	65	69	82	
start	38
current	37
selected	46
size	13	9	12	14	26	30	32	33	36	38	43	46	60	62	
start	67
current	66
selected	66
size	19	14	32	33	36	43	62	66	67	71	73	92	94	95	97	102	109	111	128	130	
start	79
current	78
selected	40
size	3	40	77	79	
start	84
current	83
selected	88
size	20	25	44	47	48	61	63	78	81	83	84	85	86	88	115	116	122	123	141	148	308	
start	97
current	96
selected	102
size	17	67	73	82	89	92	93	94	95	97	102	109	111	113	128	130	131	167	
start	99
current	98
selected	90
size	61	53	54	55	57	58	59	60	64	65	68	69	70	72	74	75	76	80	82	87	90	91	93	96	98	99	100	101	103	104	105	106	107	110	112	114	118	119	120	121	124	125	126	127	129	132	133	134	135	140	142	143	144	145	146	150	152	153	156	162	163	183	
start	103
current	102
selected	101
size	59	53	54	55	57	58	59	60	64	65	68	69	70	72	74	75	76	80	82	87	90	91	93	96	98	99	100	101	103	104	105	106	107	110	112	114	118	119	120	121	124	125	126	127	129	132	133	134	135	140	142	143	144	146	152	153	156	160	162	163	
start	171
current	170
selected	185
size	58	107	108	114	117	118	120	125	126	134	138	139	140	142	143	144	145	146	147	149	150	151	152	153	154	155	156	163	164	165	166	169	171	172	173	184	185	192	194	197	202	203	207	210	213	214	216	220	222	223	224	225	227	230	238	239	240	244	265	
start	204
current	203
selected	208
size	51	132	135	156	160	161	162	174	175	176	177	178	179	180	181	182	183	186	187	188	189	190	191	195	196	198	199	200	201	204	205	206	208	209	212	217	218	219	221	229	231	232	233	234	243	245	246	247	248	254	258	276	
start	211
current	210
selected	193
size	21	113	131	157	158	167	174	176	180	186	187	193	195	198	199	211	217	218	231	260	270	287	
start	214
current	213
selected	194
size	55	139	145	147	149	150	152	153	154	155	163	164	165	166	169	171	172	173	184	185	192	194	196	197	201	202	203	206	207	210	213	214	216	220	222	223	224	225	227	230	238	239	240	241	243	244	249	250	252	264	265	266	268	269	277	279	
start	253
current	252
selected	257
size	9	228	235	236	237	251	253	257	295	306	
start	272
current	271
selected	242
size	7	215	226	241	242	272	299	304	
start	291
current	290
selected	289
size	10	234	247	248	258	276	281	289	291	292	298	
start	303
current	302
selected	294
size	19	265	266	274	277	278	279	280	283	285	286	290	293	294	299	300	301	302	303	304	
start	306
current	305
selected	307
size	6	253	295	296	305	306	307	
