303
194  238  240  241  244  261  265  266  268  269  272  273  274  277  278  279  280  282  283  284  285  286  288  290  291  292  293  294  298  299  300  301  302  303  304  305  
106
54  56  64  70  72  74  75  76  80  83  87  90  91  96  98  99  101  103  104  105  106  107  108  110  112  114  117  118  119  120  121  124  125  126  127  129  133  134  140  142  143  144  145  146  152  153  156  162  163  183  201  
84
15  23  24  25  41  44  45  47  48  49  51  52  61  63  77  78  81  83  84  85  86  88  91  108  115  116  117  122  123  136  137  138  141  148  168  170  215  308  
204
100  124  131  132  135  143  153  156  159  160  161  162  174  175  176  177  178  179  180  181  182  183  186  187  188  189  190  191  195  196  198  199  200  201  204  205  206  207  208  209  211  212  217  218  219  221  229  231  232  233  234  243  245  246  247  248  249  254  256  258  259  263  276  281  291  
194
83  107  108  114  115  117  126  134  138  139  140  141  143  144  145  146  147  149  150  151  152  153  154  155  163  164  165  166  168  169  171  172  173  184  185  192  194  196  197  201  202  203  206  207  210  213  214  215  216  220  222  223  224  225  226  227  228  230  238  239  240  241  242  243  244  249  250  252  261  264  265  266  268  269  271  273  277  279  280  285  286  294  308  
93
27  30  31  46  53  54  55  57  58  59  60  62  64  65  66  68  69  70  71  72  73  74  75  76  80  82  87  89  90  91  93  94  95  96  97  98  99  100  101  102  103  104  105  106  107  110  112  113  118  119  120  121  124  125  127  129  131  132  133  134  135  159  160  161  162  177  178  181  191  
67
9  14  26  32  33  36  38  43  46  60  62  66  67  71  73  89  92  94  95  97  102  109  111  113  128  130  131  157  158  
29
3  4  6  8  11  13  15  18  19  20  22  23  24  25  28  29  31  34  41  42  44  47  50  51  52  54  56  83  88  91  108  
211
102  109  113  128  130  131  132  157  158  159  167  174  176  177  180  186  187  193  195  198  199  208  211  217  218  231  232  255  259  260  270  287  289  
21
1  2  5  16  17  21  24  25  37  39  45  49  77  81  86  
79
35  39  40  77  79  81  237  
272
141  197  215  220  226  228  240  241  242  261  272  280  299  303  304  305  308  
30
7  9  10  11  12  14  26  27  30  31  32  33  34  36  38  46  53  57  58  59  60  62  65  66  68  69  70  74  82  89  93  
291
212  232  233  234  246  247  248  254  256  258  267  276  281  287  288  289  291  292  297  298  300  
306
251  253  257  295  296  304  305  306  307  
253
79  215  228  235  236  237  251  253  257  295  296  305  306  307  
