0,(8409,277),(5593,4717),(9310,5263),(4505,3082),(7447,2840),(4050,5202),(1371,5819),(7232,7132),(1670,2913),(11589,7311),(13121,5328),(9198,1642),(3657,7110),(4108,738),(12028,193),(11804,2146)
1,(8659,258),(5581,4473),(9559,5276),(4317,3140),(7440,2590),(4050,5202),(1621,5829),(6981,7139),(1422,2939),(11616,7560),(13221,5303),(9198,1892),(3908,7110),(4358,738),(12278,184),(11554,2153)
2,(8551,266),(5607,4188),(9162,5256),(4122,3239),(7436,2304),(3969,5207),(1907,5851),(6803,7144),(1137,2970),(11646,7844),(13409,5484),(9198,2178),(4194,7110),(4643,738),(12563,175),(11270,2173)
3,(8262,325),(5604,4239),(9518,5274),(4518,2934),(7449,1976),(3641,5227),(2234,5880),(7131,7135),(811,3004),(11646,7848),(13605,5747),(9188,2505),(4522,7110),(4971,738),(12892,164),(10968,2300)
4,(8262,682),(5585,4356),(9162,5256),(4495,3149),(7440,2196),(3661,5226),(2588,5912),(7380,7020),(803,3005),(11609,7494),(13817,6033),(9190,2466),(4878,7110),(5327,738),(12969,449),(10639,2438)
5,(8262,1013),(5505,4643),(9162,4924),(4405,2929),(7438,2528),(3993,5205),(2919,5942),(7380,6688),(1133,2970),(11574,7164),(14016,6299),(8992,2343),(4833,7110),(5660,738),(12974,585),(10333,2566)
6,(7434,270),(5296,4773),(9162,4700),(4105,2916),(7447,2828),(4117,5039),(2973,5947),(7380,6387),(1431,2938),(11273,7168),(14195,6540),(8692,2349),(4629,7000),(5704,738),(12964,285),(10318,2573)
7,(8262,950),(5576,4657),(9162,5062),(3805,3004),(7452,2988),(4344,5222),(2611,5914),(7380,6503),(1793,2900),(10911,7173),(14412,6831),(8328,2356),(4579,6641),(5341,738),(12720,169),(10653,2432)
8,(8262,623),(5708,4769),(9164,5391),(4518,2934),(7378,3089),(4671,5188),(2284,5885),(7380,6831),(1769,2598),(10582,7177),(14228,6584),(8522,2352),(4535,6315),(5013,738),(12392,180),(10956,2305)
9,(7434,270),(5850,4597),(9169,5726),(3516,3330),(7211,3379),(4923,5258),(1951,5855),(7418,7129),(1715,2267),(10343,7181),(14028,6315),(8857,2346),(4546,6400),(4677,738),(12058,192),(11265,2176)
10,(7921,280),(5634,4860),(9175,6066),(3698,3330),(7073,3690),(4841,5184),(1612,5828),(7757,7137),(1589,2022),(10683,7176),(13824,6043),(8262,2358),(4592,6737),(4337,738),(11880,360),(11601,2151)
11,(7616,273),(5618,5166),(9126,6316),(4005,3340),(7063,3722),(4536,5202),(1306,5817),(7380,7128),(1283,2044),(10989,7172),(13642,5797),(9198,2033),(4634,7040),(4032,738),(11880,665),(11908,2143)
12,(7272,270),(5630,4929),(8781,6307),(4348,3348),(7197,3406),(4050,5202),(1259,6073),(8099,7488),(940,2069),(11333,7167),(13436,5521),(9198,1689),(4370,7110),(3688,757),(12187,696),(11937,1842)
13,(6862,270),(5973,4860),(8584,6302),(4406,3279),(7404,3052),(4078,5462),(1224,5814),(7889,7643),(531,2098),(11535,6998),(13145,5322),(9125,1292),(3960,7110),(3279,786),(12598,690),(11916,1432)
14,(6542,284),(6294,4860),(8903,6310),(4590,3333),(7472,3227),(4104,5781),(1271,6162),(7570,7608),(478,2321),(11462,6686),(13266,5292),(9016,991),(3639,7110),(2960,808),(12917,684),(11900,1112)
15,(6763,270),(6391,5021),(9162,5256),(4420,3343),(7496,3502),(4150,6052),(1234,5889),(7608,7612),(536,2590),(11399,6417),(13102,5332),(8922,732),(3538,6966),(2684,828),(12761,687),(11886,836)
16,(7080,270),(6253,5220),(9173,6634),(4518,2934),(7488,3417),(4431,6166),(1168,5579),(7923,7647),(603,2900),(11425,6527),(13121,5328),(8814,434),(3599,6655),(2368,850),(12445,692),(11880,520)
17,(7402,270),(5932,5220),(9166,6956),(3842,3260),(7461,3096),(4748,6223),(1094,5265),(8104,7541),(588,2832),(11498,6841),(13239,5298),(8791,372),(3661,6339),(2308,854),(12122,698),(11952,2142)
18,(7421,573),(5598,5219),(9165,7001),(3775,2954),(7670,2933),(5078,6253),(1027,4937),(8070,7208),(518,2505),(11576,7163),(13185,5312),(8905,686),(3510,7110),(2641,831),(11884,792),(11880,532)
19,(7416,942),(5320,5204),(9173,6631),(3505,2982),(7594,2952),(4050,5202),(951,4574),(8084,6839),(440,2144),(11945,7125),(13437,5522),(9031,1034),(3611,5659),(3011,805),(11903,1162),(11880,502)
20,(7433,1238),(5634,4860),(9179,6335),(3800,2951),(7315,2927),(4746,6223),(953,4327),(8095,6667),(688,2087),(12239,7094),(13614,5759),(9132,1312),(3519,5377),(3306,784),(11917,1458),(11880,205)
21,(7799,1344),(6094,5220),(9172,5855),(4278,2923),(7378,2955),(4586,5952),(1131,4293),(7380,7128),(1166,2052),(12716,7045),(13900,6144),(9100,1225),(3576,5554),(3784,750),(11941,1937),(11880,669)
22,(8004,1331),(6299,5220),(9168,5650),(4482,2932),(7448,2862),(4609,5872),(929,4332),(8268,7146),(1370,2037),(12919,7023),(14022,6308),(9030,1032),(3640,5749),(3948,711),(11880,198),(11888,873)
23,(8188,1318),(6397,4960),(9163,5319),(4608,2745),(7438,2530),(4050,5202),(964,4633),(8600,7146),(1678,2043),(13250,6989),(14220,6575),(8917,720),(3768,5975),(3817,405),(12283,2125),(11905,1205)
24,(7858,1340),(6390,4631),(8894,5246),(4928,2736),(7607,2355),(4201,6096),(1198,4765),(8930,7146),(1731,2369),(13025,7012),(13266,5292),(8805,409),(4019,5760),(3908,617),(12613,2109),(11921,1535)
25,(7490,1365),(6390,4263),(8527,5234),(5039,2825),(7730,2105),(4029,5936),(1224,5814),(9025,7146),(1791,2733),(12659,7050),(14198,6544),(8548,266),(3908,5855),(3999,972),(12981,2091),(11940,1903)
26,(7416,1121),(6280,4075),(8240,5224),(5005,2571),(7724,1962),(3983,6072),(1279,4770),(8737,7146),(1841,3015),(12373,7080),(14026,6314),(9198,1494),(3716,6058),(4046,1255),(12832,2098),(11903,2143)
27,(7416,744),(6156,4062),(8101,4964),(4808,2736),(7452,2988),(3954,6070),(1007,4838),(8360,7146),(1913,3387),(11997,7119),(13801,6011),(8639,260),(3643,6429),(4027,1143),(12454,2117),(11526,2153)
28,(7426,448),(6390,4148),(8082,4668),(4616,2832),(7445,2374),(4056,5911),(1065,5129),(7380,7128),(1953,3593),(11703,7150),(13624,5773),(8561,265),(3586,6719),(3978,850),(12158,2131),(11322,2232)
29,(7653,274),(6390,4545),(8107,5052),(4502,3122),(7049,2341),(4400,5713),(1404,5189),(7666,7135),(1877,3202),(11305,7167),(13386,5454),(8359,280),(3510,7110),(3676,758),(11942,1951),(11552,2453)
30,(7939,280),(6405,4831),(8000,5226),(4241,3137),(6840,2245),(4660,5595),(1554,5042),(7380,7128),(1822,2921),(11019,7171),(13316,5359),(8645,259),(3516,7395),(3391,778),(11928,1665),(11837,2461)
31,(8260,287),(6115,4860),(7679,5243),(4518,2934),(6840,1926),(4961,5488),(1562,4854),(7428,7444),(1770,2605),(10700,7176),(13507,5616),(8531,268),(3523,7716),(3071,800),(11912,1345),(12158,2459)
32,(8262,615),(5785,4860),(7518,5251),(4121,3021),(6840,1860),(5206,5280),(1224,5814),(7425,7420),(1717,2279),(10370,7180),(13704,5881),(8321,283),(3524,7757),(2742,824),(11895,1015),(12487,2449)
33,(8262,1022),(5634,4860),(7924,5230),(4104,2615),(6840,2266),(5153,4981),(1142,5199),(7489,7130),(1535,2026),(10321,7513),(13946,6206),(8727,253),(3515,7352),(2337,852),(11971,700),(12894,2435)
34,(7434,270),(5619,5151),(8216,5223),(4263,2489),(7075,2343),(4880,4890),(1132,5426),(7782,7138),(1244,2047),(10320,7495),(14121,6441),(8477,272),(3460,7110),(2309,854),(12264,695),(13061,2312)
35,(8280,1627),(5628,4973),(8530,5234),(4578,2501),(7388,2371),(4756,4883),(1204,5732),(8031,7145),(930,2069),(11574,7164),(14308,6693),(8359,280),(3145,7110),(2623,832),(12577,690),(13054,2178)
36,(8190,1904),(5809,4647),(8918,5247),(4590,2374),(7092,2344),(4972,4736),(1529,5825),(7642,7134),(542,2097),(10685,7176),(14294,6674),(9198,1494),(2756,7110),(3011,805),(12966,684),(12931,2434)
37,(7937,1896),(5949,4437),(9162,5245),(4599,2628),(7452,2988),(4984,4876),(1709,5743),(7390,7128),(573,2095),(10937,7172),(14143,6471),(8834,489),(2503,7110),(3263,787),(12990,925),(12678,2442)
38,(7848,1893),(6023,4108),(9162,4903),(4518,2934),(6840,2322),(5019,5088),(1975,5624),(7430,7456),(914,2071),(11280,7168),(13939,6197),(8950,811),(2162,7079),(3604,763),(13007,1267),(12335,2454)
39,(8176,1904),(5998,4316),(9173,4577),(4262,2489),(6556,2726),(5129,5194),(2300,5589),(7424,7779),(1241,2047),(11606,7160),(13744,5934),(9062,1118),(3510,7110),(3931,740),(13024,1594),(12008,2464)
40,(8285,1694),(5840,4608),(9346,4401),(4117,2307),(7452,2988),(5149,5347),(2635,5552),(7556,7959),(1576,2023),(11941,7125),(13543,5665),(9176,1434),(2171,7080),(4010,1041),(13041,1930),(11673,2457)
41,(8265,1369),(5634,4860),(9671,4423),(4104,2517),(6545,2723),(5093,5632),(2958,5517),(7881,7968),(1447,2032),(12264,7092),(13349,5404),(9198,1756),(2484,7121),(4064,1362),(13041,1921),(11369,2420)
42,(7981,1332),(5971,4860),(9162,5256),(4104,2855),(6857,2664),(4911,5506),(2790,5535),(8017,7971),(1111,2056),(12599,7057),(13383,5450),(9198,2093),(2491,7458),(4076,1699),(13024,1584),(11373,2158)
43,(7638,1355),(6314,4860),(9665,4423),(4129,3195),(7452,2988),(4587,5621),(2449,5572),(7675,7962),(769,2081),(12940,7021),(13588,5725),(9192,2436),(2499,7802),(4085,2041),(13006,1241),(11716,2148)
44,(7300,1363),(6390,4616),(9327,4400),(4120,3531),(7176,2352),(4585,5712),(2112,5609),(7407,7895),(1818,2898),(13277,6986),(13790,5996),(9164,2773),(2740,7902),(4249,2250),(12989,903),(12053,2136)
45,(6959,1352),(6390,4275),(9170,4601),(4140,3872),(7516,2366),(4325,5752),(1773,5646),(7446,7558),(772,2081),(12987,7016),(13993,6270),(9190,2467),(3080,7902),(3960,738),(12984,804),(12394,2120)
46,(7434,270),(6243,4071),(8887,4662),(4140,4207),(7851,2343),(4104,5781),(1798,5841),(7395,7225),(1107,2057),(12653,7051),(14194,6539),(9198,2130),(3416,7902),(4253,2250),(13001,1140),(12730,2103)
47,(6458,1383),(5928,4050),(8571,4662),(4140,4044),(8166,2354),(4079,5467),(2112,5869),(7163,7134),(1421,2034),(12340,7084),(14382,6792),(9198,1816),(3323,7902),(3960,738),(13017,1455),(13045,2088)
48,(6773,1342),(5607,4051),(8249,4662),(4138,3723),(8280,2132),(4103,5215),(2433,5898),(6841,7143),(1605,2020),(12019,7117),(14260,6628),(9198,1494),(3001,7902),(4077,1748),(13034,1777),(12733,2103)
49,(7135,1358),(5322,4253),(8275,4662),(4105,3361),(8287,2044),(3929,5209),(2794,5930),(6744,6876),(1244,2047),(11659,7155),(14044,6338),(9198,1856),(2640,7902),(3960,738),(13047,2037),(12371,2121)
50,(7437,1367),(5476,4099),(8579,4662),(4130,3636),(8262,2347),(3626,5228),(1224,5814),(6738,6573),(941,2069),(11596,7379),(13863,6095),(9198,2158),(2498,7737),(4368,1344),(13031,1734),(12068,2136)
51,(7452,1780),(5634,4860),(9005,4662),(4458,3755),(7847,2343),(3200,5226),(2671,5919),(6734,6417),(516,2099),(11642,7803),(13609,5753),(8953,2344),(2488,7310),(4790,1286),(13010,1308),(12260,2126)
52,(7595,1898),(5634,4860),(9162,4776),(4729,3764),(7733,2174),(3155,5224),(2400,5895),(6740,6688),(618,2092),(11657,7945),(13446,5535),(8681,2349),(2554,7110),(4911,1270),(12996,1036),(12532,2113)
53,(7545,1901),(5918,4050),(9162,5079),(5032,3775),(7740,1890),(3458,5237),(2098,5868),(6746,6992),(920,2070),(11625,7643),(13266,5292),(8378,2355),(2857,7110),(4611,1311),(12980,733),(12835,2098)
54,(7452,1593),(5876,3866),(9165,5487),(4891,3770),(8148,1903),(3595,5611),(1224,5814),(6750,7400),(1327,2041),(11581,7237),(13509,5619),(8554,2352),(3265,7110),(4206,1366),(12619,689),(13060,2280)
55,(7452,1398),(5634,4860),(9170,5743),(4636,3761),(8192,1904),(3674,5853),(1436,5822),(6750,7654),(1582,2022),(11532,6987),(13661,5824),(8809,2347),(3510,7121),(4049,1272),(12364,694),(13062,2323)
56,(7452,1733),(5776,4350),(9175,6079),(4299,3749),(7857,1894),(4050,5202),(1195,5694),(6750,7921),(1430,2033),(11456,6660),(13862,6093),(9144,2341),(3517,7457),(3993,940),(12029,699),(13055,2188)
57,(7445,2068),(5634,4860),(9275,6315),(4124,3569),(7730,2090),(3561,5997),(1118,5367),(6750,7586),(1096,2057),(11379,6333),(14062,6362),(9182,2622),(3525,7791),(4089,738),(12065,698),(13063,2337)
58,(7436,2317),(5796,4326),(9642,6304),(4127,3205),(7855,2343),(3196,5966),(1276,5194),(6750,7219),(731,2084),(11299,5976),(14281,6656),(9198,1494),(3783,7913),(4455,738),(12432,692),(12933,2093)
59,(7447,2017),(5920,4054),(9678,6303),(4365,3143),(8156,2354),(3294,5975),(1575,5183),(6524,7130),(1818,2898),(11233,5683),(14375,6783),(8897,2345),(4083,7927),(4755,738),(12731,688),(12633,2108)
60,(7452,1666),(5577,4056),(9327,6313),(4518,2934),(8018,2349),(3643,6004),(1926,5173),(6398,7284),(781,2080),(11157,5341),(14166,6502),(8548,2352),(4433,7943),(5105,738),(12974,580),(12283,2125)
61,(7447,1335),(5595,3898),(8995,6313),(4636,3158),(7686,2346),(3477,5990),(2258,5171),(6066,7272),(1112,2056),(11199,5530),(13968,6235),(8307,2357),(4711,7907),(5438,738),(12962,247),(11952,2142)
62,(7303,1104),(5608,3993),(8662,6304),(4636,3167),(7436,2455),(3144,5962),(1224,5814),(5731,7259),(1445,2032),(11272,5857),(13768,5967),(8642,2350),(4683,7574),(5772,738),(12968,410),(11618,2151)
63,(6990,1071),(5600,4306),(8608,6303),(4706,2930),(7445,2769),(3360,5980),(2228,5018),(5778,7260),(1687,2099),(11341,6163),(13581,5715),(8956,2344),(4656,7261),(5577,738),(12980,723),(11952,2142)
64,(7148,1088),(5306,4289),(8959,6312),(4518,2934),(7463,3121),(3711,6010),(2310,5100),(6129,7274),(1744,2447),(11333,6128),(13371,5433),(9198,2229),(4660,7309),(5225,738),(12998,1075),(11656,2150)
65,(7434,1243),(5098,4296),(9176,6495),(5452,2934),(7497,3518),(4045,5922),(2190,5134),(6528,7289),(1808,2840),(11246,5739),(13266,5292),(9198,1832),(4694,7705),(4827,738),(13018,1473),(11946,2040)
66,(7326,1364),(5345,4305),(9170,6746),(5388,2947),(7476,3766),(4255,5789),(1976,5172),(6555,7133),(1786,2707),(11191,5494),(13237,5299),(9198,1580),(3510,7110),(4576,738),(13031,1724),(11934,1789)
67,(6990,1353),(5371,4528),(9163,7083),(5524,3219),(7416,4098),(4050,5202),(1641,5181),(6747,7005),(1732,2375),(11166,5381),(13189,5311),(9113,1259),(4380,7940),(4241,738),(13048,2060),(11917,1453)
68,(6891,1100),(5031,4572),(9168,6844),(5448,3092),(7773,4104),(4230,5802),(1818,5176),(6739,6640),(1818,2898),(11245,5736),(13111,5330),(8989,917),(4016,7924),(3927,661),(13032,1752),(11899,1089)
69,(7434,270),(5265,4572),(9175,6519),(5202,2932),(7991,4104),(4148,6046),(2145,5167),(6732,6314),(1726,2337),(11317,6055),(13103,5332),(8878,611),(3690,7909),(3798,361),(13016,1426),(11883,763)
70,(6846,1658),(5551,4606),(9178,6209),(4894,2922),(7683,4104),(4050,5202),(2166,4989),(7007,6274),(1776,2643),(11367,6278),(13234,5299),(8772,320),(3382,7902),(3919,642),(13000,1117),(11892,948)
71,(6868,1426),(5429,4429),(9171,5838),(4616,2830),(7412,4208),(3663,5819),(2002,5171),(7380,7128),(1799,2785),(11285,5915),(13227,5301),(8849,533),(3010,7902),(4227,738),(12981,745),(11910,1320)
72,(7434,270),(5581,4473),(9166,5508),(4843,2736),(7402,4537),(3561,5506),(1673,5180),(7709,6272),(1746,2460),(11213,5594),(13115,5329),(8961,842),(2680,7902),(4556,738),(12968,417),(11927,1649)
73,(6697,1036),(5585,4441),(9110,5254),(5009,2610),(7452,2988),(3452,5237),(1368,5190),(8013,6279),(1697,2160),(11147,5297),(13121,5328),(9065,1128),(2499,7777),(4861,738),(12910,163),(11942,1953)
74,(6743,853),(5615,4053),(8722,5240),(4672,2512),(7404,4452),(3062,5220),(1060,5103),(8102,6565),(1713,2256),(11221,5630),(13174,5314),(9198,1494),(2490,7387),(5250,738),(12522,176),(12151,2132)
75,(6676,1123),(5890,4050),(8444,5231),(4783,2527),(7413,4174),(2784,5205),(1005,4830),(8337,6629),(1758,2530),(11282,5901),(13195,5309),(9198,1772),(3510,7110),(5528,738),(12243,185),(12429,2118)
76,(6517,1364),(5848,4241),(9162,5256),(5014,2660),(7162,4072),(2459,5187),(1235,4767),(8470,6438),(1810,2852),(11354,6220),(13081,5338),(9198,2098),(2809,7110),(5810,738),(11917,196),(12755,2102)
77,(6194,1437),(6011,4050),(8096,4889),(4766,2736),(7011,3901),(2660,5198),(1224,5814),(8467,6492),(1772,2616),(11325,6092),(13128,5326),(9198,2250),(3141,7110),(5479,738),(11586,203),(13014,2089)
78,(6109,1452),(5878,3877),(8210,4662),(4518,2934),(7326,3877),(3017,5218),(1209,4765),(8253,6621),(1714,2263),(11247,5743),(13213,5305),(9198,1894),(3497,7110),(5121,738),(11229,209),(12657,2107)
79,(6416,1395),(6001,4050),(8524,4662),(4312,2925),(7639,3888),(4050,5202),(1008,4843),(8108,6447),(1683,2077),(11178,5438),(13191,5310),(9198,1580),(3568,6814),(4808,738),(10917,215),(12344,2122)
80,(6660,1187),(5637,4050),(8889,4662),(4260,2922),(8004,3888),(3118,5223),(1224,5814),(8317,6291),(1742,2437),(11185,5466),(13114,5329),(9103,1232),(3638,6456),(4443,738),(10551,221),(11979,2140)
81,(6735,884),(5906,4050),(9122,4662),(4572,2934),(7452,2988),(3431,5236),(1151,5506),(8326,6292),(1793,2745),(11253,5771),(13114,5329),(8997,939),(3698,6150),(4131,738),(10239,226),(11668,2149)
82,(6952,745),(5799,4323),(8807,4662),(4637,3196),(8000,3888),(3746,5220),(1224,5814),(8010,6279),(1656,2915),(11322,6079),(13238,5298),(8889,642),(3859,5897),(3983,880),(9923,232),(11352,2158)
83,(7321,725),(5634,4860),(8436,4662),(4879,3344),(7629,3888),(4057,5267),(1273,6180),(7640,6270),(1288,2954),(11348,6194),(13221,5303),(8763,294),(4104,5735),(4044,1245),(9553,238),(11625,2151)
84,(7208,731),(5429,4585),(8134,4662),(5038,3177),(7476,3766),(4090,5568),(1224,5814),(7338,6265),(988,2986),(11282,5900),(13083,5337),(8835,493),(4104,5698),(4226,1364),(9251,243),(11927,2142)
85,(6863,750),(5383,4719),(8373,4662),(4518,2934),(7617,3460),(4308,5595),(1374,6819),(6994,6274),(645,3022),(11207,5564),(13114,5329),(8952,817),(3990,5972),(4567,1317),(8907,249),(11936,1822)
86,(6691,460),(5017,4697),(8774,4662),(5161,2751),(7452,2988),(4678,5438),(1362,6753),(6595,6254),(548,2647),(11164,5375),(13156,5319),(9089,1194),(4149,6083),(4965,1262),(8988,247),(11915,1421)
87,(6656,324),(5157,4746),(9027,4662),(5156,2497),(7702,3339),(4050,5202),(1318,6503),(6396,6214),(495,2400),(11220,5622),(13190,5310),(9175,1431),(4087,5883),(4756,1291),(9242,243),(11903,1168)
88,(6741,654),(5137,4958),(9189,4457),(5148,2156),(7452,2988),(4596,5470),(1271,6165),(6731,6281),(440,2145),(11294,5955),(13089,5336),(9198,1769),(3958,6070),(4417,1337),(9583,237),(11886,827)
89,(6862,985),(5411,4958),(9181,4105),(4828,2107),(7819,3538),(4271,5611),(1224,5815),(6739,6633),(514,2490),(11372,6300),(13098,5333),(9198,2121),(4305,6128),(3960,738),(9935,231),(11880,474)
90,(6770,761),(5634,4860),(9565,4056),(4422,2087),(8205,3637),(4306,5595),(1627,5829),(6747,7039),(600,2887),(11464,6696),(13135,5324),(9009,2343),(4543,6375),(4078,1792),(10342,224),(11880,326)
91,(6707,522),(5172,5196),(9812,4037),(4175,2074),(8304,3837),(4468,5522),(1224,5814),(6891,7141),(607,2919),(11520,6936),(13204,5307),(8762,2348),(4576,6620),(4085,2038),(10589,220),(11880,573)
92,(7434,270),(5032,5074),(9564,4056),(4383,2085),(8169,3627),(4114,5683),(2113,5609),(7278,7130),(525,2540),(11590,7318),(13150,5320),(8374,2355),(4629,7004),(4076,1712),(10894,318),(11892,961)
93,(6592,606),(5243,4825),(9238,4081),(4710,2101),(7855,3535),(3863,5894),(2439,5574),(7380,6901),(456,2220),(11625,7643),(13063,5342),(8475,2353),(4865,7110),(3960,738),(10965,637),(11909,1288)
94,(6569,511),(4971,4681),(9173,3776),(5078,2120),(7533,3620),(3668,5833),(2805,5533),(7380,6534),(484,2351),(11574,7164),(13137,5324),(8844,2346),(4811,7110),(4007,1022),(11045,997),(11927,1656)
95,(7434,270),(4993,4456),(9171,3688),(5151,2282),(7622,3452),(3597,5615),(3033,5508),(7380,6304),(533,2575),(11639,7782),(13185,5312),(9073,2342),(4581,7110),(3969,796),(11095,1220),(11939,1885)
96,(6124,288),(4988,4539),(9179,4079),(5160,2674),(7452,2988),(3475,5242),(2661,5549),(7398,5913),(615,2958),(11598,7391),(13134,5324),(9183,2607),(4190,7110),(3828,431),(11180,1603),(11817,2145)
97,(7434,270),(5110,4730),(9196,4372),(5163,2967),(7679,3370),(3562,5511),(2370,5581),(7414,5621),(582,2804),(11636,7157),(13113,5330),(9193,2428),(3897,7110),(3882,556),(11243,1888),(11524,2153)
98,(6157,288),(5403,4706),(9162,5256),(5022,3179),(7503,3594),(3664,5821),(2046,5617),(7431,5295),(513,2485),(11960,7123),(13228,5301),(9184,2577),(3572,7110),(3831,747),(11293,2113),(11408,2157)
99,(6477,288),(5598,4736),(9173,3766),(4846,3342),(7476,3275),(3688,5897),(1224,5814),(7419,5535),(446,2172),(12279,7090),(13183,5312),(9192,2431),(3768,7110),(3512,769),(11224,1800),(11729,2148)
100,(6596,623),(5634,4860),(9175,3852),(4464,3341),(7365,2949),(3570,5534),(1890,5849),(7398,5917),(498,2412),(12659,7050),(13122,5327),(9198,2049),(4150,7110),(3130,796),(11141,1427),(12110,2134)
101,(6552,917),(5593,4570),(9178,4008),(4558,3335),(7079,2858),(4050,5202),(2200,5877),(7381,6228),(563,2717),(12968,7018),(13106,5331),(9198,1738),(4461,7110),(2820,818),(11073,1124),(12421,2118)
102,(6435,1209),(5794,4328),(9171,3695),(4633,3102),(6777,2949),(3160,5224),(2513,5905),(7380,6542),(1818,2898),(13281,6986),(13232,5300),(9174,1428),(4626,6980),(2507,840),(11005,817),(12735,2103)
103,(6503,1040),(5657,4493),(9175,3871),(4788,2927),(6733,2857),(3042,5431),(2841,5935),(7380,6871),(560,2701),(12994,7016),(13188,5311),(9061,1117),(4581,6652),(3960,738),(10934,495),(13050,2103)
104,(6623,739),(5676,4471),(9177,3974),(5001,2918),(6985,2886),(3042,5256),(3024,5951),(7390,7198),(491,2381),(12669,7049),(13074,5339),(8950,810),(4536,6328),(2504,840),(10913,215),(11952,2142)
105,(6496,1057),(5867,4191),(9170,3632),(4659,2932),(7119,3038),(2737,5203),(2683,5920),(7442,7536),(444,2164),(12329,7085),(13124,5327),(8833,488),(4322,6133),(2845,816),(11255,209),(11952,2142)
106,(6301,1278),(5875,3863),(9177,3946),(4640,3244),(7114,3170),(4050,5202),(2341,5890),(7733,7626),(516,2499),(11987,7120),(13223,5302),(8778,337),(4323,6133),(3187,792),(11597,203),(12707,2104)
107,(6156,1278),(5903,3977),(9175,3898),(4885,3345),(7452,2988),(2162,4952),(2015,5861),(8059,7661),(585,2819),(11662,7154),(13194,5309),(8890,645),(4398,6156),(3514,769),(11834,198),(12380,2120)
108,(6334,1278),(5911,4007),(9170,3663),(5161,3286),(6809,2777),(2299,5175),(1224,5814),(8118,7933),(745,3011),(11520,6933),(13079,5338),(9001,950),(4083,6079),(3838,746),(11510,204),(12055,2136)
109,(6017,1216),(5836,4050),(9178,4008),(5100,3335),(6921,2800),(2187,5112),(1890,5634),(7380,7128),(1089,2975),(11441,6596),(13116,5329),(9118,1275),(3745,6018),(3996,959),(11163,210),(11939,1900)
110,(5812,957),(5601,3940),(9432,4066),(4518,2934),(7011,2819),(2187,5114),(2218,5598),(8118,7950),(1418,2940),(11386,6360),(13227,5301),(9164,1401),(3666,6316),(4051,1285),(10834,216),(11923,1570)
111,(5979,1167),(5601,3938),(9753,4041),(5091,3335),(7452,2988),(2465,5187),(2538,5563),(8078,7663),(1738,2906),(11459,6674),(13186,5311),(9054,1099),(3604,6632),(4073,1605),(10511,222),(11907,1248)
112,(5893,1059),(5634,4860),(9593,4054),(5166,3673),(7105,2839),(2883,5211),(2954,5517),(7662,7618),(1481,2933),(11554,7082),(13160,5318),(8912,706),(3523,7042),(4084,2024),(10093,229),(11886,830)
113,(5826,765),(5369,4532),(9264,4079),(5166,3555),(7115,3151),(3213,5227),(2801,5534),(7434,7713),(1153,2968),(11328,7167),(13266,5292),(8800,395),(3249,7110),(4078,1785),(9764,234),(11880,500)
114,(5801,905),(5131,4572),(9354,4072),(5132,3332),(7014,3371),(4050,5202),(2542,5562),(7383,7956),(894,2995),(11067,7171),(13229,5301),(8641,259),(2989,7110),(4071,1525),(9503,239),(11880,240)
115,(5832,528),(5220,4572),(9733,4043),(4752,3336),(6973,3563),(3853,5214),(2164,5604),(7002,7956),(743,3011),(10687,7176),(13240,5298),(9198,1494),(2609,7110),(4305,1353),(9124,245),(11880,535)
116,(5832,424),(5634,4860),(9655,4049),(4631,3062),(6873,3550),(4097,5029),(1790,5645),(6872,7956),(1117,2972),(10311,7181),(13174,5314),(8637,260),(2489,7361),(4678,1302),(10872,216),(11880,492)
117,(5832,669),(5341,4303),(9410,4068),(4743,2929),(6649,3641),(4115,4783),(1224,5814),(7119,7956),(1362,2946),(10526,7178),(13118,5328),(8613,261),(2495,7606),(4922,1268),(8994,247),(11880,246)
118,(5832,473),(5634,4860),(9281,4078),(5054,2897),(6752,3589),(4131,4450),(1359,5819),(7344,7956),(1693,2911),(10859,7174),(13226,5301),(8280,286),(2501,7864),(4719,1296),(9326,242),(11880,481)
119,(5993,288),(5478,4097),(9627,4051),(4518,2934),(7017,3368),(4317,4251),(1175,5607),(6996,7956),(1597,2921),(11206,7169),(13211,5305),(8589,263),(2493,7517),(4375,1343),(9674,236),(11886,828)
120,(6302,288),(5247,4286),(9829,4036),(4518,2934),(7117,3099),(4602,4354),(1104,5307),(6750,7895),(1290,2953),(11513,7164),(13079,5338),(8599,263),(2486,7209),(4069,1385),(9982,231),(11901,1136)
121,(6391,288),(5098,4296),(9492,4061),(5087,2920),(7048,2867),(4938,4310),(1034,4976),(6750,7556),(954,2989),(11603,7440),(13123,5327),(9198,1494),(2245,7087),(4012,1054),(10320,225),(11918,1474)
122,(6066,288),(5416,4333),(9192,4085),(5160,2687),(6733,2949),(4745,4335),(969,4656),(6750,7230),(1818,2898),(11637,7765),(13238,5298),(8587,263),(2217,6925),(3957,732),(10646,219),(11934,1800)
123,(5939,288),(5575,4510),(9533,4058),(5152,2345),(6516,2810),(4615,4539),(916,4334),(6750,7402),(970,2987),(11653,7914),(13193,5310),(8567,265),(2113,7064),(3822,417),(10897,329),(11952,2142)
124,(6280,288),(5596,4366),(9874,4032),(5150,2244),(6548,2936),(4050,5202),(1252,4270),(6750,7743),(1309,2951),(11617,7575),(13093,5335),(8296,285),(2232,6905),(3907,615),(10971,662),(11934,1801)
125,(6597,276),(5634,4860),(9573,4055),(5157,2561),(6734,2859),(4714,5177),(991,4320),(6750,7851),(1624,2918),(11584,7259),(13129,5326),(8613,261),(2169,6989),(4144,738),(11039,971),(11919,1484)
126,(6724,587),(5321,4254),(9201,4084),(4518,2934),(6716,2948),(4652,4808),(1175,4285),(6750,7477),(1639,2916),(11297,7167),(13198,5308),(8510,269),(2142,7025),(4517,738),(11120,1335),(11900,1111)
127,(6885,749),(5469,4106),(9195,4356),(4518,2934),(6424,2937),(4612,4518),(1092,4301),(6750,7185),(1349,2947),(11005,7172),(13185,5312),(8304,284),(2244,6889),(4808,738),(11184,1621),(11885,819)
128,(7324,725),(5390,4185),(9162,4791),(4747,2522),(5986,2951),(4050,5202),(1138,4292),(6352,7125),(913,2993),(10567,7178),(13179,5313),(8742,252),(2234,7086),(5247,738),(11279,2048),(11880,382)
129,(7422,561),(5180,4290),(9162,5041),(4597,2593),(6215,2944),(4137,4333),(1171,4286),(6102,7120),(664,3020),(10317,7181),(13109,5331),(8504,270),(3510,7110),(5496,738),(11274,2027),(11880,263)
130,(7432,312),(4993,4459),(9282,5262),(4593,2544),(6516,2900),(4120,4667),(958,4326),(5766,7113),(928,2992),(10610,7177),(13215,5304),(8353,281),(2149,7078),(3960,738),(11201,1700),(11880,599)
131,(7419,637),(5000,4359),(9607,5279),(4870,2538),(6402,2630),(4104,4992),(1224,5814),(5601,7225),(1251,2958),(10935,7173),(13200,5308),(8678,257),(2386,7100),(5507,738),(11131,1382),(11880,480)
132,(7153,734),(5634,4860),(9948,5262),(4794,2528),(6223,2353),(4163,5159),(938,4330),(5845,7114),(1595,2921),(11280,7168),(13104,5332),(8473,272),(2489,7356),(5161,738),(11056,1045),(11880,261)
133,(6847,751),(5634,4860),(10253,5245),(4590,2403),(6181,2221),(4067,5138),(956,4598),(6149,7121),(1833,2977),(11584,7162),(13130,5325),(8354,281),(2496,7661),(4856,738),(10990,748),(11880,565)
134,(6707,998),(5603,4270),(10333,5242),(4590,2427),(6281,2536),(4106,4944),(953,4582),(7380,7128),(1896,3301),(11913,7128),(13241,5298),(8684,256),(2499,7811),(4526,738),(10918,425),(11880,507)
135,(6624,1328),(5634,4860),(9993,5255),(4325,2492),(6516,2759),(4123,4606),(918,4425),(6480,7128),(1961,3635),(12250,7093),(13188,5311),(8473,272),(2492,7472),(4188,738),(10996,213),(11880,227)
136,(6954,1352),(5278,4785),(9985,4944),(3991,2487),(6355,2939),(4140,4272),(1224,5814),(6750,7209),(1898,3308),(12582,7058),(13081,5338),(8383,278),(2484,7138),(3854,745),(11329,207),(11880,560)
137,(7318,1363),(5211,4866),(10002,4579),(3627,2497),(5991,2951),(4140,3907),(1061,5110),(6750,7573),(1828,2950),(12945,7021),(13095,5334),(9198,1494),(2820,7110),(3490,771),(11694,201),(11880,478)
138,(7648,1354),(5634,4860),(9999,4643),(3615,2497),(5937,3264),(4124,3577),(1134,5432),(6750,7903),(1871,3170),(13274,6986),(13206,5306),(8418,276),(3149,7110),(3160,794),(12025,193),(11880,247)
139,(8008,1330),(4864,5184),(9983,5002),(3974,2487),(5893,3622),(4115,3477),(1216,5783),(6750,7647),(1940,3523),(12971,7018),(13243,5297),(8464,272),(3510,7110),(2801,819),(12385,181),(11880,607)
140,(8263,1343),(4692,5050),(9942,5264),(4115,2329),(5876,3763),(4138,3727),(1257,6064),(6750,7363),(1929,3468),(12689,7047),(13087,5336),(9198,1494),(3793,7110),(2518,839),(12668,171),(11880,512)
141,(8284,1684),(4827,4887),(9846,5533),(3859,2250),(5918,3424),(4107,3386),(1303,6402),(6873,7142),(1864,3133),(12349,7083),(13112,5330),(8407,277),(4135,7110),(3960,738),(12961,211),(11880,224)
142,(8288,1758),(5634,4860),(9846,5907),(3485,2250),(5963,3053),(4134,3682),(1274,6186),(7246,7131),(1843,3029),(11977,7121),(13180,5313),(8489,271),(4508,7110),(2551,837),(12974,585),(11880,599)
143,(8267,1402),(4979,4818),(9846,5688),(3364,2502),(5722,2930),(4113,3450),(1226,5833),(7156,7134),(1911,3379),(11623,7158),(13266,5292),(8651,259),(4662,7330),(2906,812),(12720,688),(11880,449)
144,(8262,1153),(5140,4973),(9846,5438),(4518,2934),(5614,2921),(4117,3494),(1254,6041),(6907,7141),(1959,3625),(11528,6969),(13077,5339),(8401,277),(4683,7579),(3155,794),(12470,692),(11880,198)
145,(8262,794),(5634,4860),(9634,5280),(3132,2859),(5972,2951),(4248,3747),(1302,6396),(6745,6944),(1895,3295),(11446,6620),(13106,5331),(8479,271),(4714,7936),(3513,769),(12112,698),(11880,555)
146,(8262,484),(4835,4887),(9324,5264),(3380,2971),(5938,3255),(4557,3758),(1283,6256),(6739,6634),(1836,2990),(11574,7164),(13236,5299),(8707,255),(4691,7667),(3822,747),(11957,700),(11880,538)
147,(8117,284),(4691,5042),(8984,5249),(3197,2930),(5897,3594),(4389,3752),(1238,5918),(6732,6294),(1865,3140),(11453,6650),(13194,5309),(8366,280),(4662,7327),(3993,938),(12299,695),(11952,2142)
148,(7759,277),(5634,4860),(8624,5237),(3122,2623),(5979,3794),(4250,3747),(1477,5823),(7078,6272),(1934,3493),(11535,7000),(13112,5330),(8515,269),(4655,7250),(4052,1293),(12657,689),(11880,556)
149,(7457,270),(5232,5199),(8324,5227),(3293,2502),(6268,3716),(4550,3758),(1709,5746),(7380,7128),(1932,3482),(11706,7150),(13126,5326),(8680,257),(4681,7550),(4273,1357),(12959,684),(11880,545)
150,(7109,270),(5073,5435),(8108,5078),(3456,2686),(6488,3696),(4389,3752),(1978,5624),(7031,6273),(1865,3140),(12052,7114),(13220,5303),(8332,282),(4710,7897),(4618,1310),(12994,1012),(11952,2142)
151,(6794,270),(5072,5527),(8088,4763),(3262,2786),(7452,2988),(4205,3746),(2291,5590),(6717,6279),(1807,2830),(12365,7081),(13186,5311),(8505,269),(4694,7700),(4930,1267),(13011,1327),(11880,513)
152,(6840,270),(5238,5243),(8332,4662),(3352,2796),(5871,3806),(4557,3758),(2642,5551),(7380,7128),(1750,2483),(12716,7045),(13096,5334),(8639,260),(4664,7350),(4692,1300),(13029,1679),(11880,538)
153,(7182,270),(4986,5186),(8672,4662),(3456,2571),(5912,3467),(4389,3752),(2981,5514),(6706,6276),(1695,2146),(13055,7009),(13103,5332),(8298,285),(4630,7010),(4354,1346),(13046,2020),(11952,2142)
154,(7502,271),(5111,4987),(8994,4662),(4518,2934),(5951,3148),(4211,3746),(2783,5536),(7027,6273),(1485,2029),(13229,6991),(13223,5302),(8545,267),(4586,6692),(4068,1418),(13037,1835),(11880,519)
155,(7855,279),(5183,4755),(8976,4662),(3467,2250),(5821,2939),(4565,3759),(2432,5574),(7380,7128),(1133,2055),(12878,7028),(13220,5303),(8598,263),(4538,6342),(4078,1770),(13018,1482),(11880,531)
156,(8154,285),(4973,4750),(8678,4662),(3766,2250),(5564,2917),(4423,3754),(2134,5607),(7396,5965),(835,2076),(12580,7059),(13079,5338),(8299,285),(4376,6149),(3960,738),(13003,1183),(11880,232)
157,(8013,282),(5095,5005),(8321,4662),(4518,2934),(5920,2947),(4140,3815),(1780,5646),(7415,5609),(479,2102),(12226,7096),(13106,5331),(8579,264),(4126,5959),(4076,1713),(12985,827),(11880,519)
158,(7685,275),(4922,5270),(8169,4662),(3794,2250),(6248,2942),(4140,4143),(1600,5828),(7432,5281),(711,2085),(11900,7130),(13219,5303),(8589,263),(4104,5742),(3960,738),(12971,499),(11880,557)
159,(7365,270),(4922,5265),(8489,4662),(4518,2934),(6567,2937),(4140,4104),(1279,5816),(7418,5549),(1030,2062),(11581,7163),(13192,5310),(8269,287),(4151,6056),(4385,1342),(12960,180),(11880,237)
160,(7004,270),(5049,5190),(8850,4662),(3833,2250),(6921,2905),(4050,5202),(1154,5517),(7398,5909),(1389,2036),(11221,7168),(13110,5330),(8613,261),(3933,6024),(4742,1293),(12618,173),(11880,519)
161,(6692,270),(5284,5114),(9162,5256),(4117,2226),(7216,2883),(4140,4055),(1082,5213),(7382,6221),(1647,2017),(10909,7173),(13118,5328),(8571,265),(4104,5787),(4920,1268),(12305,183),(11880,573)
162,(6723,583),(5447,5211),(9300,4398),(4080,1854),(7382,3083),(4140,4137),(1442,5188),(7712,6272),(1272,2045),(10534,7178),(13185,5312),(8326,283),(4104,5771),(4548,1320),(11930,196),(11952,2142)
163,(6837,925),(5625,5027),(9661,4422),(4070,1492),(7446,2995),(4140,3775),(1559,4928),(8072,6280),(912,2071),(10418,7180),(13266,5292),(8687,256),(3893,5868),(4190,1369),(11569,203),(11880,559)
164,(7041,1077),(5634,4860),(9956,4442),(4072,1573),(7234,2804),(4140,4007),(1411,4778),(7867,6275),(618,2092),(10713,7176),(13121,5328),(8514,269),(3651,6005),(4039,1217),(11274,208),(11880,550)
165,(7392,1113),(5346,5012),(9708,4426),(4082,1926),(7224,2798),(4140,4208),(1059,4756),(7515,6267),(596,2094),(11064,7171),(13068,5341),(8360,280),(3300,5975),(3981,869),(10923,215),(11952,2142)
166,(7416,841),(5440,4934),(9410,4406),(4239,2077),(7452,2988),(4140,3910),(1217,4766),(7380,6426),(893,2072),(11362,7166),(13210,5305),(8658,258),(3188,5965),(3795,749),(10624,220),(11880,496)
167,(7416,946),(5411,4958),(9333,4401),(4588,2095),(7790,2903),(4140,3925),(1224,5814),(7380,6775),(1242,2047),(11588,7301),(13229,5301),(8489,271),(3536,5995),(3447,774),(10276,226),(11880,559)
168,(7284,1102),(5665,4822),(9634,4421),(4889,2110),(7452,2988),(4140,4227),(1265,4769),(7380,7075),(1542,2025),(11620,7600),(13089,5336),(8334,282),(3831,6047),(3146,795),(9975,231),(11880,258)
169,(6956,1068),(5874,4567),(9963,4443),(5078,2120),(8069,2628),(4403,4275),(1042,4755),(7380,6850),(1477,2030),(11655,7928),(13121,5328),(8663,258),(3510,7110),(2818,818),(9645,236),(11880,466)
170,(6774,772),(5930,4472),(9993,4775),(4703,2101),(8366,2719),(4613,4526),(1417,4778),(7380,6476),(1103,2057),(11632,7718),(13189,5311),(8458,273),(3510,7110),(2444,845),(9271,243),(11880,561)
171,(6882,1034),(5634,4860),(9979,5094),(4385,2085),(8683,2697),(4657,4842),(1397,4777),(7486,6266),(786,2080),(11599,7401),(13220,5303),(8382,279),(4212,6100),(2228,860),(8953,248),(11880,244)
172,(6877,1332),(6029,4057),(10110,5250),(4518,2934),(8983,2677),(4625,4616),(1097,4758),(7785,6273),(486,2102),(11560,7104),(13080,5338),(8682,256),(4088,5882),(2528,839),(8842,250),(11880,452)
173,(6846,1663),(6353,4082),(10442,5238),(4417,2086),(9045,2673),(4525,4328),(1034,4972),(7380,7128),(708,2085),(11484,6780),(13128,5326),(8482,271),(3830,6046),(2859,815),(9175,244),(11880,620)
174,(6871,1395),(5634,4860),(10839,5258),(4815,2107),(8648,2700),(4146,4282),(1117,5361),(7719,6272),(1105,2057),(11393,6393),(13173,5315),(8438,274),(3670,6294),(3256,787),(9572,238),(11880,221)
175,(6891,1094),(6331,4080),(9162,5256),(5117,2122),(8346,2720),(4424,4285),(1186,5656),(7417,6264),(1406,2035),(11427,6537),(13220,5303),(8740,252),(3612,6590),(3557,766),(9874,232),(11880,476)
176,(7434,270),(6129,4059),(10821,5257),(4859,2109),(8089,2649),(4728,4337),(1382,5820),(7395,5982),(1622,2019),(11500,6849),(13099,5333),(8436,275),(3550,6904),(3877,743),(10195,227),(11880,607)
177,(6568,1349),(6239,4070),(10511,5240),(4549,2093),(7793,2628),(4971,4306),(1224,5814),(7411,5672),(1312,2042),(11571,7151),(13130,5325),(8396,278),(3409,7110),(4187,738),(10505,222),(11880,298)
178,(6245,1429),(6208,4067),(10178,5248),(4216,2076),(7452,2988),(4640,4349),(2023,5861),(7429,5339),(980,2066),(11501,6852),(13238,5298),(8729,253),(3076,7110),(4519,738),(10837,216),(11880,431)
179,(6040,1464),(6188,4065),(9162,5256),(4292,2080),(8090,2947),(4874,4318),(2360,5892),(7420,5509),(643,2090),(11423,6522),(13190,5310),(8429,275),(2738,7110),(4858,738),(11176,210),(11880,634)
180,(7434,270),(6390,4239),(9981,5032),(4647,2098),(7741,2915),(4780,4331),(2714,5923),(7401,5864),(574,2095),(11344,6176),(13103,5332),(8448,274),(2383,7100),(5213,738),(11531,204),(11880,279)
181,(6729,1339),(6390,4587),(9997,4682),(4996,2116),(7456,3038),(4445,4294),(3062,5954),(7382,6213),(922,2070),(11267,5835),(13088,5336),(8699,255),(2176,7080),(5561,738),(11880,198),(11880,465)
182,(6860,1510),(6390,4428),(10004,4516),(5151,2279),(7482,3345),(4149,4282),(2822,5933),(7122,6271),(1230,2048),(11200,5534),(13221,5303),(8391,278),(3510,7110),(5794,738),(12187,187),(11880,631)
183,(6851,1604),(5634,4860),(9989,4859),(5159,2622),(7574,3623),(4458,4299),(2482,5902),(6781,6280),(1571,2023),(11158,5347),(13211,5305),(8473,272),(2825,7110),(5452,738),(12529,176),(11880,289)
184,(6932,1351),(6390,4397),(9975,5171),(4518,2934),(7842,3531),(4613,4523),(2171,5875),(6737,6544),(1465,2031),(11226,5651),(13083,5337),(8711,254),(3138,7110),(5140,738),(12842,165),(11880,418)
185,(7290,1362),(6390,4569),(9846,5432),(5157,3045),(8185,3631),(4050,5202),(1815,5843),(6744,6902),(1109,2056),(11304,6000),(13101,5333),(8354,281),(3494,7110),(4783,738),(12720,169),(11880,628)
186,(7599,1358),(6390,4258),(9846,5742),(5150,3132),(8313,3878),(4050,5202),(1877,5848),(6684,7141),(800,2079),(11372,6303),(13231,5300),(8478,271),(3516,7404),(4473,738),(12411,180),(11880,317)
187,(7958,1334),(6390,4272),(9832,6101),(4518,2934),(8157,3623),(4358,5220),(2235,5880),(6325,7124),(441,2105),(11300,5982),(13217,5304),(8659,258),(3524,7764),(4114,738),(12052,192),(11880,436)
188,(7434,270),(6390,4576),(9821,6195),(5056,3176),(7865,3538),(4332,5223),(2537,5907),(6021,7118),(725,2084),(11234,5685),(13081,5338),(8355,281),(3693,7909),(3900,600),(12012,193),(11880,662)
189,(7877,1339),(6390,4363),(10009,5953),(5166,3461),(7526,3619),(4050,5202),(2921,5942),(5635,7110),(1109,2056),(11149,5309),(13076,5339),(8552,266),(4078,7927),(3846,474),(12396,180),(11880,277)
190,(7600,1358),(5634,4860),(10199,5927),(5166,3738),(7455,3870),(4973,5139),(2994,5948),(5872,7115),(1385,2036),(11194,5509),(13238,5298),(8667,257),(4355,7939),(3956,728),(12674,171),(11880,394)
191,(7245,1361),(6390,4441),(9162,5256),(5479,3780),(7114,3859),(5018,4912),(2639,5917),(6228,7122),(1607,2020),(11272,5857),(13207,5306),(8311,284),(4711,7955),(3823,419),(12962,231),(11880,653)
192,(6885,1350),(6402,4802),(9846,5616),(5580,3520),(6920,4050),(4050,5202),(2280,5884),(6371,7125),(1248,2046),(11351,6208),(13125,5327),(8571,265),(4685,7602),(3914,631),(12974,591),(11880,292)
193,(7434,270),(6393,4703),(9846,5319),(5580,3401),(6623,4056),(4621,4583),(1984,5858),(6074,7119),(951,2068),(11335,6137),(13117,5329),(8628,260),(4660,7306),(3888,571),(12773,687),(11880,400)
194,(7434,270),(6392,4686),(9846,5594),(5580,3730),(6484,4074),(4603,4456),(1656,5830),(5743,7112),(622,2092),(11263,5815),(13228,5301),(8298,285),(4511,7110),(3837,451),(12442,692),(11880,673)
195,(6675,1126),(6393,4702),(9162,5256),(5248,3780),(6863,4050),(4655,4834),(1274,5815),(5869,7115),(621,2092),(11179,5442),(13242,5297),(8605,262),(4129,7110),(3932,673),(12062,699),(11880,292)
196,(6655,1206),(6304,4860),(10184,5929),(5424,3780),(7203,4077),(4959,4894),(1262,6101),(6210,7122),(961,2067),(11178,5438),(13142,5322),(8550,266),(3789,7110),(3960,738),(12039,699),(11880,443)
197,(6720,944),(6035,4860),(10031,5950),(5464,3780),(7425,4048),(4972,4653),(1298,6368),(7380,7128),(1231,2048),(11237,5701),(13126,5326),(8280,286),(3519,7110),(3904,608),(12308,694),(11880,689)
198,(6721,575),(5655,4860),(9824,6168),(5166,3698),(7452,2988),(5146,4743),(1278,6214),(6640,7138),(1610,2020),(11321,6072),(13189,5311),(8622,261),(3581,6745),(3865,518),(12689,688),(11880,309)
199,(6650,301),(5634,4860),(9826,6149),(5166,3415),(7699,4104),(5399,4709),(1240,5933),(6519,7245),(1455,2031),(11368,6286),(13186,5311),(8591,263),(3636,6468),(3841,462),(12971,684),(11880,369)
200,(6555,453),(5701,4860),(9828,6131),(5166,3574),(8028,4104),(5424,4585),(1176,5610),(6251,7279),(1126,2055),(11296,5964),(13075,5339),(9198,1494),(3699,6144),(3948,710),(12966,359),(11880,699)
201,(6603,651),(6083,4860),(9833,6088),(4990,3773),(7681,4104),(5044,4572),(1088,5239),(5869,7264),(746,2083),(11213,5592),(13086,5336),(8642,259),(3913,5851),(3960,738),(12966,345),(11880,324)
202,(6529,344),(6397,4860),(10046,5948),(4675,3763),(7414,4152),(5242,4572),(1356,5191),(5603,7211),(1818,2898),(11144,5284),(13211,5305),(8539,267),(4055,5729),(3922,649),(12977,660),(11880,387)
203,(6259,288),(6102,4860),(10124,5937),(4927,3771),(7404,4467),(5556,4607),(1672,5180),(5829,7114),(746,2083),(11208,5570),(13194,5309),(8298,285),(3815,5935),(3873,536),(12686,688),(11952,2142)
204,(5914,288),(5758,4860),(9846,5911),(5059,3776),(7402,4510),(4050,5202),(2017,5170),(6174,7121),(1090,2058),(11284,5907),(13098,5333),(8643,259),(3930,6027),(3858,500),(12342,694),(11880,356)
205,(6073,288),(5624,5059),(9846,5587),(4736,3765),(7413,4187),(4050,5202),(2050,5170),(6497,7129),(1413,2034),(11354,6224),(13118,5328),(8529,268),(4039,5927),(3933,677),(12018,699),(11880,363)
206,(6398,288),(5624,5055),(9872,5284),(4876,3770),(7475,3888),(4050,5202),(1726,5179),(6750,7217),(1611,2020),(11326,6095),(13234,5299),(8317,283),(3774,6028),(3806,379),(11880,515),(11880,686)
207,(6808,270),(5596,4865),(10281,5244),(5166,3658),(7886,3888),(5289,5056),(1558,4951),(6750,7630),(1200,2050),(11235,5692),(13266,5292),(8729,253),(3656,6366),(3952,719),(11785,199),(11880,305)
208,(7135,270),(5619,5148),(10309,5243),(5166,3331),(8212,3888),(5157,5337),(1558,4950),(7380,7128),(874,2073),(11164,5374),(13151,5320),(8441,274),(3593,6686),(3839,456),(11459,205),(11880,417)
209,(7419,270),(5626,5007),(10023,5254),(5027,3178),(8134,3888),(4933,5498),(1496,5185),(6750,7670),(590,2094),(11181,5451),(13103,5332),(8366,280),(3538,6965),(3868,525),(11174,210),(11952,2142)
210,(7422,559),(5591,4709),(9983,5004),(4995,3343),(7830,3888),(4648,5600),(1193,5197),(6750,7368),(575,2095),(11248,5747),(13240,5298),(8669,257),(3353,7110),(3931,671),(11880,198),(11880,398)
211,(7238,729),(5595,4376),(9998,4665),(4997,3342),(7492,3888),(4779,5553),(1035,4979),(6867,7142),(913,2071),(11322,6078),(13189,5311),(8488,271),(3014,7110),(3960,738),(10945,546),(11880,336)
212,(6910,748),(5634,4860),(9901,4438),(4669,3331),(7165,3864),(5064,5484),(969,4659),(7193,7133),(1240,2047),(11358,6237),(13075,5339),(8361,280),(2688,7110),(3926,660),(11016,866),(11880,662)
213,(6960,745),(5588,3842),(9566,4416),(4934,3327),(6831,3852),(4050,5202),(901,4344),(7529,7131),(1574,2023),(11284,5910),(13130,5325),(8696,255),(2486,7240),(3861,507),(11089,1193),(11880,406)
214,(7290,726),(5737,4050),(9235,4394),(5140,3168),(6667,3991),(4050,5202),(971,4668),(7860,7140),(1443,2032),(11212,5587),(13240,5298),(8469,272),(2494,7572),(3865,517),(11161,1516),(11880,321)
215,(7426,463),(5851,4234),(9162,4732),(5162,2795),(6762,3852),(5161,4928),(1285,4770),(8082,7322),(1063,2060),(11155,5332),(13229,5301),(8434,275),(2500,7851),(3904,608),(11243,1888),(11952,2142)
216,(7543,272),(5634,4860),(9162,5036),(5156,2492),(6973,3852),(5379,4722),(1564,4810),(8113,7624),(761,2082),(11221,5628),(13092,5335),(8737,252),(2493,7548),(3811,390),(11298,2135),(11880,398)
217,(7873,279),(6004,4270),(9162,5146),(5148,2161),(6643,3852),(5593,4718),(1549,5140),(8088,7383),(1818,2898),(11293,5950),(13118,5328),(8429,275),(2486,7217),(3941,693),(11226,1813),(11880,326)
218,(8248,287),(5845,4603),(9162,4770),(5155,2461),(6397,3990),(5571,4640),(1563,4853),(8073,7009),(806,2078),(11375,6317),(13185,5312),(8468,272),(2490,7376),(3831,437),(11145,1447),(11952,2142)
219,(8262,554),(5667,4819),(8990,4662),(5161,2741),(6404,3901),(5317,4572),(1556,5002),(8091,6729),(1085,2058),(11314,6045),(13187,5311),(9198,1494),(2496,7657),(3875,540),(11084,1173),(11880,422)
220,(8262,885),(5812,4643),(8659,4662),(5087,2919),(6690,3852),(4050,5202),(1699,5179),(8086,6813),(1416,2034),(11242,5721),(13078,5338),(8416,276),(2588,7902),(3913,630),(11012,849),(11880,306)
221,(8262,1215),(5988,4366),(8330,4662),(5414,2941),(7452,2988),(5000,4360),(2027,5170),(8064,7142),(1603,2021),(11170,5399),(13133,5325),(8435,275),(2918,7902),(3811,392),(10941,528),(11880,634)
222,(8278,1590),(6023,4105),(8090,4789),(5536,2672),(7028,3625),(4996,4407),(2161,4959),(8435,7146),(1228,2048),(11196,5515),(13199,5308),(8685,256),(3294,7902),(3960,738),(10884,270),(11880,393)
223,(7434,270),(5962,4414),(8110,5107),(5526,2354),(6931,3677),(4989,4514),(2105,5168),(8753,7146),(910,2071),(11265,5825),(13209,5306),(8367,280),(3526,7817),(3834,445),(10953,581),(11880,321)
224,(8274,1527),(5744,4725),(8100,4952),(5537,2707),(7053,3752),(5091,4572),(1725,5179),(9135,7146),(530,2098),(11349,6197),(13148,5321),(8536,267),(3517,7437),(3911,624),(11035,953),(11952,2142)
225,(8262,1236),(5751,4860),(9162,5256),(5541,2834),(6986,4035),(5308,4572),(1433,5188),(8898,7146),(623,2092),(11339,6153),(13100,5333),(8669,257),(3510,7146),(3893,583),(11098,1237),(11880,410)
226,(8262,913),(6074,4860),(8102,4984),(5531,2511),(7126,3860),(4050,5202),(1111,5200),(8575,7146),(945,2068),(11268,5838),(13218,5303),(8346,281),(3565,6828),(3829,433),(11169,1552),(11880,308)
227,(8262,588),(6399,4860),(8112,5130),(5530,2494),(7452,2988),(5311,4572),(1147,5489),(8248,7146),(1270,2045),(11197,5520),(13198,5308),(8502,270),(3628,6508),(3958,733),(11239,1870),(11880,633)
228,(8228,287),(6083,4860),(8090,4797),(5541,2827),(7539,3570),(5481,4594),(1224,5814),(8079,7293),(1603,2021),(11159,5353),(13090,5335),(8661,258),(3692,6181),(3830,436),(11295,2123),(11880,437)
229,(7874,279),(5727,4860),(8096,4880),(5407,3024),(7743,3280),(4050,5202),(1142,5468),(8115,7647),(1390,2036),(11237,5699),(13095,5334),(8306,284),(3544,5996),(3905,610),(11218,1777),(11880,314)
230,(7539,272),(5787,4673),(8117,5215),(4518,2934),(7759,3257),(5277,4785),(1142,5199),(7805,7634),(1056,2060),(11310,6026),(13201,5308),(8551,266),(3210,5967),(3882,557),(11146,1450),(11880,648)
231,(7626,274),(5795,4664),(8410,5230),(5580,3609),(7587,3501),(5523,4631),(1440,5188),(7508,7602),(759,2082),(11574,7164),(13188,5311),(8647,259),(3278,5973),(3830,436),(11081,1159),(11880,457)
232,(7954,281),(5559,4870),(8739,5241),(5580,3621),(7691,3633),(5632,4881),(1328,5192),(7721,7625),(1818,2898),(11304,5997),(13075,5339),(8319,283),(3605,6001),(3798,360),(11010,838),(11880,267)
233,(8262,314),(5634,4860),(9071,5252),(5568,3292),(7974,3570),(5616,5214),(1063,5118),(8053,7661),(764,2081),(11231,5672),(13132,5325),(8536,267),(3887,5873),(3828,431),(10938,513),(11880,599)
234,(8262,661),(5574,4868),(9419,5269),(5388,2993),(8214,3640),(4050,5202),(994,4776),(8088,7386),(1111,2056),(11155,5332),(13226,5301),(8612,262),(4056,5729),(3904,608),(10915,215),(11880,456)
235,(8262,1004),(5915,4860),(9761,5287),(5654,2925),(7886,3544),(4050,5202),(1052,5063),(8070,7045),(1452,2032),(11203,5549),(13206,5306),(8270,287),(3795,5952),(3880,553),(11257,209),(11880,282)
236,(7434,270),(6226,4860),(9620,5280),(5964,2951),(7622,3627),(4699,5091),(1046,5035),(8091,6735),(1586,2022),(11271,5852),(13076,5339),(8562,265),(3508,5993),(3837,451),(11566,203),(11880,591)
237,(8262,922),(6197,4860),(9227,5259),(5596,2920),(7452,2988),(4637,4703),(968,4651),(8114,6344),(1195,2050),(11357,6234),(13074,5339),(8542,267),(3117,5959),(3928,663),(11801,199),(11880,419)
238,(8262,640),(5916,4860),(9165,5470),(5536,2688),(7733,3888),(4599,4424),(908,4376),(7898,6276),(914,2071),(11333,6126),(13232,5300),(9198,1494),(3354,5980),(3817,405),(11519,204),(11880,256)
239,(8262,298),(5672,4813),(9171,5814),(5526,2345),(8075,3888),(4050,5202),(964,4635),(7556,6268),(572,2095),(11258,5791),(13200,5308),(8604,262),(3696,6009),(3913,630),(11177,210),(11880,599)
240,(7936,280),(5634,4860),(9177,6149),(5536,2671),(8220,3888),(4272,4259),(943,4539),(7220,6268),(626,2091),(11184,5463),(13095,5334),(8556,266),(3631,5720),(3873,536),(10841,216),(11880,467)
241,(7539,272),(6014,4185),(9409,6311),(5394,2945),(7822,3888),(4133,4414),(1088,4302),(6823,6279),(1022,2063),(11186,5472),(13266,5292),(8363,280),(3508,5342),(3878,548),(10443,223),(11880,324)
242,(7424,503),(6006,4251),(9748,6301),(4518,2934),(7483,3888),(4116,4752),(1134,4293),(6488,6233),(1360,2038),(11260,5803),(13152,5320),(8702,255),(3544,5456),(3907,615),(10105,228),(11880,663)
243,(7416,755),(5923,4484),(9830,6111),(5155,3075),(7233,3869),(4050,5202),(912,4335),(6501,6235),(1611,2020),(11315,6048),(13192,5310),(8543,267),(3622,5694),(3808,384),(9853,233),(11880,489)
244,(7416,1087),(5997,4327),(9824,6172),(5166,3408),(6901,3852),(4120,4671),(1240,4273),(6635,6262),(1404,2035),(11363,6262),(13084,5337),(8312,284),(3510,7110),(3918,641),(9520,238),(11880,239)
245,(7452,1457),(6019,4141),(9836,6057),(4518,2934),(6530,3852),(4139,4299),(950,4328),(6472,6230),(1034,2062),(11282,5900),(13086,5336),(8683,256),(4036,5930),(3855,493),(9150,245),(11880,610)
246,(7452,1770),(6005,4258),(9846,5743),(5479,3780),(6237,3941),(4125,4581),(1158,4288),(6781,6280),(721,2085),(11213,5593),(13213,5305),(8499,270),(3510,7110),(3864,515),(8835,250),(11880,479)
247,(7632,1895),(5634,4860),(9846,5426),(5361,3780),(6104,4010),(4109,4899),(1084,4302),(7099,6271),(459,2103),(11143,5282),(13195,5309),(8341,282),(4463,6175),(3930,668),(8978,248),(11880,235)
248,(7475,1906),(5645,4050),(9644,5281),(5166,3641),(6401,3855),(4024,5203),(1045,4310),(7382,6210),(794,2079),(11213,5592),(13089,5336),(8676,257),(4555,6467),(3960,738),(9313,242),(11880,569)
249,(7726,1999),(5891,3927),(9241,5260),(5074,3337),(6788,3741),(3621,5228),(1113,4297),(7404,5807),(1196,2050),(11301,5985),(13266,5292),(8417,276),(4610,6867),(3956,730),(9716,235),(11880,430)
250,(7739,2317),(5634,4860),(9399,5268),(5107,3334),(6586,3799),(3304,5230),(999,4319),(7421,5489),(1513,2027),(11371,6296),(13172,5315),(8423,276),(4716,7110),(3837,452),(10033,230),(11880,283)
251,(7502,2367),(5824,4293),(9662,5282),(5106,3171),(6480,3830),(4050,5202),(1257,4269),(7432,5283),(1573,2023),(11323,6083),(13182,5312),(8685,256),(4979,7110),(3861,508),(10296,225),(11880,544)
252,(7444,2090),(5597,4565),(9846,5462),(4518,2934),(6820,3731),(2687,5200),(950,4328),(7413,5637),(1220,2048),(11245,5737),(13094,5334),(8457,273),(4710,7110),(3919,642),(10649,219),(11880,505)
253,(7452,1765),(5735,4399),(9846,5788),(5074,2918),(7452,2988),(2371,5161),(1170,4286),(7396,5963),(894,2072),(11174,5419),(13120,5328),(8391,278),(4608,6853),(3805,377),(10768,217),(11880,216)
254,(7452,1408),(5699,4443),(10013,5953),(4718,2930),(7269,3262),(2201,4991),(1033,4312),(7380,6319),(538,2098),(11187,5477),(13204,5307),(9198,1494),(4560,6499),(3946,705),(10410,223),(11880,573)
255,(7434,270),(5573,4528),(10178,5930),(4510,3028),(7214,3373),(2417,5185),(1055,4308),(7380,6614),(618,2092),(11251,5764),(13181,5313),(8454,273),(4520,6207),(3857,499),(10116,228),(11880,536)
256,(7082,1081),(5454,4386),(9162,5256),(4374,3322),(7008,3568),(2751,5203),(1170,4286),(7380,6949),(952,2068),(11325,6091),(13075,5339),(8403,277),(4561,6508),(3870,528),(9781,234),(11880,200)
257,(7049,1078),(5411,4459),(9790,6300),(4458,3206),(6682,3624),(3042,5274),(968,4324),(7380,6962),(1296,2043),(11351,6207),(13121,5328),(9198,1494),(4608,6850),(3913,630),(9437,240),(11880,540)
258,(7434,270),(5476,4356),(9421,6311),(4162,3348),(6330,3711),(3042,5373),(1224,4276),(7380,6594),(1664,2016),(11270,5848),(13194,5309),(8380,279),(4537,7110),(3827,428),(9069,246),(11880,496)
259,(7416,817),(5368,4533),(9178,6374),(4344,3348),(6314,3712),(2896,5211),(931,4332),(7380,6295),(1386,2036),(11205,5557),(13194,5309),(8440,274),(4240,7110),(3944,702),(8770,251),(11952,2142)
260,(7114,736),(5634,4860),(9170,6773),(4545,3336),(6696,3617),(2498,5189),(1261,4269),(7747,6272),(988,2065),(11165,5380),(13151,5320),(8657,258),(3841,7110),(3818,406),(9124,245),(11880,597)
261,(6826,752),(5634,4860),(9163,7060),(4257,3348),(6967,3562),(2210,5167),(1011,4316),(8035,6279),(701,2086),(11228,5661),(13100,5333),(8369,280),(3552,7110),(3891,577),(9412,240),(11880,519)
262,(6702,502),(5322,4296),(9167,6909),(3936,3336),(6953,3665),(2285,5174),(1104,4299),(7880,6276),(482,2102),(11299,5975),(13220,5303),(8474,272),(3516,7387),(3902,602),(9732,235),(11952,2142)
263,(6531,285),(5375,4521),(9174,6558),(3814,3065),(6626,3788),(2191,4981),(1105,4298),(7529,6267),(833,2076),(11574,7164),(13221,5303),(8671,257),(3524,7738),(3832,440),(10084,229),(11880,548)
264,(6808,270),(5634,4860),(9178,6250),(3825,3145),(6336,3889),(2377,5167),(998,4319),(7380,6424),(1141,2054),(11308,6016),(13089,5336),(8362,280),(3382,7902),(3954,724),(10393,224),(11880,545)
265,(7152,270),(5566,4573),(9172,5904),(4010,3341),(7452,2988),(2186,4976),(1217,4277),(7380,6769),(1485,2029),(11232,5679),(13106,5331),(8505,269),(3037,7902),(3829,434),(10737,218),(11880,200)
266,(7391,270),(5746,4386),(9167,5581),(3874,3331),(6316,3899),(2425,5185),(1224,5814),(7380,7091),(1540,2025),(11162,5363),(13224,5302),(8668,257),(2713,7902),(3893,582),(11061,212),(11880,517)
267,(7066,270),(5901,4103),(9162,5256),(3547,3330),(6390,4074),(2751,5203),(1220,4276),(7089,7136),(1215,2049),(11193,5502),(13193,5310),(8342,282),(2615,7902),(3898,593),(11387,206),(11880,560)
268,(6726,270),(5882,3893),(8822,5244),(3414,3333),(6503,3852),(3042,5269),(1000,4318),(7380,7128),(875,2073),(11267,5834),(13091,5335),(8520,268),(2955,7902),(3831,439),(11726,200),(11880,220)
269,(6702,503),(5882,3890),(8497,5233),(3321,3186),(6675,4035),(3042,5422),(1119,4296),(6743,6821),(551,2097),(11338,6151),(13123,5327),(8651,259),(3280,7902),(3960,738),(12052,192),(11880,501)
270,(6885,749),(5897,3953),(9162,5256),(3393,3186),(6479,3852),(3218,5227),(1063,4306),(6735,6442),(690,2087),(11330,6113),(13187,5311),(8272,287),(3659,7907),(3810,389),(12430,179),(11880,523)
