303
294	299	302	
294	299	302	
106
87	105	107	118	120	
87	105	107	118	120	
84
44	78	88	116	
44	78	88	116	
204
190	200	208	
190	200	208	
194
169	185	210	213	214	238	
169	185	210	213	214	238	
93
69	80	82	100	
69	80	82	100	
67
43	66	92	
43	66	92	
29
18	22	23	51	
18	22	23	51	
211
167	193	198	260	
167	193	198	260	
21
2	24	37	45	
2	24	37	45	
77
39	79	81	
39	79	81	
272
242	304	
242	304	
30
10	26	27	60	
10	26	27	60	
291
276	289	292	298	
276	289	292	298	
306
295	305	307	
295	305	307	
253
251	257	295	
251	257	295	
