PetrolCar 303
303	299	280	277	2665
303	299	304	272	2636
303	299	304	305	3439
303	294	290	302	303	2392
303	299	280	261	241	2900
303	299	280	261	266	3025
303	302	290	294	303	2392
303	302	301	300	298	3638
303	294	285	277	280	261	2506
303	294	285	277	280	299	2937
303	294	285	286	290	294	2348
303	294	290	278	279	277	2519
303	294	290	286	285	294	2348
303	302	290	278	274	273	2551
303	302	290	278	279	268	2518
303	302	290	278	279	277	2715
303	302	290	286	285	294	2544
303	302	290	294	285	277	2592
303	302	290	294	285	286	2862
303	302	301	300	292	291	3925
303	294	285	277	265	238	194	2720
303	294	285	277	265	238	244	2704
303	294	285	277	279	268	244	2649
303	294	285	277	279	268	269	2775
303	294	285	277	279	278	290	2521
303	294	285	277	279	286	285	2488
303	294	285	286	279	268	244	2631
303	294	285	286	279	268	269	2757
303	294	285	286	279	277	265	2774
303	294	285	286	279	277	280	3045
303	294	285	286	279	277	285	2488
303	294	285	286	279	278	290	2503
303	294	285	286	290	278	274	2537
303	294	285	286	290	278	279	2545
303	294	285	286	290	302	303	2994
303	294	290	278	274	273	269	2629
303	294	290	278	279	268	244	2916
303	294	290	278	279	268	269	3042
303	294	290	278	279	286	285	2755
303	294	290	278	279	286	290	2561
303	294	290	286	279	268	244	2689
303	294	290	286	279	268	269	2815
303	294	290	286	279	277	265	2832
303	294	290	286	279	277	280	3103
303	294	290	286	279	277	285	2546
303	294	290	286	279	278	290	2561
303	294	290	286	285	277	265	2746
303	294	290	286	285	277	279	2782
303	294	290	286	285	277	280	3017
303	294	290	302	301	293	283	2770
303	294	290	302	301	300	292	2861
303	294	290	302	301	300	298	4446
303	302	290	278	279	286	285	2951
303	302	290	278	279	286	290	2757
303	302	290	286	279	268	244	2885
303	302	290	286	279	268	269	3011
303	302	290	286	279	277	265	3028
303	302	290	286	279	277	280	3299
303	302	290	286	279	277	285	2742
303	302	290	286	279	278	290	2757
303	302	290	286	285	277	265	2942
303	302	290	286	285	277	279	2978
303	302	290	286	285	277	280	3213
303	302	301	293	283	282	284	2754
303	302	301	293	283	282	288	2739
303	302	301	300	292	288	282	2689
303	294	285	277	265	238	240	241	2938
303	294	285	277	265	238	240	266	2866
303	294	285	277	265	266	240	238	2668
303	294	285	277	265	266	240	241	2882
303	294	285	277	265	266	261	241	2937
303	294	285	277	265	266	261	280	3081
303	294	285	277	279	278	274	273	2592
303	294	285	277	279	286	290	278	2887
303	294	285	277	279	286	290	294	2942
303	294	285	277	279	286	290	302	2796
303	294	285	286	279	278	274	273	2574
303	294	285	286	290	302	301	293	2791
303	294	285	286	290	302	301	300	3013
303	294	290	286	279	278	274	273	2632
303	302	290	286	279	278	274	273	2828
쒖皓餞봇----
194	238	240	241	244	261	265	266	268	269	272	273	274	277	278	279	280	282	283	284	285	286	288	290	291	292	293	294	298	299	300	301	302	303	304	305	

PetrolCar 106
106	87	54	1386
106	107	108	1764
106	87	91	56	2106
106	87	91	83	2178
106	87	91	107	1477
106	107	91	56	2125
106	107	91	83	2197
106	107	91	87	1891
106	107	114	117	1980
106	107	114	140	1548
106	87	90	75	70	1568
106	87	90	98	101	1337
106	120	126	146	152	1355
106	87	90	75	72	64	1506
106	87	90	98	76	74	1650
106	87	90	98	96	80	1784
106	87	90	98	96	104	1570
106	87	90	99	105	106	1255
106	105	99	90	75	70	1419
106	105	99	90	87	54	1921
106	105	99	90	87	91	1651
106	105	99	90	87	106	1255
106	118	110	101	98	90	1466
106	118	110	101	98	96	1340
106	118	110	112	103	104	1465
106	118	110	112	121	119	1394
106	118	119	121	129	124	1527
106	118	119	121	129	133	1398
106	118	119	127	125	118	1110
106	118	125	127	119	118	1110
106	118	125	143	144	134	1378
106	118	125	143	144	153	1350
106	118	125	143	156	162	1508
106	118	125	143	156	183	1562
106	118	134	144	143	125	1545
106	118	134	144	143	142	1348
106	118	134	144	143	156	1511
106	118	134	144	146	126	1349
106	118	134	144	146	140	1402
106	118	134	144	146	152	1467
106	118	134	144	153	163	1479
106	118	134	144	153	201	2043
106	120	126	146	140	114	1866
106	120	126	146	140	145	1580
106	120	126	146	140	152	1524
106	120	126	146	144	143	1343
106	87	90	99	101	98	76	1487
106	87	90	99	101	98	90	1667
106	87	90	99	101	98	96	1541
106	87	90	99	101	103	104	1516
106	87	90	99	101	103	112	1408
106	87	90	99	101	110	112	1586
106	87	90	99	101	110	118	1601
106	105	99	90	75	72	64	1357
106	105	99	90	98	76	74	1501
106	105	99	90	98	96	80	1635
106	105	99	90	98	96	104	1421
106	105	99	90	98	101	99	1373
106	105	99	90	98	101	103	1348
106	105	99	90	98	101	110	1418
106	105	99	101	98	76	74	1492
106	105	99	101	98	90	75	1559
106	105	99	101	98	90	87	1570
106	105	99	101	98	90	99	1373
106	105	99	101	98	96	80	1626
106	105	99	101	98	96	104	1412
106	105	99	101	103	104	96	1387
106	105	99	101	103	104	124	1603
106	105	99	101	110	112	103	1363
106	105	99	101	110	118	106	1424
106	105	99	101	110	118	119	1380
106	105	99	101	110	118	125	1416
106	105	99	101	110	118	134	1583
106	118	110	101	98	76	74	1730
106	118	110	101	99	90	75	1492
106	118	110	101	99	90	87	1503
106	118	110	101	99	90	98	1503
106	118	110	101	99	105	106	1424
106	118	110	101	103	104	96	1625
106	118	110	101	103	104	124	1841
106	118	110	101	103	112	110	1531
106	118	110	112	103	101	98	1594
106	118	110	112	103	101	99	1486
106	118	110	112	103	101	110	1531
106	118	110	112	121	129	124	1721
106	118	110	112	121	129	133	1592
106	118	119	121	112	103	104	1489
106	118	119	121	112	110	101	1503
106	118	119	121	112	110	118	1612
106	118	119	127	125	143	144	1468
106	118	119	127	125	143	156	1434
106	118	119	127	133	129	121	1481
106	118	119	127	133	129	124	1628
106	118	119	127	133	142	143	1337
106	118	125	127	119	121	112	1361
106	118	125	127	119	121	129	1522
106	118	125	127	133	129	121	1393
106	118	125	127	133	129	124	1540
106	118	125	143	142	133	127	1429
106	118	125	143	142	133	129	1524
106	118	125	143	144	146	126	1544
106	118	125	143	144	146	140	1597
106	118	125	143	144	146	152	1662
106	120	126	146	144	134	118	1708
106	120	126	146	144	153	163	1583
106	120	126	146	144	153	201	2147
106	105	99	101	103	112	110	101	1523
106	105	99	101	103	112	110	118	1632
106	105	99	101	103	112	121	119	1438
106	105	99	101	103	112	121	129	1348
106	105	99	101	110	112	121	119	1616
106	105	99	101	110	112	121	129	1526
106	118	110	101	103	112	121	119	1676
106	118	110	101	103	112	121	129	1586
106	118	119	121	112	103	101	98	1618
106	118	119	121	112	103	101	99	1510
106	118	119	121	112	103	101	110	1555
106	118	119	127	125	143	142	133	1576
106	118	125	127	133	142	143	125	1555
106	118	125	127	133	142	143	144	1555
106	118	125	127	133	142	143	156	1521
쒖皓餞봇----
54	56	64	70	72	74	75	76	80	83	87	90	91	96	98	99	101	103	104	105	106	107	108	110	112	114	117	118	119	120	121	124	125	126	127	129	133	134	140	142	143	144	145	146	152	153	156	162	163	183	201	

PetrolCar 84
84	88	52	2106
84	44	25	15	2394
84	44	25	23	2988
84	44	25	24	3024
84	44	47	41	2106
84	44	47	52	2124
84	44	48	49	2124
84	44	48	61	2017
84	88	83	51	2737
84	88	83	91	2790
84	88	83	108	2143
84	88	115	116	2683
84	88	115	117	2287
84	88	115	138	2162
84	116	115	88	2233
84	116	115	117	2358
84	116	115	138	2233
84	78	61	48	44	2323
84	78	61	48	49	2125
84	78	61	63	49	2163
84	78	85	86	137	2309
84	78	85	122	123	2436
84	116	123	122	85	2487
84	116	123	141	138	2306
84	116	123	141	215	2468
84	78	85	86	81	45	3054
84	78	85	86	81	77	3894
84	116	123	141	148	136	2086
84	116	123	141	308	215	2468
84	116	123	141	308	170	2622
84	116	123	141	308	168	2008
쒖皓餞봇----
15	23	24	25	41	44	45	47	48	49	51	52	61	63	77	78	81	83	84	85	86	88	91	108	115	116	117	122	123	136	137	138	141	148	168	170	215	308	

PetrolCar 204
204	190	191	208	204	1208
204	208	191	190	204	1208
204	190	181	178	160	159	2135
204	190	181	178	191	190	1290
204	190	181	182	200	204	1252
204	190	191	178	160	159	2217
204	190	191	178	181	190	1290
204	200	182	181	190	204	1252
204	200	209	205	254	258	2522
204	200	209	221	219	200	1335
204	200	219	221	209	200	1335
204	208	191	178	160	159	2273
204	208	199	195	198	211	2710
204	190	181	178	160	132	100	2369
204	190	181	178	160	132	131	3701
204	190	181	178	160	161	162	2135
204	190	181	178	191	208	204	1562
204	190	191	178	160	132	100	2451
204	190	191	178	160	132	131	3783
204	190	191	178	160	161	162	2217
204	200	182	181	178	160	159	2467
204	200	209	196	183	156	143	2007
204	200	209	196	183	156	162	2149
204	200	209	196	206	201	153	2352
204	200	209	196	206	201	207	2004
204	200	209	196	206	243	249	2109
204	200	209	196	206	243	263	2039
204	200	219	221	229	233	219	1551
204	200	219	233	229	221	219	1551
204	200	219	233	234	232	231	2016
204	208	191	178	160	132	100	2507
204	208	191	178	160	132	131	3839
204	208	191	178	160	161	162	2273
204	208	191	178	177	199	208	1791
204	208	191	178	181	190	191	1706
204	208	191	178	181	190	204	1562
204	208	191	190	181	178	191	1706
204	208	199	177	178	160	132	2292
204	208	199	177	178	160	159	2778
204	208	199	177	178	160	161	2256
204	208	199	177	178	191	208	1791
204	208	212	234	232	217	218	2125
204	208	212	234	232	231	218	2106
204	208	212	234	232	231	259	2268
204	208	212	234	232	246	247	2394
204	208	212	234	233	248	247	2052
204	208	212	234	247	258	254	2326
204	208	212	234	247	258	256	2055
204	190	181	178	160	132	135	124	2124
204	190	181	178	177	199	195	198	2019
204	190	181	178	177	199	208	204	2067
204	190	181	182	175	179	162	156	2134
204	190	181	182	175	179	162	161	2242
204	190	181	182	200	209	196	183	2303
204	190	181	182	200	209	196	206	2067
204	190	181	182	200	209	205	254	2495
204	190	181	182	200	209	221	219	2173
204	190	181	182	200	219	233	234	2062
204	190	191	178	160	132	135	124	2206
204	190	191	178	177	199	195	198	2101
204	190	191	178	177	199	208	191	1953
204	190	191	178	177	199	208	204	2149
204	190	191	178	181	182	200	204	1838
204	190	191	178	181	182	200	209	2162
204	190	191	208	199	177	176	180	2024
204	190	191	208	199	177	176	187	2045
204	190	191	208	199	177	178	160	2132
204	190	191	208	199	177	178	191	1953
204	190	191	208	199	195	198	186	2048
204	190	191	208	199	195	198	211	3090
204	190	191	208	212	234	232	217	2180
204	190	191	208	212	234	232	231	2216
204	190	191	208	212	234	232	246	2126
204	190	191	208	212	234	233	229	2129
204	190	191	208	212	234	247	246	2108
204	200	182	175	179	162	156	143	2162
204	200	182	175	179	162	156	183	2358
204	200	182	175	179	162	161	160	2502
204	200	182	175	179	189	188	175	1548
204	200	182	175	179	189	205	254	2232
204	200	182	175	188	189	179	175	1548
204	200	182	175	188	189	205	254	2196
204	200	182	181	178	160	132	100	2701
204	200	182	181	178	160	132	131	4033
204	200	182	181	178	160	132	135	2182
204	200	182	181	178	160	161	162	2467
204	200	182	181	178	177	199	195	2020
204	200	182	181	178	191	190	181	1866
204	200	182	181	178	191	190	204	1838
204	200	182	181	178	191	208	204	1894
204	200	182	181	190	191	178	160	2011
204	200	182	181	190	191	178	181	1866
204	200	182	181	190	191	208	204	2028
204	200	209	205	189	179	162	161	2017
204	200	209	221	219	233	229	221	1968
204	200	209	221	219	233	234	212	2181
204	200	209	221	219	233	234	232	2505
204	200	209	221	219	233	234	247	2091
204	200	209	221	219	233	248	247	2091
204	200	209	221	229	233	219	200	1752
204	200	209	221	229	233	219	221	1968
204	200	209	221	229	233	234	212	2130
204	200	209	221	229	233	234	232	2454
204	200	209	221	229	233	234	247	2040
204	200	209	221	229	233	248	247	2040
204	200	219	221	209	196	183	156	2098
204	200	219	221	209	205	254	258	2885
204	200	219	221	229	233	234	212	2127
204	200	219	221	229	233	234	232	2451
204	200	219	221	229	233	234	247	2037
204	200	219	221	229	233	248	247	2037
204	200	219	233	229	221	209	200	1752
204	200	219	233	234	212	208	204	1872
204	200	219	233	234	232	217	218	2305
204	200	219	233	234	232	246	245	2106
204	200	219	233	234	232	246	247	2574
204	200	219	233	234	247	246	232	2160
204	200	219	233	234	247	246	245	2088
204	200	219	233	234	247	248	233	1980
204	200	219	233	234	247	258	254	2506
204	200	219	233	234	247	258	256	2235
204	200	219	233	234	247	258	276	2127
204	200	219	233	248	247	234	232	2142
204	200	219	233	248	247	234	233	1980
204	200	219	233	248	247	246	232	2160
204	200	219	233	248	247	246	245	2088
204	200	219	233	248	247	258	254	2506
204	200	219	233	248	247	258	256	2235
204	200	219	233	248	247	258	276	2127
204	208	191	178	160	132	135	124	2262
204	208	191	178	177	199	195	187	2024
204	208	191	178	177	199	195	198	2157
204	208	191	178	181	182	200	204	1894
204	208	191	178	181	182	200	209	2218
204	208	191	190	181	178	160	132	2425
204	208	191	190	181	178	160	159	2911
204	208	191	190	181	178	160	161	2389
204	208	191	190	181	178	177	176	2154
204	208	191	190	181	178	177	199	2121
204	208	191	190	181	182	175	179	2046
204	208	191	190	181	182	200	204	2028
204	208	191	190	181	182	200	209	2352
204	208	191	190	181	182	200	219	2118
204	208	199	177	176	180	174	159	2173
204	208	199	177	176	187	186	174	2151
204	208	199	177	176	187	186	198	2243
204	208	199	177	176	187	195	198	2194
204	208	199	177	176	187	195	199	2206
204	208	199	177	178	181	182	175	2183
204	208	199	177	178	181	182	200	2291
204	208	199	177	178	181	190	191	2211
204	208	199	177	178	181	190	204	2067
204	208	199	177	178	191	190	181	2177
204	208	199	177	178	191	190	204	2149
204	208	199	195	187	176	177	178	2077
204	208	199	195	187	176	177	199	2206
204	208	199	195	187	186	174	159	2151
204	208	199	195	187	186	198	195	2172
204	208	199	195	187	186	198	211	3155
204	208	199	195	198	186	174	159	2250
204	208	199	195	198	186	187	176	2122
204	208	199	195	198	186	187	195	2172
204	208	199	195	198	218	217	232	2171
204	208	199	195	198	218	231	232	2152
204	208	199	195	198	218	231	259	2242
204	208	212	234	232	246	245	256	2106
204	208	212	234	233	219	200	182	2160
204	208	212	234	233	219	200	204	1872
204	208	212	234	233	219	200	209	2196
204	208	212	234	233	219	221	209	2163
204	208	212	234	233	219	221	229	2160
204	208	212	234	233	229	221	209	2112
204	208	212	234	233	229	221	219	2343
204	208	212	234	247	246	232	217	2286
204	208	212	234	247	246	232	231	2322
204	208	212	234	247	246	232	234	2628
204	208	212	234	247	246	245	256	2088
204	208	212	234	247	248	233	219	2034
204	208	212	234	247	248	233	229	2217
204	208	212	234	247	248	233	234	2286
204	208	212	234	247	258	276	281	2873
204	208	212	234	247	258	276	291	2603
204	190	181	178	177	176	180	174	159	2034
204	190	181	178	177	176	187	186	174	2012
204	190	181	178	177	176	187	186	198	2104
204	190	181	178	177	176	187	195	198	2055
204	190	181	178	177	176	187	195	199	2067
204	190	181	178	177	199	195	187	176	2034
204	190	181	178	177	199	195	187	186	2192
204	190	181	178	177	199	208	191	178	2089
204	190	181	178	177	199	208	191	190	2231
204	190	181	178	177	199	208	212	234	2085
204	190	181	178	191	208	199	177	176	2251
204	190	181	178	191	208	199	177	178	2089
204	190	181	178	191	208	199	195	198	2130
204	190	181	178	191	208	212	234	232	2228
204	190	181	178	191	208	212	234	233	2066
204	190	181	182	175	179	189	188	175	1792
204	190	181	182	175	179	189	205	254	2476
204	190	181	182	175	188	189	179	162	2008
204	190	181	182	175	188	189	179	175	1792
204	190	181	182	175	188	189	205	254	2440
204	190	181	182	200	209	205	189	179	2081
204	190	181	182	200	209	205	189	188	2117
204	190	181	182	200	209	221	229	233	2356
204	190	181	182	200	219	221	209	196	2247
204	190	181	182	200	219	221	209	200	2371
204	190	181	182	200	219	221	209	205	2048
204	190	181	182	200	219	221	229	233	2353
204	190	181	182	200	219	233	229	221	2173
204	190	181	182	200	219	233	248	247	2296
204	190	191	178	177	176	180	174	159	2116
204	190	191	178	177	176	187	186	174	2094
204	190	191	178	177	176	187	186	198	2186
204	190	191	178	177	176	187	195	198	2137
204	190	191	178	177	176	187	195	199	2149
204	190	191	178	177	199	195	187	176	2116
204	190	191	178	177	199	195	187	186	2274
204	190	191	178	177	199	208	212	234	2167
204	190	191	178	181	182	175	179	162	2306
204	190	191	178	181	182	175	179	189	2018
204	190	191	178	181	182	200	219	221	2342
204	190	191	178	181	182	200	219	233	2162
204	190	191	208	199	177	178	181	182	2275
204	190	191	208	199	177	178	181	190	2231
204	190	191	208	199	195	187	176	177	2205
204	190	191	208	199	195	187	186	174	2129
204	190	191	208	199	195	187	186	198	2221
204	190	191	208	199	195	198	218	217	2245
204	190	191	208	199	195	198	218	231	2190
204	190	191	208	212	234	233	219	200	2144
204	190	191	208	212	234	233	219	221	2360
204	190	191	208	212	234	233	248	247	2432
204	190	191	208	212	234	247	248	233	2180
204	190	191	208	212	234	247	258	254	2706
204	190	191	208	212	234	247	258	256	2435
204	190	191	208	212	234	247	258	276	2327
204	200	182	175	179	189	205	209	200	1963
204	200	182	175	188	189	179	162	156	2178
204	200	182	175	188	189	179	162	161	2286
204	200	182	175	188	189	205	209	200	1927
204	200	182	181	178	177	176	187	186	2164
204	200	182	181	178	177	176	187	195	2056
204	200	182	181	178	177	199	208	191	2203
204	200	182	181	178	177	199	208	204	2399
204	200	182	181	178	177	199	208	212	2093
204	200	182	181	178	191	208	199	177	2169
204	200	182	181	178	191	208	199	195	2131
204	200	182	181	190	191	178	177	176	2280
204	200	182	181	190	191	178	177	199	2247
204	200	182	181	190	191	208	199	177	2303
204	200	182	181	190	191	208	199	195	2265
204	200	182	181	190	191	208	212	234	2046
204	200	209	205	189	179	162	156	143	2181
204	200	209	205	189	179	162	156	183	2377
204	200	209	205	189	179	175	182	200	1963
204	200	209	205	189	179	175	188	189	1639
204	200	209	205	189	188	175	179	189	1639
204	200	209	205	189	188	175	182	200	1927
204	200	219	221	209	196	206	201	153	2715
204	200	219	221	209	196	206	201	207	2367
204	200	219	221	209	196	206	243	249	2472
204	200	219	221	209	196	206	243	263	2402
204	200	219	233	229	221	209	196	183	2047
204	200	219	233	229	221	209	205	254	2239
204	200	219	233	234	212	208	191	190	2036
204	200	219	233	234	212	208	199	177	2147
204	200	219	233	234	212	208	199	195	2109
204	208	191	178	177	176	180	174	159	2172
204	208	191	178	177	176	187	186	174	2150
204	208	191	178	177	176	187	186	198	2242
204	208	191	178	177	176	187	195	198	2193
204	208	191	178	177	176	187	195	199	2205
204	208	191	178	181	182	175	179	162	2362
204	208	191	178	181	182	175	179	189	2074
204	208	191	178	181	182	175	188	189	2038
204	208	191	178	181	182	200	219	221	2398
204	208	191	178	181	182	200	219	233	2218
204	208	191	190	181	182	175	188	189	2172
204	208	199	177	176	180	174	186	187	2257
204	208	199	177	176	180	174	186	198	2223
204	208	199	195	187	176	180	174	159	2067
204	208	199	195	187	186	174	180	176	2003
204	208	199	195	187	186	198	218	217	2310
204	208	199	195	187	186	198	218	231	2255
204	208	199	195	198	186	174	180	176	2102
204	190	181	178	177	176	180	174	186	187	2118
204	190	181	178	177	176	180	174	186	198	2084
204	190	181	178	191	208	199	195	187	176	2145
204	190	181	178	191	208	199	195	187	186	2303
204	190	181	178	191	208	212	234	247	246	2462
204	190	181	178	191	208	212	234	247	248	2282
204	190	181	182	175	179	189	205	209	196	2083
204	190	181	182	175	179	189	205	209	200	2207
204	190	181	182	175	188	189	205	209	196	2047
204	190	181	182	175	188	189	205	209	200	2171
204	190	191	178	177	176	180	174	186	187	2200
204	190	191	178	177	176	180	174	186	198	2166
204	190	191	178	181	182	175	188	189	179	2144
204	190	191	178	181	182	175	188	189	205	2216
204	190	191	208	199	195	187	176	180	174	2045
204	200	182	175	179	189	205	209	196	183	2258
204	200	182	175	179	189	205	209	196	206	2022
204	200	182	175	179	189	205	209	221	219	2128
204	200	182	175	188	189	205	209	196	183	2222
204	200	182	175	188	189	205	209	221	219	2092
204	200	182	181	178	177	176	180	174	159	2366
204	200	182	181	178	177	176	180	174	186	2144
204	200	182	181	178	191	208	212	234	232	2560
204	200	182	181	178	191	208	212	234	233	2398
204	200	182	181	178	191	208	212	234	247	2146
204	200	209	205	189	179	175	182	181	178	2107
204	200	209	205	189	179	175	182	181	190	2099
204	200	209	205	189	188	175	179	162	156	2341
204	200	209	205	189	188	175	179	162	161	2449
204	200	209	205	189	188	175	182	181	178	2071
204	200	209	205	189	188	175	182	181	190	2063
204	200	219	221	209	205	189	179	162	156	2272
204	200	219	221	209	205	189	179	162	161	2380
204	200	219	233	229	221	209	196	206	201	2244
204	200	219	233	229	221	209	196	206	243	2387
204	200	219	233	234	212	208	191	178	160	2291
204	200	219	233	234	212	208	191	178	177	2146
204	200	219	233	234	212	208	191	178	181	2146
204	200	219	233	248	247	234	212	208	191	2144
204	200	219	233	248	247	234	212	208	199	2234
204	200	219	233	248	247	234	212	208	204	2340
204	208	191	178	177	176	180	174	186	187	2256
204	208	191	178	177	176	180	174	186	198	2222
204	208	199	195	187	176	180	174	186	187	2151
204	208	199	195	187	176	180	174	186	198	2117
204	190	181	178	191	208	212	234	247	258	254	3060
204	190	181	178	191	208	212	234	247	258	256	2789
204	190	181	178	191	208	212	234	247	258	276	2681
204	190	181	182	175	179	189	205	209	221	219	2372
204	190	181	182	175	179	189	205	209	221	229	2138
204	190	181	182	175	188	189	205	209	221	219	2336
204	190	181	182	175	188	189	205	209	221	229	2102
204	200	182	175	179	189	205	209	221	229	233	2311
204	200	182	175	188	189	205	209	196	206	201	2419
204	200	182	175	188	189	205	209	196	206	243	2562
204	200	182	175	188	189	205	209	221	229	233	2275
204	200	219	221	209	205	189	179	175	182	181	2218
204	200	219	221	209	205	189	179	175	182	200	2326
204	200	219	221	209	205	189	179	175	188	189	2002
204	200	219	221	209	205	189	188	175	179	162	2290
204	200	219	221	209	205	189	188	175	179	189	2002
204	200	219	221	209	205	189	188	175	182	181	2182
204	200	219	221	209	205	189	188	175	182	200	2290
204	200	219	233	229	221	209	205	189	179	162	2275
204	200	219	233	229	221	209	205	189	179	175	2059
204	200	219	233	229	221	209	205	189	188	175	2023
쒖皓餞봇----
100	124	131	132	135	143	153	156	159	160	161	162	174	175	176	177	178	179	180	181	182	183	186	187	188	189	190	191	195	196	198	199	200	201	204	205	206	207	208	209	211	212	217	218	219	221	229	231	232	233	234	243	245	246	247	248	249	254	256	258	259	263	276	281	291	

PetrolCar 194
194	169	192	168	2296
194	169	149	151	166	2011
194	214	202	216	214	1380
194	214	216	202	214	1380
194	238	240	241	242	2378
194	238	244	224	239	2155
194	238	244	268	269	2522
194	238	244	268	279	2181
194	238	265	277	279	2196
194	238	265	277	280	2431
194	169	149	139	117	114	2691
194	169	149	139	117	115	2367
194	169	149	139	138	115	2314
194	169	149	139	138	141	2889
194	169	149	154	171	185	2066
194	185	171	154	149	151	2267
194	210	203	197	215	141	3040
194	210	203	197	215	228	2782
194	210	203	197	215	308	2572
194	210	203	220	226	215	2088
194	210	203	220	226	242	2285
194	210	225	227	220	226	2169
194	214	202	207	201	153	2409
194	238	240	241	261	266	2469
194	238	240	241	261	280	2488
194	238	240	266	261	241	2397
194	238	240	266	261	280	2541
194	238	240	266	265	238	2108
194	238	240	266	265	277	2180
194	238	244	224	216	214	2176
194	238	244	224	223	213	2037
194	238	265	266	240	238	2108
194	238	265	266	240	241	2322
194	238	265	266	261	241	2377
194	238	265	266	261	280	2521
194	238	265	277	285	286	2398
194	238	265	277	285	294	2270
194	169	149	139	117	108	83	2278
194	169	149	139	117	108	107	2853
194	169	149	139	147	145	140	2156
194	169	149	139	147	145	150	2067
194	169	149	139	147	154	149	2194
194	169	149	139	147	154	150	2139
194	169	149	139	147	154	171	2045
194	169	149	154	147	139	117	2534
194	169	149	154	147	139	138	2606
194	169	149	154	147	139	149	2194
194	169	149	154	147	145	140	2137
194	169	149	154	147	145	150	2048
194	169	149	154	150	145	140	2209
194	169	149	154	150	145	147	2225
194	169	149	154	150	152	140	2186
194	169	149	154	150	152	146	2378
194	169	149	154	150	152	155	2402
194	169	149	154	171	155	152	2380
194	169	149	154	171	172	164	2217
194	169	149	154	171	172	184	2277
194	169	165	173	166	151	149	2554
194	185	171	154	147	139	117	2164
194	185	171	154	147	139	138	2236
194	185	171	154	149	139	117	2179
194	185	171	154	149	139	138	2251
194	185	171	154	149	139	147	2056
194	185	171	154	149	169	192	2272
194	185	171	154	149	169	194	2310
194	185	171	154	150	152	146	2008
194	185	171	154	150	152	155	2032
194	185	171	155	152	140	114	2252
194	185	171	155	152	140	146	2037
194	185	171	155	152	146	126	2176
194	185	171	155	152	146	140	2229
194	185	171	155	152	150	154	2054
194	185	171	172	184	214	194	2125
194	185	171	172	184	214	202	2146
194	185	171	172	184	214	216	2212
194	210	203	197	215	226	220	2935
194	210	203	197	215	226	242	2195
194	210	203	220	227	225	210	1631
194	210	225	227	220	203	210	1631
194	213	223	224	216	214	194	1670
194	213	223	224	244	238	194	2240
194	213	223	224	244	238	265	2096
194	213	223	224	244	268	269	2346
194	213	223	224	244	268	279	2005
194	214	184	172	164	163	153	2191
194	214	184	172	171	154	149	2156
194	214	184	172	171	154	150	2101
194	214	184	172	171	155	152	2195
194	214	184	172	171	185	194	2125
194	214	202	207	201	206	196	2137
194	214	202	207	201	206	243	2530
194	214	202	207	222	216	202	1590
194	214	202	207	222	216	214	1821
194	214	202	216	222	207	202	1590
194	214	202	216	224	244	238	2062
194	214	202	216	224	244	268	2060
194	214	216	202	207	201	153	2685
194	214	216	202	207	201	206	2230
194	214	216	202	207	222	216	1656
194	214	216	222	207	201	153	2622
194	214	216	222	207	201	206	2167
194	214	216	222	207	202	214	1821
194	214	216	222	207	202	216	1656
194	214	216	224	223	213	194	1670
194	214	216	224	239	252	269	2268
194	214	216	224	244	238	194	2530
194	214	216	224	244	238	240	2226
194	214	216	224	244	238	265	2386
194	214	216	224	244	268	269	2636
194	214	216	224	244	268	279	2295
194	238	244	224	216	202	207	2197
194	238	244	224	216	202	214	2320
194	238	244	224	216	222	207	2134
194	238	244	224	216	222	230	2213
194	185	171	154	147	139	149	151	2688
194	185	171	154	147	139	149	154	2257
194	185	171	154	147	139	149	169	2099
194	185	171	154	147	145	140	114	2343
194	185	171	154	147	145	140	146	2128
194	185	171	154	147	145	140	152	2001
194	185	171	154	147	145	150	154	2056
194	185	171	154	149	169	165	173	2046
194	185	171	154	150	145	140	114	2415
194	185	171	154	150	145	140	146	2200
194	185	171	154	150	145	140	152	2073
194	185	171	154	150	145	147	139	2290
194	185	171	154	150	145	147	154	2056
194	185	171	154	150	152	140	114	2392
194	185	171	154	150	152	140	145	2106
194	185	171	154	150	152	140	146	2177
194	185	171	155	152	140	145	147	2272
194	185	171	155	152	140	145	150	2167
194	185	171	155	152	146	144	134	2226
194	185	171	155	152	146	144	143	2282
194	185	171	155	152	146	144	153	2198
194	185	171	155	152	150	145	140	2167
194	185	171	155	152	150	145	147	2183
194	185	171	172	164	163	153	144	2204
194	185	171	172	164	163	153	201	2870
194	210	225	227	220	203	197	215	2384
194	213	223	224	216	202	214	194	1814
194	213	223	224	216	202	214	216	1901
194	213	223	224	216	214	184	172	2129
194	213	223	224	216	214	202	216	1901
194	213	223	224	239	252	250	230	2058
194	213	223	224	239	252	269	268	2698
194	213	223	224	239	252	269	273	2252
194	213	223	224	244	238	240	241	2458
194	213	223	224	244	238	240	266	2386
194	214	184	172	171	154	147	139	2359
194	214	184	172	171	154	147	145	2230
194	214	202	207	222	216	224	239	2170
194	214	202	207	222	230	250	249	2067
194	214	202	207	222	230	250	252	2033
194	214	202	207	222	230	250	264	2188
194	214	202	216	222	207	201	153	2766
194	214	202	216	222	207	201	206	2311
194	214	202	216	222	230	250	264	2113
194	214	202	216	224	223	213	194	1814
194	214	202	216	224	239	252	250	2077
194	214	202	216	224	239	252	269	2412
194	214	216	202	207	222	230	250	2183
194	214	216	222	230	250	249	243	2350
194	214	216	222	230	250	252	239	2036
194	214	216	222	230	250	252	269	2275
194	214	216	222	230	250	264	271	2478
194	214	216	224	239	252	250	230	2348
194	214	216	224	239	252	250	249	2093
194	214	216	224	239	252	250	264	2214
194	185	171	154	147	145	150	152	140	2146
194	185	171	154	147	145	150	152	146	2338
194	185	171	154	147	145	150	152	155	2362
194	213	223	224	216	202	207	201	153	2765
194	213	223	224	216	202	207	201	206	2310
194	213	223	224	216	202	207	222	216	1736
194	213	223	224	216	202	214	184	172	2273
194	213	223	224	216	214	202	207	201	2483
194	213	223	224	216	214	202	207	222	2159
194	213	223	224	216	222	207	201	153	2702
194	213	223	224	216	222	207	201	206	2247
194	213	223	224	216	222	207	202	216	1736
194	213	223	224	216	222	230	250	264	2049
194	213	223	224	239	252	250	249	243	2305
194	213	223	224	239	252	250	264	271	2433
194	214	202	207	222	216	224	223	213	2052
194	214	202	207	222	216	224	244	238	2503
194	214	202	207	222	216	224	244	268	2501
194	214	202	216	222	230	250	249	243	2494
194	214	202	216	222	230	250	252	239	2180
194	214	202	216	222	230	250	252	269	2419
194	213	223	224	216	202	207	222	230	250	2263
194	213	223	224	216	222	207	202	214	184	2333
194	213	223	224	216	222	207	202	214	194	2255
194	213	223	224	216	222	207	202	214	216	2342
194	213	223	224	216	222	230	250	249	243	2430
194	213	223	224	216	222	230	250	252	239	2116
194	213	223	224	216	222	230	250	252	269	2355
쒖皓餞봇----
83	107	108	114	115	117	126	134	138	139	140	141	143	144	145	146	147	149	150	151	152	153	154	155	163	164	165	166	168	169	171	172	173	184	185	192	194	196	197	201	202	203	206	207	210	213	214	215	216	220	222	223	224	225	226	227	228	230	238	239	240	241	242	243	244	249	250	252	261	264	265	266	268	269	271	273	277	279	280	285	286	294	308	

PetrolCar 93
93	69	60	30	2104
93	80	100	93	603
93	82	60	30	2509
93	82	60	62	2022
93	100	80	93	603
93	100	132	131	2977
93	69	60	62	46	2075
93	69	60	62	66	3026
93	69	60	82	89	2230
93	69	60	82	93	2375
93	80	100	132	131	3170
93	82	60	69	65	2067
93	82	60	69	74	2321
93	82	60	69	93	2375
93	82	89	73	71	2618
93	100	132	160	159	2491
93	69	60	59	65	69	1628
93	69	65	58	57	27	2191
93	69	65	58	59	65	1453
93	69	65	59	58	65	1453
93	69	65	59	60	30	2250
93	69	65	59	60	69	1628
93	69	65	70	75	90	2041
93	80	100	132	160	159	2684
93	80	100	132	160	161	2162
93	80	100	132	160	178	2055
93	82	60	59	58	57	2205
93	82	60	59	58	65	2052
93	82	60	59	65	58	2075
93	82	60	59	65	69	2033
93	82	60	59	65	70	2360
93	82	89	95	97	94	2503
93	82	89	95	97	102	2073
93	82	89	95	102	97	2205
93	82	89	95	102	113	2277
93	100	132	160	161	162	2491
93	100	132	160	178	177	2114
93	100	132	160	178	181	2114
93	100	132	160	178	191	2080
93	69	60	59	58	57	27	2726
93	69	60	59	58	57	53	2326
93	69	60	59	58	57	68	2193
93	69	60	59	58	65	59	1940
93	69	60	59	58	65	69	1827
93	69	60	59	58	65	70	2154
93	69	60	59	65	58	57	2045
93	69	60	59	65	58	59	1940
93	69	60	59	65	70	68	2148
93	69	60	59	65	70	75	2490
93	69	65	58	57	53	31	2637
93	69	65	58	59	60	30	2449
93	69	65	58	59	60	69	1827
93	69	65	58	59	60	82	2143
93	69	65	59	58	57	27	2532
93	69	65	59	58	57	53	2132
93	69	65	59	60	62	46	2221
93	69	65	59	60	62	66	3172
93	69	65	59	60	82	89	2376
93	69	65	59	60	82	93	2521
93	69	65	70	68	57	27	2687
93	69	65	70	68	57	53	2287
93	69	65	70	68	57	58	2136
93	69	65	70	75	72	64	2183
93	69	74	76	98	90	75	2201
93	69	74	76	98	90	87	2212
93	69	74	76	98	90	99	2015
93	69	74	76	98	96	80	2268
93	69	74	76	98	96	104	2054
93	69	74	76	98	101	99	2006
93	69	74	76	98	101	110	2051
93	80	96	98	90	75	70	2096
93	80	96	98	90	87	54	2598
93	80	96	98	90	87	91	2328
93	80	96	104	124	129	121	2195
93	80	96	104	124	129	133	2213
93	80	100	132	135	124	104	2119
93	80	100	132	135	124	129	2010
93	100	80	96	104	124	129	2232
93	100	80	96	104	124	135	2089
93	100	132	135	124	104	96	2236
93	100	132	135	124	104	103	2250
93	100	132	135	124	129	121	2087
93	100	132	135	124	129	133	2105
93	69	65	58	57	53	55	54	2339
93	69	65	58	57	53	55	64	2320
93	69	65	58	57	68	70	65	2358
93	69	65	58	57	68	70	75	2386
93	69	65	58	59	60	62	46	2420
93	69	65	58	59	60	62	66	3371
93	69	65	59	58	57	68	70	2192
93	69	74	76	98	101	103	104	2305
93	69	74	76	98	101	103	112	2197
93	80	96	98	76	74	69	60	2425
93	80	96	98	76	74	69	65	2108
93	80	96	98	76	74	69	93	2416
93	80	96	98	90	75	72	64	2034
93	80	96	98	90	87	106	105	2059
93	80	96	98	90	87	106	107	2706
93	80	96	98	90	87	106	118	2194
93	80	96	98	90	87	106	120	2328
93	80	96	98	90	99	101	98	1853
93	80	96	98	101	99	90	98	1853
93	80	96	98	101	103	104	96	1975
93	80	96	98	101	103	104	124	2191
93	80	96	98	101	110	118	106	2012
93	80	96	98	101	110	118	125	2004
93	80	96	98	101	110	118	134	2171
93	80	96	104	103	101	98	90	2101
93	80	96	104	103	101	98	96	1975
93	80	96	104	103	101	110	112	2020
93	80	96	104	103	101	110	118	2035
93	80	96	104	103	112	110	101	2076
93	80	96	104	103	112	110	118	2185
93	80	96	104	124	135	132	100	2703
93	80	96	104	124	135	132	131	4035
93	80	96	104	124	135	132	160	2523
93	100	80	96	98	76	74	69	2235
93	100	80	96	98	90	75	70	2403
93	100	80	96	98	90	75	72	2051
93	100	80	96	98	90	87	54	2905
93	100	80	96	98	90	87	91	2635
93	100	80	96	98	90	87	106	2239
93	100	80	96	98	101	110	112	2042
93	100	80	96	98	101	110	118	2057
93	100	80	96	104	103	101	98	2066
93	100	80	96	104	103	101	110	2003
93	100	80	96	104	103	112	110	2153
93	80	96	98	90	99	101	103	104	2044
93	80	96	98	90	99	101	110	112	2114
93	80	96	98	90	99	101	110	118	2129
93	80	96	98	90	99	105	106	87	2143
93	80	96	98	90	99	105	106	107	2557
93	80	96	98	90	99	105	106	118	2045
93	80	96	98	90	99	105	106	120	2179
93	80	96	98	101	99	90	75	70	2377
93	80	96	98	101	99	90	75	72	2025
93	80	96	98	101	99	90	87	54	2879
93	80	96	98	101	99	90	87	91	2609
93	80	96	98	101	99	90	87	106	2213
93	80	96	98	101	99	105	106	87	2134
93	80	96	98	101	99	105	106	107	2548
93	80	96	98	101	99	105	106	118	2036
93	80	96	98	101	99	105	106	120	2170
93	80	96	98	101	103	112	110	101	2111
93	80	96	98	101	103	112	110	118	2220
93	80	96	98	101	103	112	121	119	2026
93	80	96	98	101	110	112	103	101	2111
93	80	96	98	101	110	112	103	104	2275
93	80	96	98	101	110	112	121	119	2204
93	80	96	98	101	110	112	121	129	2114
93	80	96	98	101	110	118	119	121	2328
93	80	96	98	101	110	118	119	127	2218
93	80	96	104	103	101	98	76	74	2365
93	80	96	104	103	101	99	90	75	2127
93	80	96	104	103	101	99	90	87	2138
93	80	96	104	103	101	99	90	98	2138
93	80	96	104	103	101	99	105	106	2059
93	80	96	104	103	112	121	119	118	2209
93	80	96	104	103	112	121	119	127	2241
93	80	96	104	103	112	121	129	124	2318
93	80	96	104	103	112	121	129	133	2189
93	100	80	96	98	90	99	101	98	2160
93	100	80	96	98	90	99	101	103	2027
93	100	80	96	98	90	99	101	110	2097
93	100	80	96	98	90	99	105	106	2090
93	100	80	96	98	101	99	90	75	2149
93	100	80	96	98	101	99	90	87	2160
93	100	80	96	98	101	99	90	98	2160
93	100	80	96	98	101	99	105	106	2081
93	100	80	96	98	101	103	104	96	2282
93	100	80	96	98	101	103	104	124	2498
93	100	80	96	98	101	103	112	110	2188
93	100	80	96	104	103	101	99	90	2103
93	100	80	96	104	103	101	99	105	2239
93	100	80	96	104	103	112	121	119	2298
93	100	80	96	104	103	112	121	129	2208
93	80	96	98	90	99	101	103	112	110	2260
93	80	96	98	90	99	101	103	112	121	2045
93	80	96	98	101	103	112	121	129	124	2353
93	80	96	98	101	103	112	121	129	133	2224
93	100	80	96	98	101	103	112	121	119	2333
93	100	80	96	98	101	103	112	121	129	2243
쒖皓餞봇----
27	30	31	46	53	54	55	57	58	59	60	62	64	65	66	68	69	70	71	72	73	74	75	76	80	82	87	89	90	91	93	94	95	96	97	98	99	100	101	102	103	104	105	106	107	110	112	113	118	119	120	121	124	125	127	129	131	132	133	134	135	159	160	161	162	177	178	181	191	

PetrolCar 67
67	43	46	2143
67	43	36	38	2056
67	66	62	46	2335
67	66	62	60	2509
67	66	71	73	89	2260
67	92	94	109	111	2069
67	92	94	109	113	2064
67	92	111	109	94	2059
67	92	111	109	113	2235
67	92	111	128	157	2091
67	43	36	32	14	9	2161
67	43	36	32	14	33	2660
67	43	36	32	33	14	2740
67	43	36	32	33	26	2330
67	43	36	32	33	38	2221
67	92	94	97	95	89	2590
67	92	94	97	95	102	2272
67	92	94	97	102	95	2292
67	92	94	97	102	113	2252
67	92	111	128	130	131	2703
67	92	111	128	130	158	2416
쒖皓餞봇----
9	14	26	32	33	36	38	43	46	60	62	66	67	71	73	89	92	94	95	97	102	109	111	113	128	130	131	157	158	

PetrolCar 29
29	22	8	6	2088
29	22	8	11	2574
29	22	50	51	2142
29	23	25	15	2286
29	23	25	24	2916
29	23	25	44	2610
29	51	50	22	2376
29	51	52	88	2664
29	51	83	88	2557
29	51	83	91	2935
29	51	83	108	2288
29	18	6	3	4	2601
29	18	6	8	11	2619
29	18	6	8	22	2295
29	18	13	3	6	2168
29	18	13	3	4	2492
29	18	13	23	25	2764
29	18	13	23	29	2350
29	18	13	23	42	2207
29	22	28	19	20	2006
29	22	28	34	31	2358
29	22	28	34	54	2628
29	22	50	56	54	2653
29	22	50	56	91	2851
29	23	13	3	6	2234
29	23	13	3	4	2558
29	23	13	18	6	2241
29	23	13	18	29	2350
29	23	42	52	51	2287
29	23	42	52	88	2611
29	51	50	56	54	2671
29	51	50	56	91	2869
29	51	52	42	23	2467
29	51	52	42	41	2287
29	51	52	47	41	2304
29	51	52	47	44	2664
29	18	6	3	13	18	2532
29	18	6	3	13	23	2387
29	22	28	34	20	11	2575
29	22	28	34	20	19	2845
29	23	42	41	47	44	2630
29	23	42	41	47	52	2288
29	23	42	52	47	41	2251
29	23	42	52	47	44	2611
쒖皓餞봇----
3	4	6	8	11	13	15	18	19	20	22	23	24	25	28	29	31	34	41	42	44	47	50	51	52	54	56	83	88	91	108	

PetrolCar 211
211	193	255	2133
211	260	255	2138
211	167	131	130	2203
211	167	131	132	3445
211	167	158	130	2002
211	193	157	128	2535
211	193	157	158	2385
211	167	131	113	102	2080
211	167	131	113	109	2362
211	167	158	157	128	2493
211	167	158	157	193	2670
211	198	186	174	159	2168
211	198	186	187	176	2040
211	198	186	187	195	2090
211	198	195	187	186	2149
211	198	195	199	177	2369
211	198	195	199	208	2296
211	198	218	217	232	2089
211	198	218	231	232	2070
211	198	218	231	259	2160
211	260	270	287	289	2291
211	198	186	174	180	176	2020
211	198	195	187	176	177	2405
211	198	195	187	176	180	2118
쒖皓餞봇----
102	109	113	128	130	131	132	157	158	159	167	174	176	177	180	186	187	193	195	198	199	208	211	217	218	231	232	255	259	260	270	287	289	

PetrolCar 21
21	2	1	3604
21	2	5	2884
21	24	25	2412
21	24	49	2143
21	37	39	2488
21	45	49	2002
21	24	17	16	2485
21	45	81	77	3846
21	45	81	86	2621
쒖皓餞봇----
1	2	5	16	17	21	24	25	37	39	45	49	77	81	86	

PetrolCar 79
79	237	2868
79	40	35	2148
79	40	39	2307
79	77	39	2014
79	77	81	2131
쒖皓餞봇----
35	39	40	77	79	81	237	

PetrolCar 272
272	304	305	3445
272	242	226	220	2234
272	242	241	240	2304
272	242	241	261	2233
272	304	299	280	2834
272	304	299	303	2636
272	242	226	215	141	2593
272	242	226	215	197	2126
272	242	226	215	228	2335
272	242	226	215	308	2125
쒖皓餞봇----
141	197	215	220	226	228	240	241	242	261	272	280	299	303	304	305	308	

PetrolCar 30
30	27	57	2060
30	10	7	11	2881
30	10	7	27	2830
30	10	12	9	2718
30	10	12	26	2610
30	26	12	9	2718
30	26	12	10	2844
30	26	33	14	2194
30	26	33	32	2053
30	27	7	10	3172
30	27	7	11	2883
30	27	31	34	2106
30	27	31	53	2358
30	60	62	46	2209
30	60	62	66	3160
30	60	69	74	2050
30	60	69	93	2104
30	60	82	89	2364
30	60	82	93	2509
30	26	33	38	36	2548
30	26	33	38	46	2440
30	60	59	65	70	2089
30	60	69	65	58	2018
30	60	69	65	59	2089
30	60	69	65	70	2303
30	60	59	58	57	27	2860
30	60	59	58	57	53	2460
30	60	59	58	57	68	2327
30	60	59	58	65	59	2074
30	60	59	58	65	70	2288
30	60	59	65	58	57	2179
30	60	59	65	58	59	2074
30	60	59	65	69	60	2259
30	60	59	65	69	74	2196
30	60	59	65	69	93	2250
30	60	59	58	65	69	60	2458
30	60	59	58	65	69	74	2395
30	60	59	58	65	69	93	2449
쒖皓餞봇----
7	9	10	11	12	14	26	27	30	31	32	33	34	36	38	46	53	57	58	59	60	62	65	66	68	69	70	74	82	89	93	

PetrolCar 291
291	289	287	2140
291	292	288	2073
291	292	300	2322
291	298	297	3993
291	298	300	2446
291	276	258	254	2403
291	276	258	256	2132
291	276	281	267	2126
291	276	258	247	246	2171
291	276	258	247	234	212	2081
291	276	258	247	234	232	2405
291	276	258	247	234	233	2243
291	276	258	247	248	233	2243
쒖皓餞봇----
212	232	233	234	246	247	248	254	256	258	267	276	281	287	288	289	291	292	297	298	300	

PetrolCar 306
306	305	251	2999
306	305	304	3132
306	295	253	251	2593
306	295	253	257	3044
306	295	296	257	3007
306	295	296	307	2124
306	307	296	257	3007
306	307	296	295	2700
쒖皓餞봇----
251	253	257	295	296	304	305	306	307	

PetrolCar 253
253	251	305	2639
253	257	296	2504
253	295	296	2539
253	251	228	215	2896
253	257	237	79	4309
253	257	237	235	2539
253	295	306	305	2953
253	295	306	307	3025
253	251	236	235	237	2636
쒖皓餞봇----
79	215	228	235	236	237	251	253	257	295	296	305	306	307	

