0,(8136,285),(5627,4986),(9190,4266),(4507,3060),(7336,2936),(4063,5327),(1584,7088),(6624,7952),(1944,2899),(11699,7150),(12924,5341),(9198,2214),(3653,7907),(11880,324),(11430,2156),(4086,738),(9306,6314),(342,412),(14471,6916),(6282,2142),(936,3756),(7308,5251),(9288,7992),(10584,5244),(4654,7235),(7560,272),(1703,5775)
1,(7908,280),(5616,5214),(9178,4038),(4362,3143),(7452,2988),(4089,5554),(1812,7082),(6396,7944),(2172,2902),(11926,7127),(12696,5332),(9198,1986),(3881,7918),(11880,552),(11658,2150),(4314,738),(9534,6307),(570,408),(14283,6840),(6306,2241),(1164,3747),(7080,5244),(9516,7992),(10812,5256),(4674,7462),(7788,277),(1521,5825)
2,(7578,273),(5632,4896),(9171,3708),(4122,3239),(7114,3174),(3954,5815),(2141,7077),(6066,7934),(2502,2907),(12254,7093),(12366,5320),(9198,1656),(4211,7933),(11888,881),(11987,2140),(4644,738),(9864,6302),(900,403),(13954,6856),(6284,2153),(990,3754),(6750,5232),(9607,7776),(10458,5238),(4702,7791),(8118,284),(1228,5846)
3,(7426,469),(5667,4819),(9175,3871),(4125,3580),(6939,3446),(3684,6008),(1458,7092),(5723,7923),(2845,2912),(12595,7057),(12023,5307),(9198,1675),(4554,7948),(11906,1224),(12330,2123),(4987,738),(10207,6316),(1243,398),(13617,6922),(6165,1831),(835,3923),(6407,5221),(9810,7650),(10799,5255),(4700,7778),(8262,487),(1274,6186)
4,(7418,650),(5872,4571),(9285,4077),(4140,3901),(6677,3627),(3364,5980),(2163,7079),(5830,7926),(3098,2915),(12915,7024),(11702,5295),(9198,1996),(4557,7948),(11922,1545),(12651,2107),(5308,738),(10259,6603),(1564,393),(14544,7020),(6187,1888),(884,4241),(6372,5506),(10131,7650),(10478,5239),(4673,7458),(8262,808),(1318,6504)
5,(7432,306),(6005,4259),(9628,4051),(4140,4245),(6348,3709),(3170,5964),(1910,7282),(6174,7937),(2754,2910),(13257,6988),(11358,5282),(9198,2340),(4213,7933),(11939,1889),(12995,2090),(5652,738),(10281,6947),(1908,388),(12959,7019),(6255,2072),(861,4094),(6372,5850),(10189,7650),(10446,4914),(4644,7115),(8262,1152),(1378,6843)
6,(7422,553),(5634,4860),(9904,4093),(4140,4004),(6038,3774),(3488,5991),(1691,7515),(6493,7947),(2435,2906),(13029,7012),(11243,5277),(8879,2346),(3894,7918),(11948,2076),(12786,2100),(5693,738),(10290,7098),(2227,383),(12642,7052),(6143,1773),(812,3778),(6372,6169),(9870,7650),(10435,4595),(4331,7110),(8262,1157),(1432,7040)
7,(7416,908),(5609,4001),(9198,4392),(4131,3649),(5910,4004),(3814,5935),(1533,7482),(6750,7858),(2080,2901),(12676,7049),(11598,5291),(8524,2352),(3539,7902),(11930,1721),(12431,2118),(5338,738),(10268,6743),(2582,378),(12289,7089),(6407,1717),(729,3433),(6680,6271),(9602,7728),(10422,4240),(3976,7110),(8262,802),(1352,6696)
8,(7429,1209),(5590,3858),(9580,4055),(4518,2934),(5899,3823),(4044,5738),(1476,7185),(6750,7556),(1825,2937),(12375,7080),(11900,5302),(8302,2357),(3238,7902),(11915,1419),(12129,2133),(5036,738),(10249,6441),(2884,373),(11988,7120),(6709,1724),(658,3139),(6487,6233),(9592,7992),(10130,4230),(3674,7110),(8262,500),(1302,6397)
9,(7693,1351),(5437,4138),(9198,4392),(4109,2949),(6284,3715),(4068,5365),(1516,7393),(6750,7154),(1902,3332),(11975,7122),(12302,5317),(8704,2349),(2836,7902),(11895,1017),(11728,2148),(4634,738),(10242,6040),(3286,367),(11588,7162),(6569,1721),(570,2747),(6088,6222),(9190,7992),(10180,4230),(3748,7110),(8451,273),(1249,5999)
10,(7954,1334),(5331,4244),(9195,4347),(4149,3132),(6545,3690),(4075,5108),(1458,7092),(6744,6893),(1952,3588),(11716,7149),(12563,5327),(8965,2344),(2575,7902),(11882,756),(11467,2155),(4373,738),(10242,6065),(3547,363),(11600,7408),(6308,1714),(515,2492),(5827,6234),(9149,7759),(10422,4249),(4009,7110),(8712,254),(1298,5816)
11,(8219,1316),(5609,4051),(9503,4412),(4518,2934),(6862,3549),(4116,4761),(1806,7393),(6737,6542),(1903,3338),(11526,6961),(12914,5340),(9191,2458),(2495,7624),(11880,406),(11130,2232),(4022,738),(10144,6313),(3698,361),(11637,7758),(6034,1570),(441,2149),(5684,6241),(9152,7408),(10435,4600),(4360,7110),(8433,275),(1649,5830)
12,(7885,1339),(5595,4376),(9837,4434),(4266,3348),(7035,3622),(4132,4427),(2034,7149),(6733,6356),(1839,3010),(11450,6635),(13159,5511),(9052,2672),(2488,7290),(11754,200),(10822,2361),(3852,487),(9180,6318),(3364,366),(11655,7929),(6195,1437),(493,2389),(6018,6226),(9090,7146),(10447,4934),(4637,7060),(8423,276),(1835,5640)
13,(7560,1360),(5483,4656),(9854,4435),(4267,3348),(6740,3755),(4319,4251),(1885,7080),(6740,6681),(1608,2920),(11376,6318),(13338,5782),(8727,2694),(2629,7110),(11429,206),(10522,2487),(3871,531),(9485,6309),(3039,371),(11621,7605),(6263,1425),(561,2707),(6343,6211),(8765,7146),(10437,5238),(4592,6738),(7434,270),(2158,5604)
14,(7421,1154),(5339,4747),(9530,4414),(4494,3157),(6429,3845),(4134,4388),(1561,7089),(6747,7005),(1285,2954),(11305,6002),(13517,6052),(8404,2716),(2953,7110),(11105,211),(10223,2612),(3861,744),(9179,6299),(2715,376),(11586,7283),(5992,1503),(810,3762),(6372,5915),(8441,7146),(10113,5250),(4548,6417),(8424,275),(2480,5569)
15,(7416,822),(5491,4596),(9198,4392),(4410,2929),(6395,4009),(4118,4721),(1688,7085),(6942,7140),(954,2989),(11232,5677),(13701,6329),(8118,2782),(3286,7110),(10893,313),(10459,2514),(3528,768),(9174,5966),(2382,381),(11785,7141),(6211,1712),(708,3347),(6372,5582),(8108,7146),(9785,5288),(4416,6161),(8262,458),(2812,5533)
16,(7156,734),(5559,4607),(9162,4752),(4104,2860),(6226,3947),(4083,5080),(2050,7075),(7304,7130),(665,3020),(11153,5323),(13901,6631),(8118,2760),(3372,7110),(10972,667),(10793,2374),(3167,794),(9167,5604),(2020,386),(12146,7104),(6573,1721),(794,3699),(7434,5256),(8382,7146),(9423,5269),(4065,6077),(8262,820),(2911,5522)
17,(6830,752),(5695,4860),(9162,5078),(4104,2534),(6123,4001),(4175,5189),(1458,7092),(7418,7375),(990,2985),(11202,5542),(13998,6776),(7893,2628),(3046,7110),(11042,985),(11093,2248),(2842,817),(9162,5278),(1694,391),(12470,7070),(6840,1787),(747,3507),(6046,5220),(8708,7146),(9227,5259),(3746,6018),(8262,1146),(2587,5557)
18,(7027,741),(6016,4860),(9162,5113),(4375,2494),(7452,2988),(4148,5119),(2136,7033),(7437,7692),(1309,2951),(11272,5856),(13820,6509),(7783,2790),(2725,7110),(11112,1298),(11326,2250),(2522,839),(9162,4957),(1373,396),(12789,7037),(6840,2108),(671,3195),(5725,5220),(9029,7146),(9548,5276),(3983,5978),(8262,1161),(2268,5592)
19,(7370,722),(6359,4860),(9162,4770),(4599,2630),(6737,3755),(3982,5206),(2145,6875),(7321,7956),(1650,2915),(11347,6191),(13631,6223),(8041,2938),(2486,7212),(11187,1633),(11516,2452),(2179,863),(9168,4614),(1030,401),(13130,7001),(6840,2193),(796,3006),(5607,5454),(9154,7356),(9846,5337),(4644,7110),(8262,818),(1926,5630)
20,(7416,1054),(6077,4860),(9198,4392),(4550,2934),(7080,3597),(3602,5229),(1769,6930),(6941,7956),(1783,2688),(11433,6561),(13421,5906),(7819,2899),(2494,7592),(11269,2004),(11896,2463),(2555,837),(9177,4546),(650,407),(13506,6944),(6840,1813),(1174,2966),(5594,5834),(9230,7650),(9846,5717),(3956,6003),(8262,438),(1907,5632)
21,(7191,1092),(5790,4860),(9484,4411),(4632,3081),(7223,3354),(3316,5231),(1485,6972),(6846,7956),(1737,2405),(11498,6841),(13262,5666),(9198,2340),(2501,7879),(11276,2035),(12183,2459),(2841,817),(9184,4492),(363,411),(13788,6889),(6859,1526),(1459,2935),(5584,6121),(9517,7650),(9842,6003),(4082,6078),(8125,285),(2192,5601)
22,(6892,1094),(5585,4691),(9815,4433),(4562,3335),(7243,3314),(3042,5277),(1650,6948),(7177,7956),(1684,2078),(11574,7164),(13079,5391),(8071,2628),(2810,7902),(11204,1711),(12514,2448),(3171,793),(9167,4620),(232,597),(14115,6840),(6885,1196),(1789,2901),(5587,6040),(9340,7650),(9813,6266),(4402,6157),(7794,277),(2521,5565)
23,(6818,1345),(5594,4382),(9887,4437),(4464,3341),(7105,3596),(3042,5425),(1961,6902),(7491,7958),(1423,2034),(11260,7168),(13229,5301),(8307,2723),(3124,7902),(11136,1405),(12828,2437),(3485,771),(9180,6318),(261,909),(14424,6849),(6825,895),(1534,2928),(5598,5726),(9150,7768),(9846,5953),(4710,6218),(7480,271),(2834,5530)
24,(6762,1341),(5305,4289),(9555,4415),(4637,3178),(7039,3792),(2915,5212),(2246,6861),(7823,7966),(1092,2058),(10928,7173),(13131,5469),(8639,2700),(3456,7902),(11064,1081),(12976,2433),(3816,748),(9169,4602),(292,1240),(14528,7143),(6723,932),(1204,2963),(5609,5394),(9054,7990),(9846,5621),(4644,7110),(7148,270),(2919,5521)
25,(6852,1593),(5000,4358),(9198,4392),(4740,2929),(6974,3563),(2557,5193),(1891,6912),(8055,7972),(735,2084),(10570,7178),(13329,5767),(8996,2676),(3521,7616),(10986,731),(12618,2444),(3995,949),(9178,4536),(342,1595),(14485,7498),(6636,1280),(847,3000),(5800,5220),(8696,7983),(9873,5284),(5390,6226),(6790,270),(2563,5560)
26,(6856,1557),(5078,4572),(9198,4392),(5046,2916),(6961,3424),(2292,5082),(1589,6957),(7749,7964),(433,2105),(10328,7181),(13498,6022),(9186,2542),(3514,7310),(10920,432),(12312,2454),(4045,1251),(9162,4842),(395,1896),(14447,7802),(6685,1086),(650,3108),(6106,5220),(8390,7978),(9981,5052),(5464,6233),(6546,283),(2259,5593)
27,(7008,1354),(5382,4509),(9172,3746),(4730,2929),(7115,3146),(2268,5058),(1464,7124),(7409,7956),(773,2081),(10668,7176),(13686,6306),(9060,2342),(3537,6972),(10990,213),(11972,2465),(4073,1590),(9162,5182),(409,1979),(14323,8044),(6282,2142),(731,3439),(6379,5146),(8118,7906),(9996,4712),(5238,6097),(6703,506),(1920,5630)
28,(7338,1364),(5395,4487),(8968,3618),(4636,2736),(7101,2852),(2547,5192),(1527,7448),(7445,7640),(1102,2057),(10998,7172),(13868,6581),(8730,2349),(3600,6648),(11320,208),(11642,2456),(4082,1920),(9166,5512),(352,1654),(13993,8040),(6282,2142),(809,3760),(6451,4859),(8118,7760),(10005,4510),(5238,6005),(6749,686),(1701,5785)
29,(7452,1584),(5114,4572),(8966,3618),(4966,2736),(6784,2947),(2877,5210),(1581,7774),(7735,7626),(1431,2033),(11328,7167),(14028,6823),(8400,2355),(3664,6325),(11650,202),(11360,2385),(4081,1890),(9171,5842),(300,1328),(13663,8036),(6282,2142),(1138,3748),(6781,4853),(8234,7976),(9990,4840),(5117,6242),(6667,366),(1973,5857)
30,(7451,1930),(5634,4860),(9173,3760),(5164,2933),(6812,2778),(3223,5227),(1783,7930),(8080,7663),(1690,2117),(11474,7165),(13837,6534),(8054,2350),(3720,6038),(11996,194),(11198,2204),(4072,1544),(9177,6188),(268,983),(13317,8031),(6683,1092),(1258,3985),(7127,4846),(8580,7981),(9975,5186),(4776,6227),(6888,270),(2318,5888)
31,(7438,2252),(5056,4298),(9179,4082),(4994,2736),(7452,2988),(3496,5305),(2105,7917),(7835,7637),(1742,2435),(11152,7169),(13659,6266),(7732,2340),(3658,6354),(12318,183),(10901,2328),(4041,1224),(9175,6510),(239,662),(12995,8027),(6552,1354),(1237,4273),(7398,4791),(8902,7987),(10224,5246),(4526,6253),(7210,270),(2639,5917)
32,(7651,2350),(5391,4323),(9172,3747),(4651,2736),(6792,2774),(3602,5632),(2448,7904),(7493,7600),(1797,2774),(10809,7174),(13470,5980),(7476,2370),(3592,6691),(12661,171),(10585,2461),(3984,885),(9168,6853),(224,506),(12652,8022),(6556,1352),(810,3762),(7404,4448),(9157,7909),(10454,5129),(4573,6593),(7315,270),(2981,5947)
33,(7729,2085),(5605,4224),(9174,3833),(4656,2510),(6732,2949),(3708,5959),(2212,7913),(7406,7297),(1859,3113),(10465,7179),(13280,5693),(7819,2342),(3526,7028),(12915,163),(10268,2594),(3883,558),(9163,7095),(256,849),(12308,8018),(6418,1395),(973,4674),(7434,5256),(9148,7735),(10441,4785),(4619,6934),(6971,270),(2867,5937)
34,(7588,1898),(5771,4050),(9178,4010),(4983,2553),(6403,2937),(3641,5751),(1883,7926),(7222,7132),(1923,3436),(10308,7341),(13098,5419),(8148,2354),(3515,7356),(12586,174),(10411,2534),(3842,463),(9170,6766),(286,1176),(11979,8014),(6739,1340),(1239,4767),(7089,4063),(9090,7990),(10430,4456),(4796,7110),(7434,270),(2539,5908)
35,(7631,1896),(5862,4203),(9171,3695),(4712,2517),(6088,2948),(3543,5451),(1597,7904),(6907,7141),(1940,3525),(10331,7644),(13265,5287),(8278,2157),(3522,7671),(12271,184),(10701,2412),(3943,739),(9177,6451),(324,1489),(14544,7020),(6887,1172),(1554,4787),(7027,3852),(8775,7985),(10425,4319),(5023,7021),(6721,574),(2226,5879)
36,(7731,2135),(5634,4860),(9175,3877),(4377,2494),(6200,2944),(3585,5231),(1550,7571),(6571,7134),(1876,3195),(10305,7308),(13242,4951),(8292,1822),(3632,7906),(11935,196),(11011,2282),(3607,762),(8977,6312),(382,1820),(12000,8014),(6807,852),(1551,5112),(7363,3880),(8439,7979),(10437,4655),(5031,6685),(6917,747),(1891,5849)
37,(7733,2184),(6282,4075),(9176,3934),(4110,2396),(6561,2937),(3946,5208),(1482,7216),(6750,7956),(1808,2840),(10530,7178),(13217,4591),(8270,1461),(3993,7923),(12186,187),(11314,2202),(3247,788),(8616,6303),(419,2034),(12361,8019),(6866,994),(1259,5195),(7505,3620),(8158,7974),(10450,5016),(5038,6324),(7278,727),(1852,5846)
38,(7707,1891),(6390,4287),(9170,3625),(4285,2250),(6865,2922),(4050,5202),(1465,6975),(6750,7455),(1758,2535),(10839,7174),(13196,4283),(8271,1474),(4302,7937),(12495,177),(11433,2449),(2939,810),(8469,6471),(366,1730),(12670,8023),(6803,843),(1054,5074),(7632,3628),(8467,7980),(10545,5242),(5034,6513),(7422,549),(2160,5874)
39,(7452,1835),(6390,4615),(9176,3939),(4567,2250),(7178,2866),(4063,5324),(1789,6927),(6750,7783),(1705,2211),(11167,7169),(13173,3955),(8291,1802),(4630,7952),(12823,166),(11761,2459),(2612,833),(8303,6626),(309,1406),(12998,8027),(6857,972),(810,3762),(7466,3816),(8795,7985),(10873,5259),(5027,6841),(7483,271),(2487,5903)
40,(7452,1470),(6390,4344),(9397,4069),(4202,2250),(7413,3041),(4050,5202),(2151,6875),(6750,7764),(1507,2028),(11532,7164),(13148,3591),(8039,1899),(4692,7677),(12967,390),(11814,2461),(2247,859),(8260,6622),(274,1043),(13363,8032),(6791,812),(1061,5110),(7428,4030),(9160,7991),(11046,5268),(5118,7110),(7848,279),(2850,5936)
41,(7240,1361),(6334,4080),(9710,4045),(4518,2934),(7388,3075),(4390,5557),(2074,6886),(6750,7450),(1194,2050),(11511,6898),(13126,3278),(7725,1890),(4665,7365),(12979,703),(11500,2451),(2421,846),(8466,6528),(245,730),(13677,8036),(6864,990),(1301,5193),(7282,3873),(9474,7992),(10732,5252),(5432,7110),(8162,285),(3028,5951)
42,(6922,1351),(6028,4062),(9736,4043),(3786,2492),(7312,2848),(4319,5590),(1759,6932),(6749,7132),(876,2073),(11439,6588),(13104,2960),(8037,1899),(4582,7110),(12995,1021),(11328,2259),(2738,824),(8568,6302),(216,414),(13995,8040),(6878,1303),(1551,5113),(7010,3906),(9612,7830),(10414,5239),(5750,7112),(8262,506),(2711,5923)
43,(6638,1272),(5963,4412),(9378,4070),(3458,2473),(7465,3150),(4090,5565),(1458,7092),(6742,6773),(518,2099),(11358,6238),(13079,2602),(8290,2005),(4223,7110),(13013,1380),(11248,1909),(3096,799),(8927,6311),(575,408),(14354,8045),(6846,1661),(1532,4785),(6771,4050),(9416,7650),(10055,5252),(6109,7120),(8262,865),(2353,5891)
44,(6724,929),(5763,4702),(9333,4074),(3464,2380),(7496,3502),(4051,5213),(1753,6933),(6734,6420),(697,2086),(11280,5894),(13080,2609),(9198,2340),(3870,7110),(13031,1733),(11171,1564),(3449,774),(9080,6315),(928,403),(14453,7758),(6840,2014),(1179,4763),(6938,4050),(9225,7650),(9984,4986),(6462,7127),(8262,1218),(2001,5859)
45,(6897,748),(5628,4964),(9640,4050),(3642,2496),(7616,3460),(3754,5220),(2058,6888),(6735,6452),(1004,2064),(11213,5593),(13101,2916),(8570,2352),(3562,7110),(13047,2041),(11104,1263),(3756,752),(8772,6307),(1236,398),(14490,7453),(6282,2142),(964,4636),(7244,4082),(9533,7650),(9997,4678),(6190,7121),(8050,1328),(1694,5832)
46,(7224,730),(5545,5216),(9911,4112),(3969,2487),(7804,3193),(3488,5281),(2154,6874),(6742,6779),(1330,2040),(11574,7164),(13124,3243),(8897,2345),(3516,7385),(13035,1808),(11033,944),(4083,738),(8445,6298),(1563,393),(14530,7128),(6857,2649),(921,4333),(7411,4258),(9621,7915),(10003,4541),(5863,7115),(7723,1349),(1368,5819)
47,(7281,727),(5280,5146),(9884,4039),(4104,2676),(7702,3338),(3589,5593),(1830,6921),(6749,7106),(1657,2017),(11213,5593),(13146,3569),(9198,2314),(3523,7712),(13018,1481),(10962,625),(4410,738),(9180,6318),(1890,388),(14418,6840),(7153,2760),(1243,4272),(7400,4585),(9603,7742),(9989,4868),(5536,7110),(7444,1313),(1182,5635)
48,(6957,745),(5161,4928),(9917,4130),(4188,2919),(7516,3603),(3690,5901),(1509,6968),(6750,7430),(1367,2038),(11284,5909),(13169,3892),(9198,1990),(3524,7768),(13002,1157),(10892,308),(4734,738),(9180,6318),(2214,383),(14095,6840),(7176,2773),(1258,3977),(7403,4908),(9825,7650),(9974,5192),(5212,7110),(7291,1103),(1107,5319)
49,(6917,747),(5175,4911),(9648,4049),(4517,2942),(7478,3299),(3838,6049),(1632,6950),(6750,7768),(1030,2062),(11358,6239),(13192,4230),(9198,1652),(3517,7430),(12984,819),(10924,453),(5072,738),(8132,6282),(2552,378),(13761,6894),(6282,2142),(1344,3728),(7433,5246),(10163,7650),(10246,5245),(4874,7110),(6954,1068),(1129,5413)
50,(7263,728),(4944,5169),(9303,4076),(4418,3261),(7451,2954),(3498,5992),(1975,6900),(6592,7950),(685,2087),(11317,6058),(13216,4575),(9198,1682),(3515,7084),(12970,474),(10999,791),(5418,738),(9180,6318),(2898,373),(13421,6960),(6559,2488),(1687,3677),(7770,5238),(10318,7473),(10592,5245),(4628,6995),(7177,1091),(1209,5750)
51,(7423,530),(5634,4860),(9398,4069),(4495,3155),(7440,2611),(3156,5963),(2221,6864),(6249,7940),(450,2193),(11242,5723),(13240,4917),(9198,2025),(3581,6747),(12929,163),(11074,1125),(5761,738),(8821,6308),(3241,368),(13519,6941),(6408,2400),(1974,3699),(8113,5220),(10245,7180),(10935,5263),(4581,6654),(7430,1219),(1502,5824)
52,(7431,325),(4698,5086),(9712,4045),(4426,2930),(7437,2296),(3349,5979),(1909,6910),(5934,7930),(517,2500),(11173,5415),(13261,5232),(9198,2340),(3642,6438),(12614,173),(11142,1433),(5588,738),(9136,6316),(3556,363),(13828,6881),(6680,2559),(2036,4008),(7808,5236),(9930,7170),(11034,5268),(4538,6342),(7616,1357),(1716,5709)
53,(7418,647),(4773,4884),(9730,4043),(4518,2934),(7449,1974),(3670,6007),(1591,6956),(5615,7916),(585,2815),(11180,5446),(13247,5030),(9180,2662),(3704,6122),(12292,184),(11212,1747),(5266,738),(9458,6310),(3718,361),(14147,6840),(6756,2720),(2028,4266),(7486,5253),(9608,7160),(10712,5251),(4564,6028),(7938,1335),(1611,5828)
54,(7416,983),(4975,4773),(9395,4069),(3825,2948),(7452,2988),(3938,5829),(1549,6962),(5606,7580),(604,2903),(11254,5775),(13224,4695),(9366,2757),(3682,6230),(11956,195),(11285,2076),(4930,738),(9794,6300),(3382,366),(14353,6840),(6516,2802),(1692,4266),(7409,4972),(9272,7149),(10455,5156),(4594,5922),(8262,1302),(1275,5815)
55,(7416,901),(5021,4913),(9311,4075),(4104,2848),(7735,2238),(4104,5819),(1893,6912),(5620,7254),(530,2563),(11330,6114),(13200,4347),(9710,2703),(3615,6572),(11880,470),(11566,2152),(4582,738),(10142,6313),(3034,371),(14075,6840),(6282,2142),(1344,4266),(7181,4845),(9400,7153),(10442,4808),(4452,6172),(8262,954),(1263,6108)
56,(7254,729),(4924,4892),(9653,4049),(4104,2505),(7500,2368),(4364,5732),(2233,6863),(5963,7268),(458,2228),(11346,6186),(13177,4005),(10049,2649),(3549,6908),(11991,700),(11909,2143),(4239,738),(10242,6075),(2691,376),(14544,7020),(6320,2567),(1555,4266),(6838,4852),(9743,7164),(10430,4465),(4149,6048),(8262,611),(1309,6448)
57,(6949,745),(4669,4920),(9908,4103),(4104,2768),(7196,2354),(4472,5676),(1458,7092),(6268,7279),(611,2092),(11279,5888),(13155,3701),(10024,2653),(3610,7110),(12296,695),(12213,2129),(3964,763),(10091,5942),(2386,381),(14113,6840),(6573,2729),(1860,4266),(6533,4857),(10048,7174),(10352,4230),(4132,5983),(8262,306),(1277,6209)
58,(6931,746),(4793,5184),(9198,4392),(4300,2924),(6853,2323),(4167,5835),(1762,7083),(6509,7215),(954,2068),(11204,5552),(13132,3358),(9684,2707),(3954,7110),(12640,689),(12557,2112),(4020,1103),(9942,5962),(2042,386),(13773,6891),(6856,2630),(2065,4152),(6391,4683),(10303,7277),(10008,4230),(4389,6153),(7936,280),(1231,5868)
59,(7257,728),(5119,5193),(9556,4057),(4518,2934),(7150,2350),(4330,5750),(1448,7072),(6470,7287),(1279,2044),(11150,5314),(13109,3032),(9362,2758),(4280,7110),(12966,684),(12883,2096),(4107,1380),(10242,5946),(1716,391),(13453,6954),(6840,2304),(2001,3832),(6393,5008),(10328,7603),(10226,4230),(4544,6382),(7610,273),(1161,5549)
60,(7416,918),(5072,5191),(9200,4084),(4767,2736),(7436,2449),(4593,5731),(1484,7228),(6113,7273),(1636,2018),(11229,5662),(13085,2676),(9011,2823),(4637,7110),(12633,689),(13060,2278),(4461,1331),(10242,6303),(1359,396),(13501,6945),(6840,1947),(1806,3659),(6517,5224),(10022,7650),(10427,4391),(4592,6736),(7253,270),(1728,5652)
61,(7416,987),(5058,5046),(9198,4392),(5014,2664),(7445,2776),(4597,5618),(1546,7549),(5786,7261),(1385,2036),(11300,5982),(13073,2509),(8692,2894),(4671,7428),(12306,695),(13058,2255),(4785,1287),(10242,6006),(1032,401),(13822,6882),(6732,1725),(1483,3707),(6844,5236),(9695,7650),(10439,4718),(4637,7060),(6926,270),(1154,5520)
62,(7350,723),(5286,5099),(9181,4113),(5017,2691),(7569,2958),(4911,5506),(1594,7879),(6750,7956),(1053,2060),(11373,6307),(13096,2842),(8366,2966),(4699,7760),(11973,700),(13058,2254),(4856,1277),(9994,5955),(699,406),(14152,6840),(6399,1716),(1248,3832),(7177,5247),(9362,7650),(10451,5051),(4927,7110),(6691,270),(1228,5845)
63,(6916,747),(5634,4860),(9352,4402),(4707,2517),(7633,2942),(4796,5547),(1977,7923),(5605,7543),(620,2092),(11283,5904),(13126,3275),(8303,2966),(4695,7718),(11880,361),(12810,2438),(4425,1336),(9814,6259),(265,413),(14250,6840),(6174,1855),(1242,3744),(7424,5432),(9151,7434),(10211,5247),(4683,7110),(7125,270),(1286,6275)
64,(6791,813),(5195,5294),(9562,4416),(4590,2410),(7453,3010),(4598,5618),(2187,7914),(5611,7753),(436,2126),(11237,5699),(13140,3484),(8509,2935),(4678,7509),(11833,198),(12600,2445),(4217,1365),(9641,6304),(230,574),(14544,7020),(6248,2052),(1263,4056),(7413,5642),(9159,7224),(10001,5254),(4620,6940),(7335,270),(1313,6476)
65,(7003,1073),(5531,5215),(9940,4441),(4590,2468),(7486,3387),(4574,5685),(2439,7904),(5610,7709),(516,2496),(11154,5330),(13167,3861),(8878,2852),(4645,7132),(11455,205),(12222,2457),(4030,1161),(9263,6315),(265,950),(14544,7020),(6015,2212),(1306,3734),(7393,6020),(9462,7155),(9628,5280),(4569,6565),(7713,276),(1262,6101)
66,(7292,1103),(5411,5209),(9786,4431),(4334,2492),(7539,3569),(4775,5554),(2149,7916),(5602,7419),(577,2779),(11192,5500),(13187,4151),(9198,2340),(4666,7376),(11165,210),(12008,2464),(3982,875),(9175,6525),(292,1239),(14535,7090),(6194,2262),(1593,3691),(7334,6265),(9752,7164),(9338,5265),(4529,6278),(8003,282),(1314,6480)
67,(7167,1090),(5510,5214),(9413,4406),(4115,2341),(7754,3264),(5072,5525),(1776,7931),(5679,7111),(752,3011),(11274,5864),(13212,4523),(9193,2418),(4698,7747),(10792,217),(12381,2452),(4194,738),(9167,6898),(345,1608),(14489,7460),(6256,2457),(810,3762),(6961,6275),(10125,7176),(9162,5059),(4596,5916),(8375,279),(1597,5828)
68,(6911,1063),(5803,5220),(9274,4397),(3920,2250),(7772,3239),(4050,5202),(1587,7819),(5972,7117),(1043,2980),(11338,6150),(13233,4815),(9186,2555),(4708,7872),(10499,222),(12674,2442),(4487,738),(9160,7191),(395,1897),(14454,7752),(6167,2178),(2019,3923),(6796,6280),(10174,7178),(9162,4766),(4574,5992),(8668,257),(1889,5849)
69,(7259,1099),(6152,5220),(9623,4420),(3571,2250),(7571,3524),(5061,5470),(1687,7520),(6321,7124),(1391,2943),(11416,6491),(13257,5164),(9163,2903),(4679,7524),(10150,228),(13023,2431),(4836,738),(9147,7540),(408,1969),(14365,8045),(6043,1916),(810,3762),(7145,6270),(9825,7167),(9162,4907),(4658,6211),(8479,271),(2237,5880)
70,(7443,1305),(6384,5092),(9971,4443),(3365,2250),(7486,3384),(4050,5202),(1926,7266),(6669,7140),(1737,2906),(11495,6830),(13250,5072),(9168,3251),(4649,7177),(9802,234),(13052,2127),(5184,738),(9156,7888),(348,1626),(14017,8040),(6253,2142),(2019,3924),(7493,6266),(9477,7156),(9162,5255),(5004,6259),(8132,285),(2583,5912)
71,(7200,1360),(6400,4778),(9730,4427),(3680,2250),(7459,3070),(5068,5441),(2157,7078),(6516,7130),(1780,2666),(11567,7137),(13229,4758),(9172,3566),(4397,7110),(9487,239),(12774,2101),(5499,738),(9150,7781),(299,1315),(13702,8036),(6391,2390),(1941,3639),(7808,6274),(9162,7992),(9162,4942),(5034,6543),(7817,278),(2897,5940)
72,(7452,1368),(6390,4454),(9406,4405),(4004,2250),(7444,2747),(4767,5557),(2481,7109),(6416,7285),(1728,2346),(11605,7459),(13206,4434),(9177,3890),(4073,7110),(9163,244),(12450,2117),(5823,738),(9150,7457),(269,992),(13378,8032),(6670,2554),(1620,3687),(8104,6281),(9169,6822),(9162,4706),(5027,6867),(7493,271),(2971,5946)
73,(7211,1360),(6390,4119),(9190,4266),(4119,2071),(7435,2412),(4458,5683),(2152,7078),(6081,7272),(1818,2898),(11640,7793),(13183,4100),(9178,3947),(3738,7110),(8828,250),(12115,2133),(5506,738),(9138,7146),(238,658),(13043,8028),(6851,2546),(1289,3736),(7769,6273),(9176,6487),(9162,5041),(5114,7110),(7710,276),(2637,5916)
74,(7452,1516),(6034,4050),(9192,4295),(4508,2091),(7082,2344),(4112,5863),(1871,7323),(5692,7257),(1285,2044),(11645,7839),(13156,3712),(9172,3558),(3349,7110),(9057,246),(11727,2148),(5117,738),(8749,7146),(359,411),(12654,8022),(7004,2336),(901,3758),(7434,5256),(9175,6538),(9162,5082),(5503,7110),(8099,284),(2250,5882)
75,(7452,1829),(5634,4860),(9185,4176),(4821,2107),(6843,2392),(4077,6078),(1657,7552),(5603,7473),(973,2066),(11612,7528),(13135,3399),(9168,3245),(3036,7110),(9370,241),(11414,2156),(4804,738),(8436,7146),(672,407),(12341,8018),(7316,2365),(844,3981),(7380,6577),(9168,6851),(9162,4769),(5607,6910),(8411,276),(1938,5854)
76,(7452,1692),(5919,4492),(9192,4291),(5116,2122),(6880,2669),(3994,6073),(1585,7809),(5611,7768),(679,2088),(11581,7234),(13114,3105),(9164,2950),(2741,7110),(9665,236),(11263,1979),(4509,738),(8141,7146),(967,402),(12046,8014),(7439,2553),(889,4273),(7380,6872),(9162,7992),(9162,4850),(5595,6615),(8706,255),(1701,5784)
77,(7445,1323),(6019,4143),(9465,4409),(4811,2106),(7224,2798),(4108,5884),(1842,7928),(5610,7703),(457,2224),(11605,7460),(13089,2737),(9164,2999),(2486,7222),(10034,230),(11183,1619),(4140,738),(8083,6854),(1336,397),(11677,8010),(7450,2922),(1199,4281),(7380,7015),(8793,7146),(9162,5219),(4644,7110),(8421,276),(1960,5626)
78,(7416,1027),(6233,4070),(9763,4429),(4513,2091),(7452,2988),(4196,5646),(2140,7916),(5602,7405),(520,2515),(11637,7757),(13068,2439),(9166,3297),(2493,7520),(10332,225),(11119,1328),(3979,854),(8096,6654),(1634,392),(11633,7726),(7677,2931),(1496,4266),(7380,6717),(8495,7146),(9423,5269),(5592,6544),(8262,426),(2257,5594)
79,(7417,694),(6214,4068),(9920,4440),(4180,2074),(7268,3265),(4050,5202),(2473,7903),(5780,7261),(590,2841),(11655,7931),(13090,2752),(9169,3606),(2500,7853),(10665,219),(11046,1002),(4034,1183),(8074,6987),(1967,387),(11598,7394),(7623,2945),(1829,4266),(7380,6384),(8162,7146),(9756,5287),(5606,6877),(8262,759),(2588,5557)
80,(7431,341),(5982,4050),(9567,4416),(4197,2250),(7452,2988),(4829,5379),(2494,7578),(6133,7274),(594,2861),(11618,7580),(13114,3104),(9166,3253),(2806,7902),(10726,218),(10970,658),(4071,1534),(8076,6952),(2320,382),(11694,7151),(7327,2863),(2069,4173),(7392,6031),(8090,7400),(9846,5555),(5496,7110),(8262,1112),(2939,5519)
81,(7422,546),(5875,3864),(9220,4393),(4544,2250),(6772,3579),(4675,5439),(2486,7231),(6480,7287),(521,2522),(11581,7234),(13138,3450),(9163,2906),(3153,7902),(10379,224),(10894,319),(4081,1881),(9180,6318),(2667,377),(12039,7115),(7020,2704),(2001,3833),(7411,5684),(8109,7590),(9846,5902),(5149,7110),(8262,1169),(3042,5264)
82,(7416,844),(5905,4092),(9181,4117),(4518,2934),(6500,3694),(4602,5467),(2307,7093),(6406,7126),(458,2231),(11347,7167),(13159,3748),(9163,2972),(3451,7902),(10081,229),(10913,403),(4083,1961),(8080,6903),(2965,372),(12336,7084),(6743,2727),(1866,3650),(7426,5386),(8079,7293),(9846,5752),(5025,6939),(8262,871),(3042,5474)
83,(7423,1170),(5753,4377),(9173,3790),(4616,2829),(7452,2988),(4907,5348),(2230,7085),(6079,7119),(630,2091),(11020,7171),(13181,4074),(9166,3299),(3278,7902),(9754,234),(10984,722),(4074,1634),(8069,7062),(3292,367),(12661,7050),(6963,2809),(1542,3698),(7238,5249),(8243,7146),(9846,5425),(5032,6612),(8262,544),(2750,5539)
84,(7452,1517),(5593,4570),(8994,3618),(4869,2923),(5870,3810),(4596,5470),(2390,7101),(5731,7112),(977,2066),(10672,7176),(13205,4421),(9141,3618),(2930,7902),(9406,240),(11060,1062),(4167,1372),(8092,6714),(3640,362),(13007,7014),(6951,2807),(1245,3787),(6890,5237),(8591,7146),(10056,5252),(4644,7110),(8353,281),(2404,5577)
85,(7452,1856),(5810,4309),(8949,3618),(5207,2933),(5912,3473),(4284,5605),(2069,7113),(5677,7257),(1315,2041),(10333,7181),(13229,4760),(9198,2340),(2591,7902),(9067,246),(11133,1393),(4503,1326),(8112,6376),(3617,362),(13259,6988),(6722,2827),(1268,4126),(6551,5226),(8930,7146),(10395,5240),(4703,6217),(8692,256),(2067,5614)
86,(7441,2175),(5648,4504),(9072,3618),(5522,2920),(5950,3156),(4011,5766),(1850,7346),(5996,7269),(1634,2018),(10578,7178),(13251,5078),(9121,3618),(2732,7902),(11880,198),(11202,1705),(4819,1282),(7893,6276),(3298,367),(12941,7021),(6581,2938),(1101,4299),(6372,5360),(9163,7059),(10714,5251),(4554,6065),(8485,271),(1749,5649)
87,(7440,2201),(5596,4368),(8908,3618),(5532,2562),(5955,3120),(4050,5202),(1593,7620),(6372,7283),(1728,2347),(10954,7172),(13254,5130),(8843,3618),(3108,7902),(9124,245),(11284,2072),(4779,1288),(7517,6267),(2922,373),(12567,7060),(6747,2896),(873,4168),(6372,5736),(9172,6683),(11090,5271),(4594,5924),(8110,284),(2080,5613)
88,(7452,1368),(5328,4298),(9170,3649),(5528,2411),(5919,3411),(3635,5733),(1739,7465),(6492,7165),(1775,2637),(11247,7168),(13234,4837),(9054,3618),(3401,7902),(9417,240),(11353,2357),(4489,1328),(7536,6267),(2629,377),(12276,7090),(6820,2684),(828,3878),(6372,6029),(9178,6390),(10901,5261),(4503,6187),(7817,278),(2371,5581)
89,(7439,2235),(5634,4860),(9177,3976),(5538,2738),(5879,3736),(3533,5421),(1962,7226),(6192,7122),(1807,2835),(10296,7182),(13212,4511),(9167,3407),(3328,7902),(9744,235),(11319,2220),(4165,1372),(7863,6275),(2302,382),(11951,7124),(6612,2520),(760,3558),(6515,6238),(9174,6573),(10574,5244),(4189,6093),(7490,271),(2696,5545)
90,(7638,2351),(5347,4306),(9174,3849),(5377,2949),(6103,3751),(3320,5231),(1968,7077),(5845,7114),(1751,2493),(11494,6825),(13188,4165),(9164,3060),(2981,7902),(10091,229),(11041,2270),(4074,1635),(8026,6279),(1955,387),(11605,7160),(6329,2332),(678,3221),(6858,6278),(9166,6920),(10227,5246),(3920,6036),(7143,270),(1728,5652)
91,(7731,2120),(5589,4417),(9171,3709),(4518,2934),(6420,3702),(3086,5221),(1646,7086),(5709,7111),(1699,2175),(11421,6511),(13165,3844),(9162,2842),(2659,7902),(10413,223),(10744,2394),(4083,1957),(7704,6271),(1633,392),(11604,7452),(6282,2142),(658,3139),(7180,6269),(9158,7242),(9907,5274),(4050,5917),(6821,270),(3042,5254)
92,(7586,1899),(5673,4474),(9179,4075),(4518,2934),(6761,3585),(3452,5237),(1636,7087),(6075,7119),(1707,2218),(11414,6480),(13140,3478),(9167,3208),(2497,7693),(10779,217),(10406,2536),(4079,1817),(7422,6265),(1267,398),(11643,7816),(5812,2265),(745,3495),(7388,6098),(9145,7608),(9979,5085),(3995,5967),(6456,288),(3042,5396)
93,(7614,1897),(5849,4238),(9173,3801),(5151,3121),(7047,3573),(3747,5220),(1932,7078),(6371,7125),(1754,2510),(11481,6769),(13120,3183),(9171,3504),(2490,7397),(11075,212),(10242,2605),(4071,1521),(7718,6272),(971,402),(11653,7908),(6282,2142),(813,3783),(7404,5802),(9398,7650),(9992,4789),(4140,6012),(6160,288),(3042,5340)
94,(7487,1905),(5780,4050),(9173,3778),(4939,3284),(7235,3331),(4088,5211),(2207,6938),(6470,7287),(1810,2849),(11559,7103),(13096,2841),(9176,3847),(2540,7110),(11418,206),(10558,2472),(4274,1357),(8061,6280),(628,407),(11616,7567),(5511,1997),(866,4123),(7423,5459),(9609,7796),(10458,5238),(4104,5820),(5847,288),(2867,5527)
95,(7452,1572),(5823,4050),(9178,4023),(5157,3257),(7431,3016),(4455,5210),(1458,7092),(6099,7273),(1766,2579),(11881,7131),(13070,2470),(9178,3954),(2911,7110),(11789,199),(10900,2329),(4641,1307),(7804,6274),(257,413),(11577,7197),(5226,1908),(932,4488),(7601,5247),(9611,7817),(9991,4817),(3922,5843),(6218,288),(2498,5567)
96,(7358,1365),(5939,4050),(9172,3725),(5119,3333),(7211,2881),(4679,5187),(1808,7082),(5801,7261),(1718,2285),(12177,7101),(13085,2686),(9174,3656),(3209,7110),(12087,191),(11175,2213),(4937,1266),(7506,6267),(239,669),(11836,7136),(5440,1908),(983,4723),(7899,5231),(9724,7650),(9978,5115),(3718,6051),(7434,270),(2202,5600)
97,(7035,1354),(5634,4860),(9174,3834),(4947,3212),(7118,3076),(4357,5221),(1485,7091),(5601,7374),(1682,2065),(12499,7067),(13108,3008),(9169,3333),(3532,7110),(12410,180),(11488,2154),(4714,1297),(7577,6268),(269,991),(12157,7103),(5518,2163),(915,4407),(8111,5116),(10047,7650),(10154,5249),(3655,6368),(6591,602),(1881,5635)
98,(6698,1337),(5588,3844),(9178,4001),(5156,3055),(7012,3373),(4056,5177),(1768,7083),(5610,7711),(1736,2398),(12834,7032),(13131,3345),(9164,2996),(3869,7110),(12747,169),(11825,2145),(4380,1343),(7914,6277),(300,1327),(12493,7068),(5680,2299),(956,4598),(8089,4779),(10280,7650),(10456,5205),(3590,6698),(6550,922),(1728,5652)
99,(7452,1368),(5517,4066),(9171,3675),(5161,2729),(6898,3487),(4156,5140),(2094,7074),(5612,7803),(1788,2720),(13158,6998),(13153,3670),(9179,2670),(4195,7110),(12963,275),(12150,2132),(4066,1375),(7996,6279),(352,1649),(12817,7034),(5996,2218),(1023,4918),(8068,4454),(9954,7650),(10445,4879),(3527,7018),(6429,1225),(2016,5861)
100,(7227,1360),(5601,4302),(9176,3912),(5153,2378),(7112,3224),(4440,5212),(2444,7106),(5603,7452),(1647,2916),(13096,7005),(13178,4020),(8836,2687),(4546,7110),(12976,626),(12501,2114),(4008,1028),(7645,6270),(412,1995),(13166,6998),(5687,2298),(1142,5199),(7434,5256),(9603,7650),(10432,4528),(3515,7368),(6517,1004),(2366,5892)
101,(7569,1360),(5615,4067),(9176,3917),(5149,2213),(7126,2881),(4704,5118),(2490,7413),(6750,7956),(1306,2952),(12754,7040),(13201,4362),(8494,2710),(4399,7110),(12693,688),(12844,2098),(3940,692),(7458,6265),(392,1878),(13505,6944),(5518,2164),(1485,5186),(8068,4446),(9260,7650),(10377,4230),(3523,7711),(6610,683),(2708,5923)
102,(7931,1336),(5589,3852),(9171,3681),(5158,2575),(7425,2976),(4645,4760),(2499,7775),(5978,7117),(946,2990),(12394,7078),(13226,4724),(8132,2734),(4037,7110),(12331,694),(12894,2095),(3960,738),(7820,6274),(329,1521),(13861,6874),(5402,1908),(1561,4885),(8091,4807),(9152,7404),(10015,4230),(3524,7731),(6526,330),(3069,5955)
103,(8229,1316),(5610,4149),(9177,3979),(5164,2873),(7474,3256),(4605,4465),(2331,7908),(6276,7123),(649,3021),(12098,7109),(13247,5021),(8118,2885),(3739,7110),(12033,699),(12596,2110),(3915,634),(9180,6318),(291,1225),(13926,6862),(5122,1855),(1365,4775),(8110,5105),(9202,7147),(10191,4230),(3517,7433),(6262,288),(2825,5933)
104,(7972,1333),(5604,4240),(9175,3870),(5151,3196),(7502,3578),(4619,4567),(2008,7921),(6599,7135),(931,2992),(11776,7142),(13262,5240),(8291,2724),(3416,7110),(11888,871),(12273,2126),(3750,752),(8441,6298),(261,903),(13608,6924),(5257,1908),(1042,4755),(8118,5428),(9525,7157),(10330,4230),(4644,7110),(5939,288),(2504,5904)
105,(7650,1354),(5748,4050),(9171,3688),(5166,3518),(7459,3888),(4660,4869),(1686,7934),(6921,7141),(1251,2958),(11547,7048),(13240,4918),(8613,2702),(3094,7110),(11904,1193),(11304,2160),(3429,775),(8193,6285),(231,583),(13311,6982),(5510,1979),(1258,4768),(8118,5750),(9847,7167),(10008,4230),(3572,6794),(6047,288),(2183,5876)
106,(7290,1362),(5854,4225),(9179,4049),(5067,3776),(7820,3888),(4611,4510),(1567,7662),(7282,7130),(1611,2919),(11464,6697),(13215,4558),(8973,2678),(2733,7110),(11922,1554),(12312,2124),(3069,801),(8404,6296),(407,411),(13666,6912),(6282,2142),(1513,4784),(8118,6111),(10208,7179),(10261,4230),(3641,6439),(6408,288),(1823,5843)
107,(6977,1353),(5634,4860),(9174,3810),(4754,3765),(8133,3888),(4445,4294),(1508,7355),(7165,7134),(1713,2909),(11393,6392),(13193,4246),(9074,2671),(2548,7110),(11938,1867),(12625,2108),(2756,823),(8465,6539),(720,406),(13974,6852),(5829,2261),(1200,4765),(8118,6140),(10071,7174),(10427,4382),(3702,6132),(6720,270),(1511,5825)
108,(6891,1102),(5898,3957),(9173,3775),(4883,3770),(8150,3888),(4551,4339),(1473,7171),(6816,7144),(1366,2945),(11438,6584),(13169,3897),(8725,2694),(2897,7110),(11948,2068),(12974,2091),(2408,847),(8214,6617),(1069,401),(13762,6894),(6282,2142),(960,4616),(8118,5791),(9722,7163),(10439,4731),(3897,5864),(7069,270),(1209,5753)
109,(6877,1333),(5634,4860),(9170,3618),(5194,3780),(7839,3888),(4857,4321),(1532,7477),(6744,6901),(1056,2978),(11509,6887),(13148,3587),(8415,2715),(3208,7110),(11932,1757),(12815,2099),(2257,858),(8295,6625),(1380,396),(13457,6953),(6007,1869),(925,4333),(8118,5480),(9411,7153),(10451,5042),(4104,5728),(7380,270),(1138,5450)
110,(6843,1690),(5901,3966),(9172,3728),(5552,3780),(7481,3888),(4795,4329),(1531,7471),(6737,6543),(700,3016),(11500,7165),(13123,3230),(8098,2678),(3454,7110),(11914,1399),(12457,2117),(2615,833),(8470,6449),(1738,391),(13103,7004),(5741,1629),(810,3762),(8216,5223),(9158,7255),(10296,5244),(4297,5767),(7421,574),(1059,5100)
111,(6867,1442),(5836,4272),(9174,3832),(5284,3780),(7157,3863),(4706,4340),(1469,7152),(6733,6345),(576,2776),(11176,7169),(13101,2907),(8037,2628),(3130,7110),(11898,1075),(12133,2133),(2938,810),(8653,6304),(2062,386),(12780,7038),(5625,1346),(959,4326),(8540,5234),(9146,7579),(10458,5238),(4522,5650),(7238,729),(996,4782)
112,(7157,1358),(5599,4562),(9177,3966),(5166,3524),(6784,3852),(4930,4311),(1425,7027),(6741,6719),(497,2411),(10802,7174),(13075,2533),(7817,2628),(2756,7110),(11880,198),(11760,2147),(3311,783),(9027,6314),(2436,380),(12408,7077),(5921,1278),(851,4027),(8914,5247),(9159,7953),(9988,4882),(4190,5822),(6864,750),(1057,5089)
113,(7429,1367),(5381,4721),(9171,3694),(5157,3252),(6665,3980),(4660,4346),(1562,7089),(6746,6991),(440,2145),(10530,7178),(13079,2597),(8075,2628),(3528,7902),(12152,697),(11488,2154),(3582,764),(9177,6199),(2708,376),(12138,7105),(6193,1278),(814,3761),(9138,5255),(8929,7987),(10000,4610),(3975,5985),(6723,585),(1237,5195)
114,(7358,1110),(5076,4718),(9175,3877),(4944,3239),(6579,3852),(4347,4251),(1897,7079),(6750,7326),(494,2394),(10397,7180),(13102,2931),(9198,2340),(2819,7110),(12487,692),(11164,2218),(3917,741),(9172,5864),(3043,371),(11804,7139),(6288,1278),(1149,3747),(8803,5243),(8594,7982),(10000,4617),(3769,6026),(6644,278),(1524,5184)
115,(6965,1069),(5231,4773),(9176,3901),(4647,3330),(6631,3852),(4140,4101),(1979,7209),(6750,7720),(577,2779),(10791,7175),(13129,3325),(7925,2918),(3213,7110),(12881,685),(10801,2370),(3821,415),(9165,5470),(3437,365),(11591,7325),(5894,1278),(1539,3699),(8409,5230),(8200,7975),(9982,5011),(4644,7110),(6743,660),(1130,5200)
116,(7099,1083),(5471,4664),(9170,3623),(4919,3347),(6909,3852),(4140,3823),(1789,7412),(6792,7956),(624,2996),(11069,7171),(13149,3602),(8036,2937),(3491,7110),(12987,864),(10544,2478),(3883,560),(9163,5320),(3715,361),(11620,7601),(6282,2142),(1814,3658),(8131,5220),(8118,7778),(9940,5265),(4424,6164),(6723,582),(1132,5424)
117,(7416,1111),(5346,4572),(9176,3936),(5098,3172),(6808,3852),(4384,3752),(1568,7647),(7115,7956),(555,2680),(11392,7166),(13171,3924),(7787,2805),(3568,6811),(13003,1187),(10247,2603),(3981,866),(9168,5643),(3558,363),(11654,7923),(5689,1582),(1996,3806),(8098,4910),(8118,7881),(9846,5517),(4742,6222),(7434,270),(1206,5738)
118,(7452,1368),(5609,4773),(9174,3845),(5059,2916),(6867,3852),(4513,3757),(1831,7366),(7414,7849),(473,2298),(11526,6960),(13198,4315),(7948,2628),(3644,6428),(13023,1578),(10489,2501),(4045,1252),(9175,6034),(3167,369),(11968,8013),(5980,1844),(2072,4190),(7940,4662),(7820,7966),(9846,5908),(5127,6240),(6577,545),(1538,5826)
119,(7427,436),(5456,4920),(9171,3675),(4776,2927),(6996,3981),(4229,3747),(2025,7159),(7447,7568),(518,2099),(11461,6683),(13218,4598),(8118,2773),(3698,6149),(13038,1862),(10751,2391),(4071,1535),(9180,6318),(2883,373),(12252,8017),(5868,1744),(2047,4062),(7656,4662),(7536,7959),(10060,5946),(5407,6227),(6603,654),(1717,5704)
120,(7425,479),(5415,4954),(9179,4050),(4636,3159),(6679,4050),(4114,3458),(2260,6867),(7390,7197),(892,2072),(11574,7164),(13243,4972),(8314,2967),(3680,6242),(13042,1939),(11097,2246),(4081,1910),(8805,6308),(2508,379),(12627,8022),(5641,1465),(1973,3694),(7515,4662),(7635,7961),(10051,5947),(5588,6448),(6516,288),(2048,5616)
121,(7417,679),(5383,4981),(9174,3840),(4638,3219),(6398,4084),(4119,3518),(1458,7092),(7168,7134),(1174,2052),(11440,6592),(13263,5254),(8108,2950),(3626,6519),(13027,1657),(11318,2216),(4082,1948),(8523,6301),(2226,383),(12909,8026),(5709,1278),(1919,3417),(7797,4662),(7917,7968),(9846,5901),(5600,6730),(6581,561),(2328,5586)
122,(7431,322),(5474,4905),(9172,3753),(4554,2934),(6736,4050),(4128,3613),(2462,7107),(6811,7144),(1530,2026),(11521,6940),(12953,5342),(7797,2842),(3557,6869),(13009,1300),(11495,2451),(4073,1591),(8461,6612),(1869,389),(13266,8030),(6282,2142),(1850,3067),(8077,4590),(7962,7970),(9846,5544),(5615,7087),(6558,901),(2683,5547)
123,(7422,549),(5795,4860),(9179,4084),(4223,2921),(7066,4060),(4109,3412),(2491,7419),(6750,7956),(1704,2200),(11472,7165),(12622,5329),(7768,2733),(3596,7110),(12992,969),(11826,2461),(4047,1261),(8159,6611),(1538,394),(13597,8035),(5735,1278),(1659,2914),(8056,4259),(7631,7961),(9767,5287),(5603,6802),(6435,1209),(3013,5511)
124,(7421,574),(6112,4860),(9173,3771),(4136,3112),(7381,4099),(4138,3729),(2498,7736),(6163,7121),(1755,2513),(11155,7169),(12305,5317),(7957,2923),(3913,7110),(12976,653),(11797,2460),(3995,948),(8082,6862),(1221,398),(13914,8039),(5642,1474),(1344,2948),(7885,4104),(7482,7958),(9450,5271),(5589,6485),(6498,1052),(1728,5652)
125,(7432,304),(6403,4901),(9173,3803),(4004,2927),(7719,4104),(4110,3421),(2498,7730),(5825,7114),(1809,2847),(10817,7174),(11967,5305),(8293,2965),(4251,7110),(12965,315),(11459,2450),(4085,738),(8067,7092),(883,403),(14252,8043),(5848,1725),(1008,2983),(7547,4104),(7820,7966),(9212,5258),(5481,6235),(7434,270),(2992,5513)
126,(7419,631),(6364,5220),(9179,4042),(3679,2964),(7452,2988),(4126,3600),(2490,7403),(5601,7227),(1870,3169),(10490,7179),(11640,5292),(8613,2911),(4578,7110),(12966,336),(11620,2455),(4412,738),(8089,6765),(556,408),(14437,7886),(6066,1963),(682,3018),(7221,4079),(8118,7945),(9539,5275),(5238,6127),(6547,419),(2666,5549)
127,(7426,469),(6024,5220),(9171,3702),(3342,2962),(7706,4104),(4122,3548),(2437,7105),(5606,7567),(1936,3503),(10442,7179),(11300,5279),(8946,2837),(4370,7110),(12977,676),(11960,2465),(4752,738),(8110,6426),(216,414),(14479,7548),(6198,2276),(698,3303),(7002,3950),(8111,7605),(9813,5290),(5238,5985),(6311,288),(2328,5586)
128,(7428,403),(5692,5220),(9175,3866),(3246,2941),(7458,4104),(4115,3478),(1458,7092),(5615,7899),(1924,3442),(10774,7175),(11314,5280),(9271,2772),(4038,7110),(12654,689),(12292,2455),(5084,738),(8107,6470),(246,744),(14519,7218),(6264,2482),(776,3625),(7251,3871),(8077,7274),(9481,5272),(5134,6238),(5979,288),(1998,5622)
129,(7417,680),(5630,4939),(9177,3949),(3598,2972),(7815,4104),(4231,3747),(2215,6927),(5606,7584),(1855,3091),(11131,7170),(11671,5293),(9624,2716),(3681,7110),(12297,695),(12649,2443),(5441,738),(8320,6628),(279,1100),(14524,7175),(6282,2142),(758,3551),(7426,4042),(8292,7146),(9200,5258),(4782,6228),(6042,288),(1711,5735)
130,(7430,360),(5787,4673),(9170,3629),(3815,3071),(7957,4104),(4551,3758),(2012,7174),(5598,7264),(1841,3018),(11451,7165),(11991,5306),(9940,2667),(3513,7259),(11977,700),(12969,2433),(5761,738),(8469,6462),(302,1353),(14485,7493),(6282,2142),(682,3239),(7459,3848),(8612,7146),(9520,5274),(4525,6244),(6362,288),(1913,5851)
131,(7424,506),(5777,4686),(9176,3933),(3787,3330),(7631,4104),(4411,3753),(1789,7412),(5787,7113),(1904,3339),(11527,6966),(12317,5318),(10112,2639),(3520,7585),(11880,473),(12841,2437),(5577,738),(8314,6291),(272,1028),(14446,7817),(6211,1954),(733,3013),(7597,3625),(8938,7146),(10458,5238),(4569,6567),(6653,313),(2238,5881)
132,(7420,617),(5608,4771),(9176,3922),(3470,3330),(7412,4206),(4186,3745),(1572,7643),(6104,7120),(1959,3621),(11455,6657),(12634,5330),(9799,2689),(3528,7902),(11880,240),(12524,2447),(5260,738),(8239,6288),(243,712),(14331,8044),(6090,1662),(1048,2979),(7530,3620),(9164,7053),(9980,5070),(4612,6881),(6732,620),(2553,5909)
133,(7452,1368),(5386,4578),(9170,3661),(3419,3332),(7401,4553),(4533,3758),(1650,7936),(6451,7127),(1892,3280),(11376,6318),(12981,5343),(9456,2743),(3874,7917),(11880,587),(12177,2459),(4913,738),(8472,6408),(263,413),(13984,8040),(6043,1586),(1394,2942),(7461,3840),(9171,6706),(9995,4723),(4761,7110),(6717,957),(2899,5940)
134,(7418,656),(5001,4572),(9179,4047),(3170,3215),(7406,4385),(4369,3752),(2036,7920),(6347,7282),(1818,2900),(11291,5942),(13225,5610),(9076,2809),(4260,7935),(12151,697),(11791,2460),(4527,738),(8308,6626),(649,407),(13598,8035),(5993,1504),(1778,2902),(7665,3631),(9179,6320),(10003,4555),(4897,7110),(7434,270),(2907,5941)
135,(7424,511),(4988,4532),(9175,3852),(3135,2943),(7415,4112),(4184,3745),(2309,7909),(6074,7272),(1869,3163),(11231,5675),(13375,5837),(8809,2868),(4533,7947),(12424,693),(11518,2452),(4254,738),(8103,6542),(922,403),(13325,8031),(6212,1434),(1586,2922),(7434,5256),(9174,6589),(9991,4828),(4641,7090),(6417,1395),(2635,5916)
136,(7427,440),(4991,4483),(9173,3795),(3279,3186),(7015,4053),(4595,3760),(2284,7910),(5663,7256),(1948,3567),(11574,7164),(13603,6180),(8407,2957),(4696,7728),(12835,686),(11310,2186),(3843,746),(8269,6289),(1333,397),(12914,8026),(6162,1443),(1177,2965),(7527,3619),(9165,7000),(9972,5239),(4585,6682),(6671,1141),(2226,5879)
137,(7452,1368),(5177,4572),(9179,4075),(3389,3186),(6736,4050),(4413,3753),(2004,7921),(5813,7262),(1921,3429),(11203,5547),(13757,6413),(8129,2952),(4672,7449),(12985,820),(11557,2152),(3563,766),(8549,6301),(1613,392),(12634,8022),(6023,1553),(898,2995),(7679,3632),(9028,7146),(9846,5424),(4547,6405),(6739,869),(1947,5854)
138,(7429,379),(5432,4423),(9172,3756),(3180,3306),(6396,4085),(4208,3746),(1663,7935),(6154,7275),(1856,3094),(11277,5880),(13946,6698),(8231,2728),(3528,7902),(13002,1161),(11898,2143),(3223,790),(8890,6310),(1954,387),(12293,8018),(6278,1713),(646,3093),(7473,3782),(8687,7146),(9846,5765),(4552,6070),(6711,539),(1708,5748)
139,(7426,458),(5361,4545),(9173,3777),(3421,3332),(7452,2988),(4505,3757),(1572,7703),(6451,7286),(1802,2802),(11342,6170),(13969,6734),(8528,2708),(4669,7405),(13017,1458),(12194,2130),(2927,811),(9187,6317),(2251,383),(11996,8014),(6575,1721),(717,3381),(7489,3701),(8390,7146),(9836,6061),(4614,5786),(6623,272),(1925,5630)
140,(7418,650),(5446,4400),(9179,4063),(3753,3330),(6511,3852),(4451,3755),(1600,7926),(6559,7133),(1748,2474),(11336,6141),(13786,6457),(8859,2685),(4697,7736),(13034,1790),(12526,2113),(2596,834),(9519,6308),(2583,378),(14544,7020),(6773,1726),(796,3704),(7457,3860),(8070,7146),(9820,6207),(4617,5791),(6568,506),(2256,5594)
141,(7432,313),(5482,4594),(9172,3726),(3818,3093),(7452,2988),(4140,3770),(1927,7925),(6896,7141),(1694,2141),(11262,5812),(13600,6176),(9180,2648),(4599,7950),(13048,2049),(12863,2097),(2259,858),(9815,6254),(2920,373),(12001,8014),(6436,1717),(1088,3750),(7540,3620),(8407,7146),(9950,5961),(4539,6115),(6587,830),(2591,5557)
142,(7422,569),(5634,4860),(9175,3852),(3995,2928),(6652,3911),(4140,4112),(2269,7911),(7238,7132),(1459,2031),(11187,5478),(13411,5891),(9164,2340),(4257,7935),(13030,1707),(13058,2243),(2437,845),(9908,5967),(3262,368),(12343,8018),(6129,1734),(1054,3751),(7562,3622),(8749,7146),(10194,5928),(4266,6116),(6460,1147),(2931,5520)
143,(7423,536),(5348,5011),(9177,3985),(3879,2942),(6917,3852),(4140,4121),(2499,7800),(7187,7133),(1125,2055),(11169,5397),(13226,5611),(8829,2347),(3922,7919),(13013,1372),(13060,2282),(2771,822),(10241,5922),(3597,363),(12678,8023),(6246,2048),(824,3852),(7659,3630),(9084,7146),(9861,5973),(4644,7110),(6480,1096),(3042,5284)
144,(7431,323),(5173,5196),(9171,3666),(3831,3187),(7088,3646),(4140,3802),(2492,7481),(6868,7142),(807,2078),(11239,5708),(13050,5346),(8510,2353),(3603,7905),(12996,1053),(13056,2213),(3089,799),(10242,6240),(3680,361),(12997,8027),(6335,2355),(873,4167),(7672,3631),(9403,7153),(9812,6278),(3907,6048),(6599,800),(3042,5475)
145,(7418,670),(5038,5189),(9176,3917),(4055,3344),(7021,3847),(4140,4033),(2484,7134),(6750,7375),(460,2103),(11315,6047),(13144,5322),(8163,2354),(3798,7914),(12979,706),(12938,2434),(3436,775),(10242,6049),(3333,367),(13344,8031),(6160,2142),(872,4164),(7587,3624),(9750,7164),(10458,5238),(4104,5788),(6558,465),(3042,5246)
146,(7428,419),(5288,5087),(9176,3904),(3844,3280),(7055,3611),(4140,4184),(2491,7437),(6750,7726),(753,2082),(11359,6245),(12796,5336),(7812,2342),(4149,7930),(12966,356),(12587,2445),(3786,750),(10242,6146),(2982,372),(13695,8036),(5980,1845),(818,3817),(7434,5256),(10101,7175),(9846,5625),(4167,5835),(6347,288),(3042,5419)
147,(7426,452),(5051,5053),(9170,3663),(4518,2934),(6916,3685),(4140,3853),(2498,7768),(6649,7952),(1083,2058),(11287,5922),(12465,5323),(7999,2348),(4480,7945),(12823,166),(12256,2456),(3985,893),(10242,6159),(2651,377),(14026,8040),(5735,1623),(1085,3750),(7607,3626),(10160,7177),(9846,5294),(4460,5682),(6016,288),(3042,5352)
148,(7417,671),(4792,5184),(9177,3980),(3481,2985),(7023,3628),(4140,3952),(2319,7909),(6332,7942),(1399,2035),(11217,5612),(12148,5311),(8266,2304),(4635,7952),(12506,177),(12001,2464),(4038,1206),(10242,6002),(2334,382),(14343,8045),(5804,1685),(1253,3903),(7434,5256),(9843,7167),(9531,5275),(4618,5796),(5965,288),(3042,5347)
149,(7430,355),(4929,5208),(9175,3876),(3465,3094),(6736,3756),(4140,4268),(2003,7921),(6016,7932),(1633,2018),(11148,5304),(11832,5300),(8291,1988),(4319,7937),(12190,187),(12317,2454),(4200,1367),(9180,6318),(2018,386),(14447,7806),(6035,1900),(1274,4219),(7606,3626),(9527,7157),(9215,5258),(4606,5766),(6281,288),(3042,5409)
150,(7424,517),(4953,5160),(9171,3692),(3471,3158),(6417,3849),(4140,3968),(1671,7935),(5684,7922),(1301,2042),(11207,5567),(11500,5287),(8282,1657),(3987,7922),(11858,198),(12649,2443),(4529,1322),(9910,6304),(1686,391),(14487,7476),(6175,2202),(1563,4266),(7434,5256),(9195,7147),(9441,5270),(4548,6084),(6612,274),(3042,5275)
151,(7421,580),(5201,5007),(9178,4035),(3628,2969),(6397,3987),(4140,3863),(1567,7665),(5891,7928),(959,2067),(11282,5902),(11157,5274),(8262,1314),(3644,7907),(11515,204),(12992,2432),(4870,1275),(9567,6306),(1343,397),(14529,7136),(6279,2529),(1906,4266),(7595,3625),(9472,7155),(9784,5288),(4747,6223),(6955,270),(1728,5652)
152,(7432,296),(5471,4908),(9173,3801),(3962,2932),(6600,3795),(4140,4199),(1505,7335),(6227,7939),(624,2092),(11356,6231),(11461,5286),(8282,1648),(3523,7683),(11179,210),(13054,2170),(4768,1289),(9231,6316),(1007,402),(14544,7020),(6547,2724),(2057,4114),(7691,3633),(9808,7166),(10115,5250),(5039,6305),(7291,270),(3042,5268)
153,(7419,630),(5590,4707),(9173,3769),(4135,3106),(6758,3749),(4382,4266),(1474,7176),(6561,7950),(572,2095),(11322,6078),(11795,5298),(8292,1981),(3515,7349),(10899,215),(12798,2100),(4437,1335),(9175,6035),(673,407),(14477,6925),(6282,2142),(1992,3787),(7655,3630),(10142,7177),(10449,5238),(5032,6639),(7243,270),(3042,5414)
154,(7425,487),(5703,4438),(9179,4080),(4117,3269),(6448,3840),(4603,4452),(1535,7493),(6750,7822),(894,2072),(11251,5763),(12118,5310),(8266,2304),(3511,7194),(11222,209),(12475,2116),(4117,1379),(9169,5712),(350,411),(14544,7020),(6304,2555),(1794,3661),(7546,3621),(10127,7176),(10446,4924),(5025,6962),(6920,270),(3042,5349)
155,(7427,445),(5900,4105),(9171,3688),(4393,3144),(6097,4014),(4656,4841),(1725,7479),(6750,7430),(1285,2044),(11165,5380),(12510,5325),(7924,2346),(3520,7586),(11614,202),(12083,2135),(4011,1048),(9163,5320),(474,410),(14496,7409),(6516,2843),(1407,3719),(7434,5256),(9735,7164),(10432,4532),(5266,7110),(6670,380),(3042,5275)
156,(7452,1368),(5706,4050),(9174,3823),(4332,3141),(6206,3957),(4703,5112),(1913,7279),(6750,7155),(1560,2024),(11178,5436),(12785,5336),(7831,2343),(3527,7861),(11880,207),(11809,2145),(3966,776),(9165,5467),(749,405),(14462,7682),(6516,2750),(1134,3748),(7663,3631),(9460,7155),(10422,4257),(5541,7110),(6739,646),(3042,5440)
157,(7430,364),(5396,4179),(9178,3993),(4112,2969),(6293,3911),(4433,5213),(2031,7076),(6403,7126),(1432,2033),(11256,5783),(12959,5342),(8187,2355),(3213,7902),(11880,563),(11453,2155),(3835,446),(9171,5823),(1105,400),(14419,8036),(6834,2782),(802,3730),(7705,3634),(9163,7088),(10093,4230),(5604,6829),(6708,992),(1728,5652)
158,(7423,526),(5435,4140),(9170,3643),(4104,2620),(6077,4025),(4154,5135),(1681,7085),(6053,7119),(1083,2058),(11332,6125),(12609,5329),(8283,2083),(2863,7902),(11890,912),(11260,1963),(3898,595),(9177,6173),(1455,395),(14078,8041),(7080,2858),(719,3390),(7623,3627),(9170,6738),(10165,4230),(5589,6479),(7434,270),(3042,5446)
159,(7420,599),(5357,4218),(9176,3908),(3925,2488),(6356,3878),(4112,4829),(1416,7009),(5738,7112),(769,2081),(11350,6202),(12294,5317),(8159,1903),(2548,7902),(11906,1227),(11192,1656),(3800,749),(9177,6148),(1770,390),(13763,8037),(6777,2949),(644,3084),(7434,5256),(9177,6423),(10424,4288),(5498,6237),(6879,1287),(3042,5309)
160,(7452,1368),(5459,4116),(9176,3935),(3596,2498),(6392,4049),(4129,4500),(1701,6940),(5605,7192),(440,2105),(11278,5881),(11965,5305),(7830,1893),(2785,7902),(11922,1556),(11120,1334),(3472,772),(9171,5819),(2099,385),(13434,8033),(7074,2860),(573,2762),(7609,3626),(9175,6542),(10435,4617),(5238,6142),(6887,1166),(3042,5378)
161,(7421,587),(5755,4050),(9198,4392),(3456,2679),(6523,3818),(4239,4265),(2015,6894),(5600,7343),(739,2083),(11208,5571),(11648,5293),(7931,1896),(3102,7902),(11938,1873),(11051,1025),(3155,794),(9166,5502),(2416,380),(13117,8028),(6877,2919),(506,2453),(7720,3635),(9168,6859),(10447,4934),(5238,5947),(6743,1340),(3042,5379)
162,(7423,523),(6023,4104),(9177,3948),(3255,2785),(7452,2988),(4168,4278),(2193,6868),(5609,7673),(1068,2059),(11147,5298),(11318,5280),(8261,1906),(3432,7902),(11948,2081),(10980,703),(2826,818),(9163,5340),(2746,375),(12787,8024),(6552,2936),(437,2130),(7618,3627),(9160,7189),(10484,5239),(5304,6217),(6421,1394),(3042,5307)
163,(7429,392),(5935,4463),(9174,3849),(3382,2799),(7140,3520),(4524,4328),(1822,6922),(5744,7924),(1442,2032),(11229,5664),(11339,5281),(8277,1570),(3249,7902),(11930,1706),(10898,337),(2452,844),(9169,5715),(3121,370),(12412,8019),(6177,2945),(505,2448),(7561,3622),(9147,7564),(10859,5259),(5481,6235),(6647,1236),(1728,5652)
164,(7417,680),(5768,4696),(9171,3675),(3456,2594),(7269,3262),(4619,4571),(1537,6964),(6032,7933),(1618,2020),(11292,5945),(11627,5292),(8263,1344),(2961,7902),(11915,1418),(10907,376),(2190,863),(9174,6003),(3409,365),(12124,8016),(5889,2944),(566,2729),(7595,3625),(9346,7650),(11137,5273),(5195,6221),(6717,957),(1728,5652)
165,(7428,414),(5769,4860),(9178,4021),(3202,2502),(7191,3419),(4699,4880),(1612,6953),(6378,7944),(1272,2045),(11368,6283),(11973,5305),(8284,1690),(2615,7902),(11898,1072),(10982,713),(2536,838),(9211,6317),(3755,360),(11778,8011),(6282,2142),(620,2980),(7681,3632),(9604,7747),(10791,5255),(5218,6215),(6734,891),(3042,5450)
166,(7426,459),(6102,4860),(9174,3818),(3130,2747),(6959,3561),(4982,4850),(1942,6905),(6711,7954),(940,2069),(11310,6026),(12306,5317),(8288,2022),(2722,7902),(11881,739),(11054,1039),(2868,815),(9544,6307),(3508,364),(11883,8012),(5876,2943),(550,2654),(7664,3631),(9620,7904),(10458,5238),(5144,6235),(6653,1214),(3042,5323)
167,(7418,652),(6385,4860),(9172,3747),(3148,2502),(6988,3397),(5118,4733),(1458,7092),(7040,7956),(612,2092),(11238,5705),(12635,5330),(8262,2351),(3051,7902),(12171,697),(11126,1360),(3196,791),(9873,6302),(3179,369),(12212,8017),(5747,2932),(480,2332),(7561,3622),(9668,7650),(10446,4909),(5469,6234),(6424,1393),(3042,5364)
168,(7432,313),(6046,4860),(9198,4392),(3456,2533),(7116,3109),(5165,4924),(1932,6906),(7379,7956),(589,2094),(11164,5374),(12974,5343),(8594,2351),(3390,7902),(12510,691),(11199,1691),(3534,768),(10212,6316),(2840,374),(12551,8021),(5678,2927),(454,2210),(7544,3621),(10007,7650),(10434,4570),(5352,6222),(6638,1274),(3042,5415)
169,(7422,552),(5721,4860),(9173,3761),(3456,2758),(7069,2831),(5237,4775),(1610,6953),(7092,7956),(913,2071),(11190,5490),(13187,5553),(8919,2345),(3523,7715),(12835,686),(11270,2008),(3859,745),(9947,6305),(2515,379),(12876,8025),(6003,2951),(523,2528),(7651,3630),(9162,7992),(10422,4245),(5238,6000),(6717,959),(3042,5276)
170,(7422,546),(5621,5115),(9174,3817),(3462,2416),(6734,2761),(4972,4737),(1535,6964),(6750,7956),(1255,2046),(11265,5824),(13376,5838),(9198,2277),(3515,7373),(12971,485),(11131,2232),(4201,738),(10015,6308),(2173,384),(13218,8030),(6345,2939),(595,2862),(7703,3634),(10305,7308),(10095,4230),(5238,6114),(6734,627),(3042,5506)
171,(7432,313),(5626,5006),(9178,4036),(3463,2403),(6744,2886),(4050,5202),(1851,6918),(6431,7945),(1573,2023),(11335,6136),(13552,6104),(9198,1958),(3520,7055),(12960,166),(10837,2355),(4520,738),(10150,6314),(1854,389),(13537,8034),(6664,2944),(597,2873),(7590,3625),(10310,7373),(9892,4062),(5238,5987),(6654,318),(3042,5249)
172,(7418,653),(5757,4710),(9171,3696),(3215,2502),(6502,2707),(4806,4886),(2187,6869),(6091,7935),(1435,2033),(11342,6167),(13740,6388),(9198,1618),(3586,6721),(12624,173),(10523,2487),(4860,738),(9180,6318),(1514,394),(13877,8038),(6994,2884),(525,2541),(7514,3618),(10269,7650),(9920,4137),(5238,6125),(6932,270),(3042,5427)
173,(7427,423),(5963,4411),(9176,3904),(3377,2502),(6255,2455),(4700,5095),(1987,6898),(5727,7923),(1072,2059),(11262,5812),(13941,6691),(9198,1734),(3656,6364),(12260,185),(11304,2160),(5224,738),(9446,6310),(1150,399),(14241,8043),(7333,2935),(449,2185),(7582,3624),(9905,7650),(9939,4190),(5516,6239),(7296,270),(3042,5377)
174,(7428,409),(6020,4128),(9177,3976),(3669,2496),(6167,2177),(4514,5204),(1698,6940),(5797,7925),(781,2080),(11198,5526),(13977,6744),(9198,2026),(3713,6077),(11968,195),(10457,2515),(5516,738),(9154,6317),(858,404),(14432,7931),(7355,3120),(476,2312),(7434,5256),(9613,7650),(9924,4148),(5589,6474),(7588,273),(3042,5347)
175,(7417,681),(6300,4077),(9170,3626),(4019,2486),(6327,2323),(4183,5211),(1455,6976),(6147,7936),(1818,2898),(11161,5362),(13783,6453),(9162,2340),(3671,6289),(12142,189),(10780,2379),(5798,738),(8804,6308),(508,409),(14474,7584),(7429,2977),(550,2654),(7640,3629),(9925,7650),(9900,4082),(5604,6824),(7938,280),(3042,5443)
176,(7430,357),(6390,4320),(9176,3934),(4343,2492),(6585,2504),(4140,5099),(1776,6929),(6471,7947),(755,2082),(11232,5679),(13604,6183),(8838,2346),(3608,6607),(12466,178),(11078,2254),(5474,738),(8480,6300),(248,413),(14514,7262),(7132,2846),(618,2971),(7532,3620),(10249,7650),(9896,4071),(5578,7110),(7434,270),(3042,5249)
177,(7423,525),(5634,4860),(9175,3896),(4684,2514),(6883,2670),(4055,5247),(2114,6880),(6813,7956),(1096,2057),(11307,6013),(13415,5897),(8496,2353),(3542,6943),(12808,167),(11282,2064),(5132,738),(8138,6283),(590,408),(14487,6939),(7113,3181),(569,2742),(7570,3623),(10312,7391),(9923,4145),(5236,7110),(8262,630),(3042,5483)
178,(7421,593),(6390,4340),(9170,3662),(4518,2934),(6951,2687),(4090,5568),(2102,6882),(7135,7956),(1417,2034),(11373,6308),(13237,5629),(8174,2354),(3662,7110),(12965,332),(11212,1749),(4810,738),(8101,6584),(912,403),(14533,7005),(7119,3049),(501,2427),(7680,3632),(10304,7293),(9951,4222),(5024,7002),(8262,952),(3042,5279)
179,(7433,276),(6390,4161),(9177,3991),(4873,2736),(6656,2546),(4080,5479),(1777,6929),(7407,7890),(1602,2021),(11301,5986),(13056,5355),(7845,2343),(3991,7110),(12977,661),(11141,1428),(4481,738),(8406,6636),(1241,398),(14506,7328),(7122,2968),(810,3762),(7661,3630),(10329,7622),(9920,4136),(5031,6673),(8262,1281),(3042,5408)
180,(7418,648),(6390,4533),(9174,3809),(4599,2629),(7452,2988),(4140,5224),(1408,6983),(7441,7669),(1231,2048),(11220,5623),(13130,5325),(7474,2371),(4363,7110),(12629,689),(11060,1065),(4109,738),(8476,6324),(1613,392),(14460,7698),(7112,3212),(510,2469),(7601,3625),(10305,7306),(9903,4091),(5039,6301),(7923,1336),(3042,5404)
181,(7426,455),(6390,4454),(9173,3764),(4590,2292),(6626,2528),(4474,5208),(1732,6936),(7351,7956),(894,2072),(11146,5294),(12796,5336),(7728,2341),(4648,7165),(12292,695),(10987,736),(3885,565),(8165,6284),(1950,387),(14419,8033),(7126,2875),(581,2799),(7434,5256),(10312,7393),(9888,4050),(5033,6564),(7586,1359),(3042,5275)
182,(7428,407),(6390,4132),(9198,4392),(4310,2250),(6810,2690),(4702,5105),(2051,6889),(7029,7956),(573,2095),(11207,5567),(12474,5324),(8050,2350),(4676,7486),(11970,700),(10917,422),(3837,451),(8102,6557),(2272,383),(14455,7739),(6848,2927),(610,2934),(7616,3627),(10267,7650),(9922,4143),(5026,6886),(7452,1555),(3042,5487)
183,(7416,716),(6127,4059),(9173,3777),(4098,2130),(6851,2667),(4741,4882),(2178,6870),(6750,7926),(598,2093),(11275,5869),(12165,5312),(8359,2356),(4702,7794),(11890,920),(10893,311),(3958,735),(8082,6865),(2581,378),(14493,7432),(6543,2935),(545,2631),(7705,3634),(9958,7650),(9947,4212),(5023,7025),(7452,1864),(1728,5652)
184,(7429,375),(6280,4075),(9174,3808),(4078,1783),(7452,2988),(4882,4890),(1833,6921),(6750,7577),(946,2068),(11351,6210),(11816,5299),(8708,2349),(4529,7947),(11908,1269),(10968,652),(3823,419),(8068,7078),(2930,373),(14535,7085),(6516,2824),(471,2290),(7622,3627),(9609,7650),(9923,4145),(5031,6676),(7687,1892),(3042,5447)
185,(7425,481),(6184,4065),(9179,4048),(4070,1467),(6840,2006),(4648,4782),(1520,6966),(6750,7261),(1261,2045),(11330,6116),(11500,5287),(9024,2343),(4213,7933),(11924,1585),(11037,960),(3896,590),(8089,6762),(3246,368),(14387,6840),(6310,2940),(458,2230),(7434,5256),(9625,7950),(9887,4047),(5037,6360),(7452,1827),(3042,5309)
186,(7419,625),(6009,4227),(9172,3714),(4074,1639),(6840,1784),(4603,4451),(1617,6952),(6969,7139),(1595,2021),(11257,5790),(11166,5274),(9189,2500),(3879,7917),(11940,1919),(11110,1287),(3891,577),(8109,6429),(3580,363),(14053,6840),(6282,2142),(529,2556),(7604,3626),(9338,7992),(9906,4098),(4803,6231),(7452,1493),(3042,5373)
187,(7433,273),(6020,4134),(9175,3874),(4083,1991),(6840,2136),(4354,4255),(1966,6902),(7321,7129),(1401,2035),(11180,5446),(11468,5286),(9162,2851),(3528,7902),(11945,2013),(11186,1630),(3843,465),(8106,6487),(3664,362),(14379,6840),(6328,2940),(603,2900),(7684,3632),(9338,7992),(9929,4162),(4526,6255),(7678,1352),(3042,5419)
188,(7421,572),(6249,4071),(9178,3993),(4311,2081),(6846,2441),(4602,4354),(1458,7092),(7134,7135),(1097,2057),(11170,5399),(11773,5297),(9165,3156),(3832,7915),(11930,1708),(11252,1928),(3956,729),(8087,6791),(3359,366),(14152,6840),(6516,2817),(592,2849),(7633,3628),(9617,7992),(9939,4189),(4568,6557),(7983,1332),(3042,5292)
189,(7424,513),(6390,4300),(9170,3638),(4666,2099),(6744,2597),(4955,4308),(1916,6909),(6779,7145),(743,2083),(11247,5745),(12128,5311),(9168,3511),(4187,7931),(11912,1353),(11332,2274),(3816,403),(9180,6318),(3004,371),(14283,6840),(6312,2561),(517,2501),(7556,3622),(9262,7992),(9916,4128),(4616,6909),(8262,1238),(3042,5503)
190,(7431,339),(6390,4612),(9176,3910),(4978,2115),(6474,2439),(4986,4565),(1607,6954),(6744,6863),(1818,2898),(11316,6050),(12440,5322),(9168,3413),(4499,7946),(11896,1041),(11510,2452),(3902,603),(8376,7146),(2692,376),(14241,6840),(6498,2704),(451,2196),(7576,3623),(8950,7988),(9884,4037),(4754,7110),(8262,926),(3042,5239)
191,(7417,679),(6390,4372),(9176,3922),(4978,2115),(6292,2183),(5179,4754),(1536,6964),(6737,6523),(771,2081),(11361,6253),(12780,5335),(9164,3073),(4593,7950),(11880,198),(11850,2462),(3883,559),(8716,7146),(2352,381),(14179,6840),(6814,2688),(484,2347),(7668,3631),(8610,7982),(9911,4113),(4950,7110),(8262,586),(3042,5437)
192,(7429,383),(6390,4178),(9171,3692),(4600,2096),(6164,1828),(5011,4695),(1910,6910),(6734,6419),(1148,2054),(11278,5884),(13155,5319),(9069,2810),(4215,7933),(11880,324),(12228,2457),(3861,508),(9094,7146),(1974,387),(14279,6840),(6745,2888),(563,2717),(7434,5256),(8232,7975),(9925,4152),(4716,7110),(8341,282),(3042,5381)
193,(7426,463),(6390,4484),(9178,3998),(4294,2080),(6300,1714),(4982,4852),(2213,6865),(6741,6725),(1453,2031),(11211,5585),(13079,5338),(8770,2877),(3909,7919),(11700,201),(12534,2447),(3937,686),(8924,7146),(1668,392),(14107,6840),(6667,2748),(628,3016),(7596,3625),(8310,7977),(9943,4199),(4644,7110),(8647,259),(3042,5329)
194,(7418,666),(6402,4795),(9175,3863),(4187,2075),(6611,1722),(4988,4542),(2014,6894),(6747,7036),(1584,2022),(11143,5281),(13205,5580),(8466,2944),(3598,7905),(11389,206),(12845,2437),(3815,400),(8613,7146),(1357,396),(14544,7020),(6516,2875),(566,2727),(7537,3620),(8621,7982),(9905,4097),(5333,7110),(8538,267),(3042,5422)
195,(7432,315),(6398,4750),(9172,3724),(4538,2093),(6718,1724),(4893,4316),(1667,6945),(6509,7129),(1234,2047),(11217,5608),(13399,5872),(8580,2919),(3521,7622),(11038,213),(12940,2434),(3919,642),(8262,7146),(1006,402),(14067,6840),(6224,2943),(492,2384),(7618,3627),(8972,7988),(10458,5238),(5613,7042),(8335,282),(3042,5243)
196,(7423,536),(6390,4665),(9178,4035),(4849,2108),(6407,1717),(4594,4355),(1448,6977),(6498,7183),(923,2070),(11285,5912),(13570,6132),(8884,2851),(3514,7311),(10727,218),(12629,2444),(3878,547),(8071,7033),(695,406),(14324,6840),(6039,2949),(437,2131),(7705,3634),(9155,7871),(9919,4134),(5600,6731),(8646,259),(1728,5652)
197,(7424,511),(5634,4860),(9172,3744),(5150,2218),(6157,1809),(4985,4304),(1837,6920),(6748,7081),(531,2098),(11371,6296),(13788,6459),(9269,2772),(3318,7110),(10334,225),(12236,2457),(3872,533),(8097,6640),(302,412),(14119,6840),(6432,2936),(520,2515),(7666,3631),(9150,7478),(9928,4160),(5583,6338),(8457,273),(3042,5325)
198,(7432,301),(6334,4860),(9173,3764),(5156,2490),(6252,2064),(4752,4334),(2106,6881),(6742,6809),(603,2093),(11321,6073),(13938,6686),(9538,2730),(3046,7110),(10062,229),(11964,2465),(3940,692),(8336,6629),(402,411),(14233,6840),(6704,2947),(577,2781),(7434,5256),(9159,7206),(9928,4160),(5587,6426),(8337,282),(3042,5419)
199,(7418,662),(5973,4860),(9179,4047),(5164,2851),(6184,1881),(4616,4551),(2072,6886),(6735,6448),(963,2067),(11242,5721),(13942,6692),(9895,2674),(2685,7110),(9701,235),(11603,2454),(3960,738),(8472,6405),(763,405),(14242,6840),(7053,2866),(606,2913),(7577,3623),(9168,6845),(9908,4104),(5602,6787),(8698,255),(3042,5382)
200,(7426,455),(5650,4860),(9172,3724),(5160,2694),(6260,1713),(4661,4872),(1752,6933),(6735,6439),(1285,2044),(11171,5405),(13763,6423),(10161,2632),(2606,7110),(9378,241),(11352,2354),(3925,657),(8466,6518),(1086,400),(14161,6840),(6888,2794),(538,2597),(7686,3633),(9175,6522),(9888,4050),(4644,7110),(8475,272),(3042,5311)
201,(7428,401),(5824,4628),(9174,3828),(5153,2378),(6576,1721),(4050,5202),(1439,6978),(6741,6755),(1601,2021),(11181,5450),(13589,6159),(9848,2681),(2922,7110),(9062,246),(11420,2156),(3870,528),(8268,6622),(1402,396),(14359,6840),(6813,2778),(471,2288),(7642,3629),(9177,6430),(9924,4148),(5300,7110),(8363,280),(3042,5445)
202,(7416,705),(5734,4737),(9178,4010),(5149,2204),(6840,1798),(5050,5190),(1698,6940),(6748,7089),(1413,2034),(11254,5776),(13404,5881),(9518,2733),(3256,7110),(8768,251),(11754,2147),(3857,498),(8109,6441),(1736,391),(14055,6840),(7139,2849),(462,2249),(7544,3621),(9170,6764),(10458,5238),(5023,7054),(8697,255),(3042,5237)
203,(7430,364),(5624,5043),(9171,3669),(5157,2545),(6840,2139),(5391,5208),(2036,6891),(6750,7430),(1073,2059),(11329,6109),(13216,5596),(9181,2786),(3526,7024),(9109,245),(11809,2145),(3928,663),(7936,6277),(2077,385),(14396,6840),(6282,2142),(534,2583),(7559,3622),(9162,7105),(9926,4155),(5030,6713),(8458,273),(3042,5472)
204,(7424,506),(5623,5067),(9175,3897),(5164,2875),(6986,2335),(5621,5115),(2172,6871),(6750,7760),(744,2083),(11350,6203),(13021,5344),(8997,2676),(3590,6700),(9439,240),(11479,2155),(3960,738),(7606,6269),(2407,380),(14110,6840),(7442,2658),(604,2905),(7661,3630),(9168,6857),(9896,4070),(5037,6383),(8394,278),(3042,5298)
205,(7421,580),(5593,4718),(9176,3921),(5154,3229),(7339,2367),(5535,4874),(1822,6922),(6592,7950),(472,2103),(11272,5858),(12667,5331),(8644,2700),(3658,6353),(9793,234),(11265,1985),(3937,685),(7508,6267),(2761,375),(14324,6840),(7436,2448),(580,2796),(7705,3634),(9175,6503),(9890,4055),(4806,6231),(7434,270),(3042,5364)
206,(7433,271),(5397,4711),(9170,3624),(4958,3346),(7220,2356),(4050,5202),(1516,6967),(6283,7941),(781,2080),(11205,5556),(12358,5319),(8335,2721),(3718,6050),(10102,229),(11198,1683),(3860,506),(7817,6274),(3070,370),(14203,6840),(7445,2757),(515,2494),(7582,3624),(9177,6442),(9928,4160),(4520,6209),(8439,274),(3042,5385)
207,(7420,615),(5444,4681),(9177,3970),(5166,3416),(6875,2325),(5242,5030),(1633,6950),(5937,7930),(1126,2055),(11154,5329),(12012,5306),(8245,2727),(3666,6313),(10448,223),(11123,1345),(3871,531),(8073,6280),(3416,365),(14223,6840),(7370,2906),(442,2155),(7516,3618),(9169,6788),(10458,5238),(4567,6552),(8429,275),(3042,5285)
208,(7424,506),(5587,4428),(9175,3883),(5166,3735),(7122,2347),(5013,4909),(1949,6904),(5618,7920),(1444,2032),(11224,5641),(11693,5294),(8564,2705),(3605,6626),(10767,217),(11053,1034),(3922,650),(7754,6273),(3735,360),(14294,6840),(7479,2981),(488,2368),(7629,3628),(9162,7107),(9919,4134),(4610,6869),(7434,270),(3042,5474)
209,(7429,373),(5596,4369),(9171,3692),(5166,3486),(7435,2350),(5260,4804),(2251,6860),(5953,7930),(1565,2023),(11298,5972),(11354,5282),(8902,2682),(3539,6958),(10638,219),(10980,703),(3807,381),(7415,6264),(3522,364),(14125,6840),(7808,2898),(559,2699),(7434,5256),(9168,6846),(9891,4058),(4630,7014),(8409,277),(3042,5237)
210,(7416,705),(5587,4696),(9178,4024),(5166,3506),(7447,2018),(5075,5027),(1922,6908),(6285,7941),(1234,2047),(11371,6296),(11260,5278),(9172,2717),(3544,6935),(10306,225),(10908,379),(3937,686),(7677,6271),(3190,369),(14379,6840),(7493,2977),(810,3762),(7622,3627),(9175,6514),(9902,4088),(4585,6685),(8445,274),(3042,5447)
211,(7428,396),(5803,4860),(9174,3809),(5101,3777),(7443,2137),(4805,5184),(1587,6957),(6624,7952),(895,2072),(11306,6008),(11599,5291),(9165,3056),(3609,6602),(9967,231),(10909,383),(3848,477),(8016,6279),(2851,374),(14544,7020),(7443,2692),(558,2692),(7529,3619),(9176,6461),(9930,4164),(4539,6349),(8712,254),(3042,5332)
212,(7425,495),(6154,4860),(9173,3778),(4750,3765),(7322,2365),(4670,4925),(1568,6960),(6975,7956),(545,2097),(11229,5665),(11950,5304),(9170,3407),(3677,6258),(9616,237),(10985,726),(3885,565),(7869,6275),(2500,379),(14391,6840),(7435,2411),(484,2349),(7564,3622),(9169,6812),(10458,5238),(4708,6218),(8361,280),(3042,5333)
213,(7419,637),(6354,4860),(9198,4392),(4846,3768),(7015,2337),(4922,4892),(1873,6915),(7283,7956),(625,2091),(11162,5364),(12258,5316),(9174,3715),(3714,6067),(9308,242),(11052,1027),(3912,627),(7561,6268),(2192,384),(14137,6840),(7444,2719),(444,2163),(7688,3633),(9162,7120),(9915,4124),(5014,6260),(8469,272),(3042,5415)
214,(7452,1368),(5987,4860),(9172,3719),(5213,3780),(6840,2131),(4975,4767),(2236,6862),(7146,7956),(991,2065),(11201,5541),(12625,5329),(9179,4082),(3644,6428),(8941,248),(11131,1385),(3827,429),(7566,6268),(1825,389),(14310,6840),(7394,3067),(521,2522),(7691,3633),(9169,6805),(9897,4074),(5032,6605),(8660,258),(3042,5234)
215,(7421,572),(5685,4860),(9174,3819),(5515,3780),(6840,1829),(4813,4886),(2000,6896),(6844,7956),(1292,2043),(11268,5836),(12927,5341),(9175,3788),(3585,6724),(8857,250),(11197,1680),(3946,707),(7868,6275),(1523,394),(14224,6840),(7400,3059),(585,2817),(7561,3622),(9175,6503),(9907,4100),(5026,6907),(8358,280),(1728,5652)
216,(7425,491),(5603,4558),(9177,3976),(5580,3468),(6564,1721),(4631,4653),(1627,6951),(6750,7673),(1669,2016),(11350,6204),(12796,5336),(9170,3411),(3513,7094),(9234,243),(11279,2048),(3824,421),(7991,6278),(1146,399),(14233,6840),(7732,2917),(594,2861),(7434,5256),(9175,6510),(9921,4141),(5196,7110),(8541,267),(3042,5309)
217,(7430,349),(5795,4327),(9171,3676),(5580,3456),(6264,1713),(4050,5202),(1477,6973),(6750,7373),(1379,2037),(11335,6138),(12496,5325),(9166,3111),(3564,6831),(9534,238),(11263,1978),(3889,574),(7691,6271),(846,404),(14303,6840),(7600,2950),(531,2568),(7638,3629),(9169,6810),(9945,4205),(5496,7110),(8655,258),(3042,5407)
218,(7418,670),(5662,4487),(9175,3881),(5580,3777),(6182,1875),(4291,4256),(1794,6926),(6844,7143),(1059,2060),(11265,5824),(12175,5312),(9198,2340),(3626,6516),(9855,233),(11193,1664),(3903,606),(7390,6264),(525,409),(14098,6840),(7332,2868),(464,2254),(7695,3633),(9162,7131),(9911,4112),(5607,6909),(8334,282),(3042,5354)
219,(7427,435),(5385,4578),(9177,3956),(5580,3448),(6294,2191),(4318,4251),(2126,6878),(7179,7133),(725,2084),(11192,5497),(11840,5300),(9166,3125),(3691,6187),(10190,227),(11121,1337),(3824,421),(7725,6272),(242,413),(14403,6840),(7104,2734),(470,2284),(7598,3625),(9168,6826),(10458,5238),(5593,6574),(8523,268),(3042,5327)
220,(7427,433),(5058,4572),(9170,3628),(5481,3147),(6297,2205),(4134,4391),(2084,6884),(7399,7253),(465,2103),(11163,5370),(11512,5287),(9171,3453),(3697,6158),(10518,222),(11050,1017),(3953,723),(8053,6280),(570,408),(14075,6840),(7377,2913),(539,2605),(7518,3619),(9176,6498),(9913,4118),(4644,7110),(8645,259),(3042,5441)
221,(7418,661),(5260,4572),(9177,3954),(5425,3054),(6086,2002),(4117,4737),(1742,6934),(6750,7956),(811,2078),(11239,5708),(11166,5274),(9176,3799),(3630,6497),(10864,216),(10975,679),(3829,434),(7837,6275),(916,403),(14351,6840),(7231,2889),(612,2943),(7604,3626),(9176,6484),(9938,4188),(5594,6592),(8299,285),(3042,5229)
222,(7430,347),(5460,4375),(9176,3904),(5580,3326),(6114,2058),(4106,4957),(1431,6979),(7764,7629),(1124,2055),(11308,6015),(11430,5284),(9179,4059),(3569,6805),(11178,210),(10906,373),(3889,574),(7523,6267),(1230,398),(14171,6840),(7311,2925),(581,2797),(7434,5256),(9169,6798),(9932,4171),(5607,6906),(8537,267),(3042,5491)
223,(7423,541),(5416,4333),(9171,3680),(5580,3674),(6233,2385),(4123,4609),(1720,6937),(8111,7667),(1471,2030),(11367,6280),(11778,5298),(9174,3711),(3517,7072),(11526,204),(10912,398),(3892,581),(7585,6269),(1578,393),(14257,6840),(7446,2793),(507,2456),(7638,3629),(9162,7992),(9908,4103),(5472,7110),(8611,262),(3042,5297)
224,(7421,574),(5331,4572),(9178,4005),(5361,3780),(6231,2380),(4050,5202),(2042,6890),(7801,7633),(1552,2024),(11296,5963),(12103,5310),(9170,3386),(3580,6753),(11851,198),(10983,715),(3831,437),(7910,6276),(1903,388),(14254,6840),(7436,2468),(439,2139),(7531,3620),(9169,6821),(9888,4049),(5147,7110),(8286,286),(3042,5394)
225,(7433,293),(5004,4572),(9174,3840),(5034,3775),(6086,2176),(4123,4611),(2170,6872),(7475,7598),(1226,2048),(11224,5644),(12430,5322),(9165,3059),(3643,6432),(11880,496),(11054,1035),(3960,738),(7999,6279),(2230,383),(14153,6840),(7199,2354),(493,2392),(7586,3624),(9176,6494),(9920,4137),(4820,7110),(8563,265),(3042,5373)
226,(7418,654),(5189,4758),(9172,3757),(4673,3763),(6103,2036),(4105,4972),(1812,6924),(7787,7632),(865,2074),(11145,5291),(12791,5336),(9252,2775),(3712,6078),(11880,547),(11132,1387),(3817,405),(7638,6270),(2591,378),(14322,6840),(6282,2142),(569,2745),(7657,3630),(9175,6503),(9940,4193),(4618,6926),(8572,265),(3042,5282)
227,(7425,475),(5065,4714),(9179,4068),(4926,3771),(6096,2022),(3976,5206),(1504,6969),(8097,7665),(555,2097),(11206,5560),(12998,5344),(9560,2727),(3679,6250),(11880,236),(11199,1691),(3900,600),(7433,6265),(2902,373),(14069,6840),(6856,2633),(624,2998),(7666,3631),(9169,6814),(9930,4164),(4576,6618),(7434,270),(3042,5469)
228,(7429,392),(4993,4457),(9173,3777),(5253,3780),(6258,2078),(3649,5227),(1626,6951),(6750,7956),(634,2091),(11277,5879),(12671,5331),(9883,2676),(3615,6571),(11591,203),(11270,2010),(3890,575),(7760,6273),(3229,368),(14396,6840),(6842,2368),(555,2678),(7561,3622),(9162,7141),(9898,4076),(4532,6294),(8588,263),(3042,5508)
229,(7417,690),(5207,4289),(9174,3817),(5549,3780),(6132,1742),(3530,5411),(1980,6899),(8066,7662),(991,2065),(11356,6229),(12313,5318),(10138,2635),(3546,6922),(11233,209),(11259,1959),(3846,474),(9180,6318),(3587,363),(14082,6840),(6840,2010),(480,2328),(7525,3619),(9169,6793),(9887,4046),(4273,6118),(8550,266),(3042,5438)
230,(7431,329),(5016,4301),(9178,3994),(5188,3780),(6446,1718),(3642,5754),(2197,6868),(7706,7623),(1351,2039),(11316,6054),(11952,5304),(9781,2692),(3542,6943),(11880,198),(11181,1607),(3930,669),(7757,6273),(3648,362),(14359,6840),(6847,1649),(460,2236),(7596,3625),(9177,6432),(9907,4101),(3917,6067),(8333,282),(3042,5363)
231,(7425,495),(5276,4285),(9171,3710),(5166,3518),(6730,1725),(3712,6010),(1916,6909),(7447,7623),(1635,2018),(11254,5776),(11668,5293),(9501,2736),(3597,6664),(11156,210),(11119,1330),(3818,408),(7473,6266),(3364,366),(14193,6840),(6874,1365),(519,2513),(7700,3634),(9176,6488),(10458,5238),(4143,6083),(8617,261),(3042,5369)
232,(7420,609),(5522,4065),(9175,3862),(5149,3182),(6840,1954),(3377,5982),(1584,6957),(6750,7956),(1377,2037),(11181,5448),(11332,5281),(9168,2788),(3662,6334),(11492,204),(11046,1001),(3909,620),(7623,6269),(3028,371),(14223,6840),(6845,1669),(590,2842),(7604,3626),(9169,6824),(9925,4150),(4466,6176),(8543,267),(3042,5407)
233,(7433,280),(5584,3816),(9177,3981),(5164,2853),(6840,2283),(3142,5962),(1549,6962),(7446,7630),(1049,2061),(11174,5420),(11279,5279),(9190,2469),(3528,7902),(11821,199),(10975,680),(3880,553),(7952,6277),(2699,376),(14284,6840),(6865,1458),(599,2884),(7511,3618),(9162,7139),(9894,4065),(4593,5927),(8308,284),(3042,5280)
234,(7420,608),(5577,4056),(9170,3633),(5156,2505),(7147,2349),(3489,5991),(1893,6912),(7404,7286),(702,2086),(11251,5760),(11627,5292),(9198,2121),(3658,6353),(12169,188),(10899,340),(3852,486),(7936,6277),(2351,381),(14144,6840),(6853,1588),(526,2543),(7595,3625),(9169,6791),(9894,4066),(4521,5651),(8656,258),(1728,5652)
235,(7426,457),(5634,4860),(9177,3978),(5148,2130),(7437,2288),(3683,5880),(2265,6858),(7412,7340),(535,2098),(11333,6126),(12002,5306),(9198,1746),(3586,6721),(12544,175),(10925,457),(3919,644),(7561,6268),(1976,387),(14317,6840),(6862,1493),(447,2177),(7652,3630),(9177,6416),(9910,4109),(4188,5824),(8465,272),(3042,5307)
236,(7430,360),(5015,4301),(9176,3917),(4877,2110),(7448,2011),(3597,5616),(1996,6897),(7470,7598),(812,2078),(11358,6238),(12279,5316),(9198,1519),(3532,6993),(12821,166),(10985,727),(3810,389),(7476,6266),(1699,391),(14544,7020),(6884,1217),(475,2305),(7637,3628),(9176,6497),(9948,4215),(4148,6045),(8334,282),(3042,5432)
237,(7452,1368),(5065,4572),(9171,3679),(4517,2091),(7709,1890),(3485,5274),(1640,6949),(7829,7636),(1171,2052),(11279,5887),(12639,5330),(9198,1879),(3556,6873),(12967,383),(11063,1079),(3927,661),(7836,6275),(1339,397),(14400,6840),(6881,1267),(550,2657),(7565,3622),(9168,6857),(9928,4159),(4465,6176),(8694,255),(3042,5368)
238,(7428,419),(5365,4575),(9177,3980),(4216,2076),(7733,2178),(3736,5221),(1465,6975),(8107,7666),(1471,2030),(11213,5593),(12940,5341),(9198,2180),(3614,6578),(11880,198),(11129,1373),(3874,537),(8099,6281),(1038,401),(14135,6840),(6658,1334),(614,2951),(7578,3624),(9162,7134),(9887,4047),(4585,5955),(8501,270),(3042,5347)
239,(7426,461),(5582,4467),(9175,3852),(4294,2080),(7732,2162),(4052,5227),(1801,6925),(7768,7630),(1537,2025),(11144,5286),(12820,5337),(9188,2520),(3680,6244),(12995,1023),(11202,1705),(3855,495),(7759,6273),(698,406),(14285,6840),(6879,1296),(573,2763),(7670,3631),(9169,6794),(9903,4092),(4644,7110),(8361,280),(3042,5433)
240,(7420,616),(5562,4605),(9172,3747),(4657,2099),(7813,1892),(4093,5589),(2161,6873),(7445,7551),(1175,2052),(11224,5641),(12457,5323),(8961,2678),(3701,6135),(13014,1386),(11281,2059),(3920,646),(7396,6264),(335,412),(14188,6840),(6844,942),(497,2409),(7705,3634),(9177,6431),(9923,4146),(4231,5801),(8724,253),(1728,5652)
