总里程	108
当前覆盖率	-1.07374e+008
276	105	122	199	193	92	31	7	210	20	76	241	9	305	250	290	43	296	34	251	156	82	3	85	26	302	70	
总里程	183
当前覆盖率	0.950325
276	105	122	199	193	92	31	7	210	20	76	241	9	305	250	290	43	296	34	251	156	82	3	85	26	302	65	
总里程	203
当前覆盖率	0.940385
276	105	122	199	212	92	31	7	210	20	76	241	9	305	250	290	43	296	34	251	156	82	3	85	26	302	65	
总里程	222
当前覆盖率	0.94019
276	105	122	199	212	92	31	7	210	20	78	241	9	305	250	290	43	296	34	251	156	82	3	85	26	302	65	
总里程	254
当前覆盖率	0.946081
284	105	122	199	212	92	31	7	210	20	78	241	9	305	250	290	43	296	34	251	156	82	3	85	26	302	65	
总里程	272
当前覆盖率	0.933385
284	105	115	199	212	92	31	7	210	20	78	241	9	305	250	290	43	296	34	251	156	82	3	85	26	302	65	
总里程	360
当前覆盖率	0.931191
284	86	115	199	212	92	31	7	210	20	78	241	9	305	250	290	43	296	34	251	156	82	3	85	26	302	65	
总里程	415
当前覆盖率	0.914014
284	86	115	199	212	92	31	7	210	20	78	241	9	305	250	290	43	296	34	251	156	107	3	85	26	302	65	
总里程	444
当前覆盖率	0.91367
284	86	115	199	212	92	31	7	210	20	76	241	9	305	250	290	43	296	34	251	156	107	3	85	26	302	65	
总里程	461
当前覆盖率	0.908271
284	86	115	199	212	92	31	7	210	20	76	241	9	305	250	290	43	296	34	268	156	107	3	85	26	302	65	
总里程	468
当前覆盖率	0.917047
284	86	115	199	222	92	31	7	210	20	76	241	9	305	250	290	43	296	34	268	156	107	3	85	26	302	65	
总里程	468
当前覆盖率	0.914119
284	86	115	199	222	92	31	7	210	20	76	241	9	305	250	290	43	296	34	268	156	107	4	85	26	302	65	
总里程	488
当前覆盖率	0.914603
284	86	115	199	222	68	31	7	210	20	76	241	9	305	250	290	43	296	34	268	156	107	4	85	26	302	65	
总里程	504
当前覆盖率	0.910996
284	86	115	181	222	68	31	7	210	20	76	241	9	305	250	290	43	296	34	268	156	107	4	85	26	302	65	
总里程	568
当前覆盖率	0.918952
284	86	115	181	222	68	13	7	210	20	76	241	9	305	250	290	43	296	34	268	156	107	4	85	26	302	65	
small rate back 
总里程	568
当前覆盖率	0.910996
284	86	115	181	222	68	13	7	210	20	76	241	9	305	250	290	43	296	34	268	156	107	4	85	26	302	65	
small rate back 
总里程	504
当前覆盖率	0.914603
284	86	115	181	222	68	31	7	210	20	76	241	9	305	250	290	43	296	34	268	156	107	4	85	26	302	65	
总里程	568
当前覆盖率	0.918952
284	86	115	181	222	68	13	7	210	20	76	241	9	305	250	290	43	296	34	268	156	107	4	85	26	302	65	
small rate back 
总里程	568
当前覆盖率	0.914603
284	86	115	181	222	68	13	7	210	20	76	241	9	305	250	290	43	296	34	268	156	107	4	85	26	302	65	
small rate back 
nomore back 	nomore back 	总里程	468
当前覆盖率	0.908271
284	86	115	199	222	92	31	7	210	20	76	241	9	305	250	290	43	296	34	268	156	107	3	85	26	302	65	
总里程	468
当前覆盖率	0.914138
284	86	115	199	222	92	31	7	210	20	76	241	9	305	250	290	43	296	34	268	156	107	4	85	26	302	65	
总里程	488
当前覆盖率	0.914623
284	86	115	199	222	68	31	7	210	20	76	241	9	305	250	290	43	296	34	268	156	107	4	85	26	302	65	
总里程	504
当前覆盖率	0.911015
284	86	115	181	222	68	31	7	210	20	76	241	9	305	250	290	43	296	34	268	156	107	4	85	26	302	65	
总里程	568
当前覆盖率	0.918972
284	86	115	181	222	68	13	7	210	20	76	241	9	305	250	290	43	296	34	268	156	107	4	85	26	302	65	
small rate back 
总里程	568
当前覆盖率	0.911015
284	86	115	181	222	68	13	7	210	20	76	241	9	305	250	290	43	296	34	268	156	107	4	85	26	302	65	
small rate back 
总里程	504
当前覆盖率	0.914623
284	86	115	181	222	68	31	7	210	20	76	241	9	305	250	290	43	296	34	268	156	107	4	85	26	302	65	
总里程	568
当前覆盖率	0.918972
284	86	115	181	222	68	13	7	210	20	76	241	9	305	250	290	43	296	34	268	156	107	4	85	26	302	65	
small rate back 
总里程	568
当前覆盖率	0.914623
284	86	115	181	222	68	13	7	210	20	76	241	9	305	250	290	43	296	34	268	156	107	4	85	26	302	65	
small rate back 
nomore back 	nomore back 	总里程	461
当前覆盖率	0.91367
284	86	115	199	212	92	31	7	210	20	76	241	9	305	250	290	43	296	34	268	156	107	3	85	26	302	65	
总里程	468
当前覆盖率	0.917047
284	86	115	199	222	92	31	7	210	20	76	241	9	305	250	290	43	296	34	268	156	107	3	85	26	302	65	
总里程	468
当前覆盖率	0.914119
284	86	115	199	222	92	31	7	210	20	76	241	9	305	250	290	43	296	34	268	156	107	4	85	26	302	65	
总里程	488
当前覆盖率	0.914603
284	86	115	199	222	68	31	7	210	20	76	241	9	305	250	290	43	296	34	268	156	107	4	85	26	302	65	
总里程	504
当前覆盖率	0.910996
284	86	115	181	222	68	31	7	210	20	76	241	9	305	250	290	43	296	34	268	156	107	4	85	26	302	65	
总里程	568
当前覆盖率	0.918952
284	86	115	181	222	68	13	7	210	20	76	241	9	305	250	290	43	296	34	268	156	107	4	85	26	302	65	
small rate back 
总里程	568
当前覆盖率	0.910996
284	86	115	181	222	68	13	7	210	20	76	241	9	305	250	290	43	296	34	268	156	107	4	85	26	302	65	
small rate back 
总里程	504
当前覆盖率	0.914603
284	86	115	181	222	68	31	7	210	20	76	241	9	305	250	290	43	296	34	268	156	107	4	85	26	302	65	
总里程	568
当前覆盖率	0.918952
284	86	115	181	222	68	13	7	210	20	76	241	9	305	250	290	43	296	34	268	156	107	4	85	26	302	65	
small rate back 
总里程	568
当前覆盖率	0.914603
284	86	115	181	222	68	13	7	210	20	76	241	9	305	250	290	43	296	34	268	156	107	4	85	26	302	65	
small rate back 
nomore back 	nomore back 	总里程	468
当前覆盖率	0.91367
284	86	115	199	222	92	31	7	210	20	76	241	9	305	250	290	43	296	34	268	156	107	3	85	26	302	65	
