遗传算法第1代
个体0
26
4	8	10	21	27	32	35	44	77	83	86	93	106	123	157	194	204	211	242	251	252	291	297	303	306	71277	
覆盖率-----0.973698
个体1
26
5	16	33	60	70	76	79	82	85	89	100	107	112	113	122	126	159	172	174	175	182	194	241	246	272	289	
覆盖率-----0.710996
个体2
26
10	16	17	66	102	107	122	126	127	132	135	149	154	156	160	197	212	216	219	221	222	248	256	272	288	302	
覆盖率-----0.674114
个体3
26
25	30	51	55	86	87	89	92	116	117	144	150	200	211	212	221	224	228	243	247	251	267	274	295	304	307	
覆盖率-----0.841402
个体4
26
2	7	24	26	46	49	70	78	93	107	109	118	128	129	140	152	166	168	186	197	206	214	229	238	242	282	
覆盖率-----0.760714
个体5
26
7	30	56	58	96	104	121	127	128	130	135	137	139	169	177	186	211	229	236	242	261	270	273	288	302	308	
覆盖率-----0.745195
个体6
26
3	11	15	17	18	33	64	78	96	116	123	135	141	149	160	169	190	208	236	238	247	252	262	280	290	304	
覆盖率-----0.784505
个体7
26
4	5	11	24	46	55	59	63	89	101	102	115	120	127	134	146	165	219	223	228	229	232	234	240	245	257	
覆盖率-----0.755459
个体8
26
10	22	66	85	96	97	109	118	123	132	136	157	162	165	168	173	241	243	245	252	260	263	280	285	294	297	
覆盖率-----0.756009
个体9
26
8	12	26	38	42	49	54	60	90	118	139	154	166	188	190	193	195	196	206	211	226	245	256	260	270	281	
覆盖率-----0.708626
个体10
26
3	31	36	83	88	92	100	101	114	122	126	130	132	133	135	146	149	182	185	201	231	240	246	264	267	297	
覆盖率-----0.724391
个体11
26
12	20	29	33	49	51	55	58	76	99	120	152	158	162	186	189	205	217	220	243	249	267	272	283	295	300	
覆盖率-----0.742458
个体12
26
9	14	39	43	55	58	61	68	72	87	90	117	149	164	166	171	177	219	242	251	257	277	283	291	292	297	
覆盖率-----0.780523
个体13
26
1	19	24	29	39	48	57	67	68	70	90	156	184	200	204	214	217	222	226	234	258	265	268	285	297	304	
覆盖率-----0.7629
个体14
26
11	14	35	48	53	57	61	81	125	126	129	142	144	145	189	194	201	202	203	205	252	255	259	270	296	307	
覆盖率-----0.708454
个体15
26
4	13	20	31	48	55	58	61	74	84	90	97	130	133	137	139	141	168	185	191	202	222	263	264	273	305	
覆盖率-----0.747811
个体16
26
1	17	18	35	44	47	49	71	81	86	94	95	107	110	168	198	204	221	223	224	231	259	268	285	296	306	
覆盖率-----0.765945
个体17
26
7	35	38	41	47	57	77	82	88	118	121	123	124	133	161	212	218	219	221	224	231	246	260	267	285	304	
覆盖率-----0.756825
个体18
26
3	10	15	17	32	49	64	72	87	116	125	135	138	162	164	176	185	194	201	210	232	242	244	252	253	299	
覆盖率-----0.750017
个体19
26
18	29	33	39	42	57	60	81	100	101	111	126	139	154	157	180	186	189	196	244	247	262	270	281	299	306	
覆盖率-----0.797412
个体20
26
15	26	40	50	55	61	62	74	79	90	115	125	126	154	163	195	198	208	241	245	273	274	283	286	293	308	
覆盖率-----0.766777
个体21
26
7	14	19	20	28	33	43	49	62	104	155	169	177	178	183	189	195	197	209	218	225	257	259	291	297	304	
覆盖率-----0.726823
个体22
26
5	10	13	24	39	46	55	70	71	85	99	102	106	110	123	136	163	172	207	215	220	240	242	254	295	297	
覆盖率-----0.783318
个体23
26
41	49	54	67	70	79	102	113	127	146	147	160	175	178	196	204	242	247	250	253	256	265	279	284	291	298	
覆盖率-----0.796205
个体24
26
3	15	48	54	56	75	78	84	88	98	108	109	123	130	137	149	173	195	203	205	238	248	264	287	293	295	
覆盖率-----0.769779
个体25
26
9	15	17	18	47	51	60	91	92	106	114	117	121	131	143	158	166	194	219	227	249	261	264	267	286	296	
覆盖率-----0.756962
个体26
26
2	13	42	47	50	58	74	78	80	97	98	115	127	130	144	154	173	182	210	218	242	270	276	287	289	299	
覆盖率-----0.757688
个体27
26
8	24	36	56	58	78	86	87	102	106	111	118	125	147	173	183	184	192	197	208	226	230	253	264	290	300	
覆盖率-----0.826036
个体28
26
10	13	44	52	74	81	85	93	99	101	106	131	143	168	171	190	198	209	226	243	252	259	273	275	284	301	
覆盖率-----0.763946
个体29
26
9	14	23	27	29	36	40	64	85	94	124	127	145	152	156	158	185	187	233	238	264	267	283	292	299	303	
覆盖率-----0.786066
个体30
26
4	11	19	26	48	53	75	94	103	104	109	110	111	113	134	164	171	224	232	245	248	292	295	298	300	306	
覆盖率-----0.751727
个体31
26
19	23	33	43	64	81	93	101	147	155	159	172	190	201	203	210	214	221	242	253	258	264	274	282	286	299	
覆盖率-----0.769568
个体32
26
2	4	10	20	43	77	88	99	111	121	136	140	153	184	196	199	214	247	249	259	263	266	273	281	301	307	
覆盖率-----0.815366
个体33
26
5	12	15	20	25	31	36	39	43	62	75	86	128	154	159	168	186	199	202	206	208	216	254	256	260	274	
覆盖率-----0.78634
个体34
26
6	12	13	24	58	71	105	109	121	135	142	152	184	203	213	223	228	241	251	255	279	283	293	297	298	301	
覆盖率-----0.74434
个体35
26
1	28	32	38	66	73	76	83	94	99	116	143	154	159	162	167	199	202	222	230	232	256	267	272	290	295	
覆盖率-----0.767796
个体36
26
1	9	87	89	93	94	108	113	119	131	141	153	176	181	183	190	211	229	237	245	252	276	280	281	291	305	
覆盖率-----0.746015
个体37
26
9	28	34	41	42	47	51	60	87	104	130	136	146	159	171	186	208	219	231	235	242	249	274	297	306	307	
覆盖率-----0.804029
个体38
26
10	24	35	52	53	66	73	81	82	85	95	102	107	111	126	169	172	183	188	191	225	228	259	261	265	282	
覆盖率-----0.79697
个体39
26
4	28	41	48	54	57	59	63	70	75	93	97	110	111	185	189	215	231	236	237	247	269	278	306	307	308	
覆盖率-----0.800258
个体40
26
11	23	30	40	51	70	81	83	89	94	114	122	141	156	163	170	172	177	210	235	239	248	254	270	293	303	
覆盖率-----0.83165
个体41
26
4	12	16	28	34	36	39	41	42	43	48	63	76	90	132	153	155	177	182	193	194	232	254	276	281	299	
覆盖率-----0.765929
个体42
26
2	4	5	6	7	15	18	22	35	49	61	62	72	113	115	126	163	180	232	235	236	265	270	280	292	296	
覆盖率-----0.839497
个体43
26
28	39	46	69	73	74	81	93	116	119	152	176	203	217	223	231	235	236	242	252	257	261	278	287	297	298	
覆盖率-----0.805431
个体44
26
16	26	55	57	83	92	96	111	116	119	133	135	141	146	160	195	199	200	201	204	211	215	261	276	286	290	
覆盖率-----0.768432
个体45
26
5	22	27	35	60	76	87	92	97	118	123	138	139	165	175	178	184	185	188	193	195	206	215	250	260	300	
覆盖率-----0.790943
个体46
26
5	10	14	19	28	49	54	101	105	111	112	127	157	164	166	196	197	205	210	222	236	254	257	295	300	304	
覆盖率-----0.773004
个体47
26
1	21	23	39	55	64	75	89	102	104	112	131	139	141	168	195	209	211	234	253	258	277	280	285	291	306	
覆盖率-----0.842663
个体48
26
4	8	10	14	22	27	32	35	44	83	86	93	106	123	179	202	212	242	251	252	271	291	297	303	306	71277	
覆盖率-----0.883367
个体49
26
4	8	10	27	32	35	44	83	86	93	106	123	157	191	194	204	211	226	242	251	252	291	297	304	306	71277	
覆盖率-----0.92865
遗传算法第2代
个体0
26
4	8	10	21	27	32	35	44	77	83	86	93	106	123	157	194	204	211	242	251	252	291	297	303	306	71277	
覆盖率-----0.973698
个体1
26
11	14	35	48	53	57	61	81	125	126	129	142	144	145	189	194	201	202	203	205	252	255	259	270	296	307	
覆盖率-----0.708454
个体2
26
8	12	26	38	42	49	54	60	90	118	139	154	166	188	190	193	195	196	206	211	226	245	256	260	270	281	
覆盖率-----0.708626
个体3
26
5	16	33	60	70	76	79	82	85	89	100	107	112	113	122	126	159	172	174	175	182	194	241	246	272	289	
覆盖率-----0.710996
个体4
26
3	31	36	55	83	88	90	92	100	101	114	122	135	146	149	156	182	184	185	201	231	240	246	264	267	297	
覆盖率-----0.715821
个体5
26
7	14	19	20	28	33	43	49	62	104	155	169	177	178	183	190	201	208	216	218	225	236	254	256	260	304	
覆盖率-----0.706779
个体6
26
12	20	29	33	38	49	51	55	58	76	99	110	120	152	185	189	205	217	220	243	249	267	272	283	295	300	
覆盖率-----0.709696
个体7
26
3	6	12	13	24	28	58	71	105	109	121	135	142	152	154	173	184	203	251	255	279	283	293	297	298	301	
覆盖率-----0.763778
个体8
26
7	30	56	58	96	104	121	127	128	130	135	137	139	141	156	168	212	236	242	250	261	270	273	288	302	308	
覆盖率-----0.756212
个体9
26
1	9	87	89	93	94	108	113	119	131	141	153	176	181	183	190	211	229	237	245	252	276	280	281	291	305	
覆盖率-----0.746015
个体10
26
4	13	20	31	48	55	58	61	74	84	90	150	160	185	191	197	200	202	211	212	229	232	254	276	281	305	
覆盖率-----0.718503
个体11
26
3	10	15	17	32	49	64	72	87	116	125	135	138	162	164	176	185	194	201	210	232	242	244	252	253	299	
覆盖率-----0.750017
个体12
26
4	11	33	39	42	57	75	94	103	104	109	110	111	113	134	164	171	224	232	245	248	292	295	298	300	306	
覆盖率-----0.760058
个体13
26
4	5	11	24	46	55	61	62	63	72	89	143	146	152	159	165	171	219	223	228	229	232	234	240	245	257	
覆盖率-----0.704921
个体14
26
10	22	66	85	96	97	109	118	123	132	136	157	162	165	223	228	241	245	251	252	260	263	280	285	294	297	
覆盖率-----0.79072
个体15
26
7	12	21	35	38	41	47	57	77	88	118	121	123	124	133	161	212	218	219	221	224	231	246	267	285	304	
覆盖率-----0.752812
个体16
26
9	15	17	18	47	51	60	91	92	106	114	117	121	131	143	158	166	194	219	227	249	265	279	284	291	296	
覆盖率-----0.781186
个体17
26
1	2	11	13	42	47	58	74	78	80	97	98	143	154	159	168	173	210	218	241	242	243	277	283	291	292	
覆盖率-----0.801128
个体18
26
2	7	24	26	46	49	70	78	93	107	109	118	128	129	140	152	166	168	186	197	206	214	229	238	242	282	
覆盖率-----0.760714
个体19
26
1	19	24	29	39	48	57	67	68	70	126	130	132	133	160	204	211	222	226	234	258	265	268	285	297	304	
覆盖率-----0.796514
个体20
26
10	13	44	52	74	81	85	93	99	101	106	131	143	168	171	190	198	209	226	243	252	259	273	275	284	301	
覆盖率-----0.763946
个体21
26
4	12	16	28	34	36	39	41	42	43	48	63	76	90	132	153	155	177	182	193	194	222	263	264	273	299	
覆盖率-----0.761893
个体22
26
1	17	18	35	60	71	76	81	86	87	94	95	107	110	168	198	204	221	223	224	231	259	268	285	296	306	
覆盖率-----0.788542
个体23
26
15	26	40	50	55	61	62	74	79	90	115	125	126	154	163	170	172	177	241	245	273	274	283	286	293	308	
覆盖率-----0.755271
个体24
26
1	5	28	32	38	66	73	76	83	94	99	115	116	127	163	202	217	223	231	232	248	256	267	272	290	295	
覆盖率-----0.783947
个体25
26
16	26	55	57	83	92	96	111	116	119	133	135	141	146	160	195	199	200	201	238	247	252	262	276	286	290	
覆盖率-----0.744606
个体26
26
19	23	33	43	64	81	93	101	147	155	159	162	172	184	186	189	214	221	242	253	258	264	274	282	286	299	
覆盖率-----0.775073
个体27
26
3	15	17	54	56	78	84	88	98	108	109	123	130	137	149	173	195	203	205	238	248	264	287	293	295	299	
覆盖率-----0.787601
个体28
26
5	10	14	19	28	49	54	101	105	111	112	127	157	164	166	196	197	205	210	222	236	254	257	295	300	304	
覆盖率-----0.773004
个体29
26
9	14	39	43	55	58	61	68	72	87	90	117	149	164	166	171	177	219	242	251	257	270	276	287	289	297	
覆盖率-----0.728853
个体30
26
5	10	11	13	24	39	46	55	70	71	99	102	106	110	123	136	163	172	207	215	220	240	242	254	273	297	
覆盖率-----0.761416
个体31
26
3	11	15	17	18	33	64	78	96	116	120	123	157	189	191	194	195	197	204	209	211	262	270	281	299	304	
覆盖率-----0.782432
个体32
26
9	14	23	27	29	36	40	64	85	94	124	127	145	152	156	158	185	187	233	238	264	267	283	292	299	303	
覆盖率-----0.786066
个体33
26
5	12	15	20	25	31	36	39	43	85	95	102	107	154	159	168	186	199	202	206	208	257	259	274	291	297	
覆盖率-----0.840618
个体34
26
5	22	27	35	44	47	49	66	92	116	119	139	152	165	176	178	184	189	196	206	215	244	247	250	260	300	
覆盖率-----0.822721
个体35
26
41	46	49	54	67	70	79	102	113	127	146	147	160	175	178	196	204	242	243	247	251	258	264	267	286	298	
覆盖率-----0.799379
个体36
26
10	24	35	36	52	53	62	66	75	81	82	86	111	126	128	169	172	183	188	191	225	228	259	261	265	282	
覆盖率-----0.808659
个体37
26
19	29	48	53	60	81	100	101	106	111	116	126	137	139	154	157	180	186	188	193	195	215	261	280	297	306	
覆盖率-----0.77314
个体38
26
4	10	14	22	27	28	59	63	70	75	93	97	190	201	203	210	215	231	236	237	247	269	278	306	307	308	
覆盖率-----0.804431
个体39
26
9	28	34	41	42	47	51	60	87	104	115	120	127	130	134	186	208	219	231	235	242	249	274	297	306	307	
覆盖率-----0.787394
个体40
26
28	39	46	69	73	74	81	93	97	118	123	130	138	167	180	203	213	232	235	257	261	273	278	287	297	298	
覆盖率-----0.836101
个体41
26
2	4	10	20	21	41	43	77	88	111	121	136	140	153	184	196	199	214	247	249	259	263	266	281	301	307	
覆盖率-----0.828347
个体42
26
8	24	36	56	58	78	86	87	102	106	111	118	125	147	173	183	184	192	197	208	226	230	253	264	290	300	
覆盖率-----0.826036
个体43
26
11	23	30	40	51	70	81	83	89	94	114	122	141	156	163	195	198	208	210	235	239	248	254	270	293	303	
覆盖率-----0.830139
个体44
26
2	4	5	6	7	15	18	22	35	45	101	102	113	115	126	136	146	235	236	242	252	265	270	280	292	296	
覆盖率-----0.780242
个体45
26
25	30	51	55	86	87	89	92	97	116	117	130	133	137	144	221	224	228	250	253	256	261	274	295	304	307	
覆盖率-----0.823854
个体46
26
1	21	23	39	55	64	75	89	102	104	112	131	139	141	168	195	209	211	234	253	258	277	280	285	291	306	
覆盖率-----0.842663
个体47
26
4	8	32	35	41	48	54	57	83	86	93	106	123	179	193	202	212	242	251	252	271	291	297	303	306	71277	
覆盖率-----0.913623
个体48
26
4	8	10	27	32	35	44	83	86	93	106	135	141	200	204	214	217	226	242	251	252	291	297	304	306	71277	
覆盖率-----0.874887
个体49
26
4	5	8	10	27	32	35	44	83	86	93	106	123	157	194	204	211	216	242	251	252	291	297	303	306	71277	
覆盖率-----0.943645
遗传算法第3代
个体0
26
4	8	10	21	27	32	35	44	77	83	86	93	106	123	157	194	204	211	242	251	252	291	297	303	306	71277	
覆盖率-----0.973698
个体1
26
7	14	19	20	28	33	43	49	62	104	155	169	177	178	183	190	201	208	216	218	225	236	254	256	260	304	
覆盖率-----0.706779
个体2
26
11	14	35	48	53	57	61	81	125	126	129	142	144	145	189	194	201	202	203	205	252	255	259	270	296	307	
覆盖率-----0.708454
个体3
26
8	12	26	38	42	49	54	60	90	118	139	154	166	188	190	193	195	196	197	206	258	270	277	280	281	285	
覆盖率-----0.744235
个体4
26
12	20	29	33	38	49	51	55	58	76	99	110	120	152	185	189	205	217	220	243	249	267	272	283	295	300	
覆盖率-----0.709696
个体5
26
5	16	33	60	70	76	79	82	85	89	100	147	160	175	178	182	194	204	211	222	226	241	246	272	289	295	
覆盖率-----0.760464
个体6
26
3	21	35	36	52	53	90	92	100	101	114	119	122	135	146	149	156	211	231	240	242	246	251	264	267	297	
覆盖率-----0.843983
个体7
26
4	13	20	31	48	55	58	61	74	84	90	150	160	185	191	197	200	202	211	212	229	232	254	276	281	305	
覆盖率-----0.718503
个体8
26
9	14	39	43	44	55	58	61	68	72	85	87	90	117	132	157	168	177	219	242	253	264	274	287	289	297	
覆盖率-----0.831408
个体9
26
3	16	26	55	57	83	92	96	111	116	119	133	135	137	141	144	200	201	211	221	226	245	256	276	286	290	
覆盖率-----0.797603
个体10
26
1	9	87	89	93	101	105	108	116	119	140	153	176	181	183	190	211	229	237	245	252	276	280	281	291	305	
覆盖率-----0.724933
个体11
26
3	10	15	17	32	49	64	72	87	116	125	135	138	162	164	176	185	194	201	210	232	242	244	252	253	299	
覆盖率-----0.750017
个体12
26
7	12	21	35	38	41	47	57	77	88	118	121	123	147	173	183	204	218	219	221	224	231	246	267	285	304	
覆盖率-----0.753737
个体13
26
2	15	40	50	60	70	79	81	90	100	101	115	125	154	163	170	217	223	231	232	273	274	283	286	293	308	
覆盖率-----0.736399
个体14
26
7	30	56	58	63	76	96	104	121	127	128	130	135	154	159	168	186	236	242	250	261	270	273	288	302	308	
覆盖率-----0.758851
个体15
26
4	11	33	39	42	57	75	94	103	104	109	110	111	113	134	164	171	224	232	245	248	292	295	298	300	306	
覆盖率-----0.760058
个体16
26
2	7	24	26	46	49	70	78	93	107	109	112	118	128	129	140	152	166	168	186	238	242	247	252	262	282	
覆盖率-----0.776748
个体17
26
5	10	11	13	24	39	46	55	70	71	99	102	106	110	123	136	172	183	188	191	195	215	261	273	280	297	
覆盖率-----0.816979
个体18
26
4	12	16	28	34	36	39	41	42	43	48	137	139	141	153	155	156	177	182	193	194	222	263	264	273	299	
覆盖率-----0.776701
个体19
26
3	6	12	13	24	28	58	71	81	82	105	111	152	154	173	184	187	203	251	255	279	283	293	297	298	301	
覆盖率-----0.820578
个体20
26
10	13	44	52	74	81	85	93	99	101	106	131	143	168	171	190	198	209	226	243	252	259	273	275	284	301	
覆盖率-----0.763946
个体21
26
5	10	14	19	25	28	47	49	66	90	92	95	102	107	111	166	180	186	188	222	236	254	257	295	300	304	
覆盖率-----0.801698
个体22
26
19	29	48	55	61	62	74	106	111	116	123	157	181	193	194	196	197	205	210	220	240	242	244	254	297	306	
覆盖率-----0.76484
个体23
26
11	19	23	33	43	64	81	93	101	147	159	162	172	184	186	189	214	221	242	251	257	270	276	282	286	299	
覆盖率-----0.820199
个体24
26
2	4	5	6	7	15	18	22	35	45	101	102	113	115	126	136	146	235	236	242	252	265	270	280	292	296	
覆盖率-----0.780242
个体25
26
9	15	17	18	47	51	60	91	92	106	114	117	121	131	143	158	166	194	219	227	249	265	279	284	291	296	
覆盖率-----0.781186
个体26
26
4	11	15	18	28	33	44	64	78	96	116	120	123	157	189	191	194	195	197	204	209	211	262	281	299	304	
覆盖率-----0.775147
个体27
26
1	5	28	32	38	66	73	76	83	94	99	115	116	153	177	184	196	199	241	245	248	256	267	272	290	295	
覆盖率-----0.78623
个体28
26
9	14	23	27	29	36	40	64	85	94	124	127	145	152	156	158	185	187	233	238	264	267	283	292	299	303	
覆盖率-----0.786066
个体29
26
9	28	34	41	42	47	51	60	87	104	115	120	127	130	134	186	208	219	231	235	242	249	274	297	306	307	
覆盖率-----0.787394
个体30
26
3	5	15	17	29	54	56	78	84	98	108	109	123	130	137	149	173	195	203	205	238	248	264	287	293	295	
覆盖率-----0.772867
个体31
26
1	17	18	35	60	71	76	81	86	87	94	95	107	110	168	198	204	221	223	224	231	259	268	285	296	306	
覆盖率-----0.788542
个体32
26
10	22	66	85	96	97	111	118	121	123	136	140	142	165	223	228	241	245	251	252	260	263	280	285	294	297	
覆盖率-----0.780792
个体33
26
1	11	19	24	29	39	48	57	67	68	70	126	130	132	133	160	170	172	174	234	258	265	268	285	297	304	
覆盖率-----0.778614
个体34
26
14	18	41	46	49	54	67	70	79	102	107	112	113	122	127	146	184	192	196	197	251	258	264	267	286	298	
覆盖率-----0.83074
个体35
26
1	2	11	13	42	47	58	74	86	93	106	135	143	154	159	168	173	210	218	241	242	243	277	283	291	292	
覆盖率-----0.77077
个体36
26
4	10	14	22	27	28	59	63	70	75	93	97	190	201	203	210	215	231	236	237	247	269	278	306	307	308	
覆盖率-----0.804431
个体37
26
10	24	36	55	62	66	75	83	86	88	93	106	123	126	128	163	169	172	207	215	225	228	259	261	265	282	
覆盖率-----0.775018
个体38
26
5	22	27	35	44	49	54	113	119	131	139	141	152	165	176	178	184	189	196	206	215	244	247	250	260	300	
覆盖率-----0.804064
个体39
26
10	25	27	30	32	35	51	92	97	116	117	130	133	146	160	195	199	228	250	253	256	261	274	295	304	307	
覆盖率-----0.852599
个体40
26
2	8	24	36	58	78	81	93	97	111	118	124	125	133	161	212	217	226	230	242	243	247	253	264	297	300	
覆盖率-----0.811072
个体41
26
2	4	10	20	21	31	41	43	77	88	127	132	136	157	163	172	202	214	247	249	259	263	266	281	301	307	
覆盖率-----0.847555
个体42
26
11	23	30	40	51	70	81	83	89	94	114	122	141	156	163	195	198	208	210	235	239	248	254	270	293	303	
覆盖率-----0.830139
个体43
26
28	39	46	69	73	74	86	87	102	106	123	130	138	167	180	203	213	232	235	257	261	273	278	287	297	298	
覆盖率-----0.833411
个体44
26
5	12	15	20	25	31	36	39	43	85	112	127	149	164	166	171	199	202	206	208	212	257	259	274	291	297	
覆盖率-----0.763755
个体45
26
1	21	23	39	55	64	75	89	102	104	112	131	139	141	168	195	206	209	211	214	229	234	253	260	291	306	
覆盖率-----0.803701
个体46
26
4	8	10	27	32	35	44	78	80	83	97	98	141	200	204	214	217	226	242	251	252	291	297	304	306	71277	
覆盖率-----0.894833
个体47
26
4	8	32	35	41	48	54	57	83	109	121	135	142	179	193	202	212	242	251	252	271	291	297	303	306	71277	
覆盖率-----0.89969
个体48
26
4	5	8	44	55	74	83	86	87	89	108	126	137	139	154	182	184	185	201	204	252	291	297	303	306	71277	
覆盖率-----0.757758
个体49
26
4	8	10	27	32	35	44	83	86	93	100	106	123	157	194	204	211	242	246	251	252	291	297	303	306	71277	
覆盖率-----0.943762
遗传算法第4代
个体0
26
4	8	10	21	27	32	35	44	77	83	86	93	106	123	157	194	204	211	242	251	252	291	297	303	306	71277	
覆盖率-----0.973698
个体1
26
11	14	35	48	53	57	61	81	125	126	129	142	144	145	189	194	201	202	203	205	252	255	259	270	296	307	
覆盖率-----0.708454
个体2
26
12	20	29	36	39	42	43	44	55	99	110	120	152	175	185	189	205	217	220	243	249	267	272	283	295	300	
覆盖率-----0.747335
个体3
26
4	13	20	31	48	55	58	61	74	84	90	150	160	185	191	197	200	202	211	212	229	232	254	276	281	305	
覆盖率-----0.718503
个体4
26
1	9	87	89	93	101	105	108	116	119	140	153	176	181	183	190	211	229	237	245	252	276	280	281	291	305	
覆盖率-----0.724933
个体5
26
2	8	24	33	36	43	81	90	100	101	141	152	165	170	176	203	217	223	231	232	273	274	283	286	293	308	
覆盖率-----0.725827
个体6
26
8	12	26	38	42	49	54	60	90	115	118	139	154	166	188	190	193	195	196	197	255	279	280	283	285	293	
覆盖率-----0.754276
个体7
26
3	10	15	17	32	49	64	72	87	116	125	135	138	162	164	176	185	194	201	210	232	242	244	252	253	299	
覆盖率-----0.750017
个体8
26
7	12	21	35	38	41	47	57	77	88	118	121	123	147	173	183	204	218	219	221	224	231	246	267	285	304	
覆盖率-----0.753737
个体9
26
4	5	8	44	55	74	83	86	87	121	123	133	136	140	161	185	201	204	212	217	243	252	277	295	300	71277	
覆盖率-----0.720885
个体10
26
7	30	56	58	63	76	96	104	121	127	128	130	135	154	159	168	186	236	242	250	261	270	273	288	302	308	
覆盖率-----0.758851
个体11
26
4	11	32	33	35	39	44	78	89	108	121	126	134	137	151	164	171	224	232	245	248	292	295	298	300	306	
覆盖率-----0.779598
个体12
26
5	8	10	27	32	76	79	82	85	89	100	147	160	175	178	182	187	203	206	226	241	246	251	272	289	295	
覆盖率-----0.797365
个体13
26
5	12	15	20	25	31	48	55	58	76	77	137	149	164	166	171	199	202	206	208	212	257	259	274	291	297	
覆盖率-----0.760956
个体14
26
10	13	44	52	74	81	85	93	99	101	106	131	143	168	171	190	198	209	226	243	252	259	273	275	284	301	
覆盖率-----0.763946
个体15
26
19	29	48	55	61	62	74	106	111	116	123	157	173	181	193	194	195	196	203	205	240	242	244	254	297	306	
覆盖率-----0.768241
个体16
26
7	14	19	42	47	50	58	74	86	93	106	135	143	154	159	168	173	210	218	222	236	254	257	283	291	292	
覆盖率-----0.773714
个体17
26
3	5	15	17	29	54	56	78	84	98	114	117	137	142	149	165	197	205	210	220	238	248	264	287	293	295	
覆盖率-----0.69652
个体18
26
10	24	36	55	62	66	75	83	86	88	93	106	123	126	128	163	169	172	207	215	225	228	259	261	265	282	
覆盖率-----0.775018
个体19
26
4	11	15	18	28	33	44	64	78	96	116	120	123	157	189	191	194	195	197	204	209	211	262	281	299	304	
覆盖率-----0.775147
个体20
26
4	12	16	28	34	36	39	41	86	93	100	106	115	139	157	177	182	193	194	204	211	222	263	264	273	299	
覆盖率-----0.822565
个体21
26
2	7	24	26	44	49	54	93	107	109	112	113	142	152	166	168	179	186	193	202	238	242	247	252	262	282	
覆盖率-----0.792348
个体22
26
1	11	19	24	29	39	48	57	67	68	70	126	130	132	133	160	170	172	236	237	247	268	269	285	297	304	
覆盖率-----0.821507
个体23
26
2	4	5	6	7	15	18	22	35	45	101	102	113	115	126	136	146	197	222	242	246	251	252	264	267	296	
覆盖率-----0.780195
个体24
26
10	22	66	85	96	97	103	104	108	111	118	123	130	139	223	228	241	245	251	252	260	263	280	285	294	297	
覆盖率-----0.785821
个体25
26
9	15	17	18	47	51	60	91	92	106	109	110	111	113	143	158	166	194	219	227	249	265	279	284	291	296	
覆盖率-----0.769533
个体26
26
9	14	23	27	29	36	40	64	85	94	124	127	145	152	156	158	185	187	233	238	264	267	283	292	299	303	
覆盖率-----0.786066
个体27
26
1	5	28	32	38	66	73	76	83	94	99	115	116	153	177	184	196	199	241	245	248	256	267	272	290	295	
覆盖率-----0.78623
个体28
26
9	28	34	41	42	47	51	60	87	104	115	120	127	130	134	186	208	219	231	235	242	249	274	297	306	307	
覆盖率-----0.787394
个体29
26
1	17	18	35	60	71	76	81	86	87	94	95	107	110	168	198	204	221	223	224	231	259	268	285	296	306	
覆盖率-----0.788542
个体30
26
3	16	26	55	57	83	92	96	111	116	119	133	135	137	141	144	200	201	211	221	226	245	256	276	286	290	
覆盖率-----0.797603
个体31
26
5	10	14	16	19	25	28	47	49	66	90	92	95	102	107	111	166	180	186	188	241	242	291	297	304	306	
覆盖率-----0.795616
个体32
26
1	21	23	39	55	64	75	89	102	104	112	131	139	141	168	195	206	209	211	214	229	234	253	260	291	306	
覆盖率-----0.803701
个体33
26
5	22	27	35	46	49	70	78	115	125	131	139	154	163	178	184	189	196	199	206	215	244	247	250	260	300	
覆盖率-----0.846934
个体34
26
2	15	20	28	40	59	63	70	75	93	97	174	190	201	203	210	215	231	234	247	258	265	278	306	307	308	
覆盖率-----0.788343
个体35
26
4	10	14	22	58	78	81	93	97	111	118	124	125	139	154	182	184	226	230	242	243	247	253	264	297	300	
覆盖率-----0.846528
个体36
26
5	10	11	13	24	39	46	55	70	71	99	118	128	129	136	172	183	188	191	195	215	261	273	278	280	297	
覆盖率-----0.806699
个体37
26
11	19	23	33	43	64	81	93	101	147	159	162	172	184	186	189	214	221	242	251	257	270	276	282	286	299	
覆盖率-----0.820199
个体38
26
3	6	12	13	24	35	51	82	92	97	105	111	152	154	173	184	194	204	211	222	258	270	277	297	298	301	
覆盖率-----0.784247
个体39
26
11	23	30	40	51	70	81	83	89	94	114	122	141	156	163	195	198	208	210	235	239	248	254	270	293	303	
覆盖率-----0.830139
个体40
26
14	18	41	46	49	54	67	70	79	102	107	112	113	122	127	146	184	242	251	252	258	264	267	271	286	298	
覆盖率-----0.831755
个体41
26
8	9	14	28	33	39	44	49	51	61	68	72	85	87	90	132	157	168	177	219	242	264	274	287	289	297	
覆盖率-----0.796572
个体42
26
28	39	46	69	73	74	86	87	102	106	123	130	138	167	180	203	213	232	235	257	261	273	278	287	297	298	
覆盖率-----0.833411
个体43
26
3	21	35	36	52	53	90	92	100	101	114	119	122	135	146	149	156	211	231	240	242	265	270	280	292	297	
覆盖率-----0.839505
个体44
26
2	4	10	20	21	31	41	43	77	88	127	132	136	157	163	172	202	214	247	249	259	263	266	281	301	307	
覆盖率-----0.847555
个体45
26
10	25	27	28	30	32	58	71	81	116	117	130	133	146	160	195	199	228	250	253	256	261	274	295	304	307	
覆盖率-----0.854801
个体46
26
4	8	10	27	42	57	75	80	83	94	97	98	141	200	204	214	217	226	242	251	252	291	297	304	306	71277	
覆盖率-----0.825872
个体47
26
4	8	32	35	41	48	54	57	83	102	106	109	110	121	123	140	192	196	197	212	251	291	297	303	306	71277	
覆盖率-----0.884725
个体48
26
4	16	33	35	43	44	60	70	83	85	112	123	127	141	153	155	156	235	236	242	252	291	297	303	306	71277	
覆盖率-----0.813426
个体49
26
4	8	10	27	32	35	80	83	89	93	106	123	157	194	204	211	242	243	251	252	283	291	297	303	306	71277	
覆盖率-----0.906838
遗传算法第5代
个体0
26
4	8	10	21	27	32	35	44	77	83	86	93	106	123	157	194	204	211	242	251	252	291	297	303	306	71277	
覆盖率-----0.973698
个体1
26
1	11	14	35	39	48	53	78	89	126	129	166	174	190	194	201	202	203	205	252	255	259	270	296	302	307	
覆盖率-----0.775049
个体2
26
4	13	20	31	48	55	58	61	74	84	90	139	150	160	202	223	226	228	241	243	246	252	259	276	281	305	
覆盖率-----0.720916
个体3
26
4	12	15	20	33	74	83	86	87	121	123	133	136	140	161	185	201	204	212	217	243	252	277	295	300	71277	
覆盖率-----0.760608
个体4
26
1	9	58	74	86	87	89	93	101	127	140	153	176	181	183	190	211	229	237	245	252	276	280	281	291	305	
覆盖率-----0.707673
个体5
26
2	8	24	33	36	43	81	90	100	101	141	152	165	170	176	203	217	223	231	232	273	274	283	286	293	308	
覆盖率-----0.725827
个体6
26
17	18	20	43	44	47	51	55	99	110	120	137	152	175	193	194	195	196	220	243	249	267	272	283	295	300	
覆盖率-----0.784774
个体7
26
3	10	15	17	32	49	64	72	87	116	125	135	138	162	164	176	185	194	201	210	232	242	244	252	253	299	
覆盖率-----0.750017
个体8
26
7	12	21	35	38	41	47	57	77	88	118	121	123	147	173	183	204	218	219	221	224	231	246	267	285	304	
覆盖率-----0.753737
个体9
26
8	12	26	38	42	49	54	60	106	109	110	111	166	188	190	193	195	196	197	255	279	280	283	285	293	296	
覆盖率-----0.785368
个体10
26
7	11	13	24	30	50	105	108	116	119	128	130	135	154	159	168	186	236	242	250	261	270	273	288	302	308	
覆盖率-----0.807258
个体11
26
5	8	39	44	55	58	76	84	115	137	149	155	164	166	171	197	199	202	206	208	212	257	259	274	291	297	
覆盖率-----0.766281
个体12
26
10	13	44	52	74	81	85	93	99	101	106	131	143	168	171	190	198	209	211	212	229	232	273	275	284	301	
覆盖率-----0.751972
个体13
26
19	29	48	50	55	61	62	74	81	106	111	116	123	157	173	181	185	203	205	217	240	242	244	254	297	306	
覆盖率-----0.775904
个体14
26
9	15	29	36	39	42	60	91	92	115	118	123	126	128	139	163	166	194	219	227	249	265	279	284	291	296	
覆盖率-----0.820766
个体15
26
7	14	19	38	66	73	76	93	106	121	135	143	154	159	168	173	187	210	218	222	236	254	257	283	291	292	
覆盖率-----0.710406
个体16
26
10	17	24	36	55	62	66	75	83	86	88	93	113	143	154	158	169	172	207	215	225	228	259	261	265	282	
覆盖率-----0.790544
个体17
26
4	11	15	18	42	47	51	60	78	96	116	120	123	157	189	191	194	195	197	204	209	211	262	281	299	304	
覆盖率-----0.758563
个体18
26
4	11	32	33	35	57	61	81	108	121	125	126	134	137	151	164	171	224	232	245	248	292	295	298	300	306	
覆盖率-----0.765805
个体19
26
2	4	5	6	7	15	18	22	35	45	101	102	113	115	126	136	146	197	222	242	246	251	252	264	267	296	
覆盖率-----0.780195
个体20
26
3	6	12	27	29	36	40	82	92	97	105	111	152	154	173	184	194	204	211	222	258	270	277	297	298	301	
覆盖率-----0.765527
个体21
26
10	22	66	81	83	85	89	96	97	118	123	130	145	185	191	197	200	245	251	252	260	270	280	285	294	297	
覆盖率-----0.810576
个体22
26
9	13	24	35	51	64	85	90	94	100	124	127	145	152	156	158	185	187	233	238	264	267	283	292	299	303	
覆盖率-----0.790353
个体23
26
1	5	28	32	39	47	83	96	104	115	120	127	130	137	177	184	196	199	206	215	222	256	267	272	290	295	
覆盖率-----0.818942
个体24
26
9	28	33	34	41	44	64	87	99	104	115	116	134	153	186	208	219	231	235	242	249	265	274	297	306	307	
覆盖率-----0.763591
个体25
26
2	15	20	28	40	59	63	70	75	93	97	142	144	145	189	210	215	231	234	247	258	265	278	306	307	308	
覆盖率-----0.800921
个体26
26
1	17	18	35	46	55	60	70	76	87	94	95	107	110	168	198	204	221	223	224	231	259	268	285	296	306	
覆盖率-----0.771095
个体27
26
2	7	24	26	44	49	54	85	93	107	112	123	127	152	166	168	179	186	193	202	238	242	247	252	262	282	
覆盖率-----0.78388
个体28
26
0	5	14	16	19	25	28	29	47	49	71	99	102	107	111	118	128	166	180	186	188	241	242	291	297	304	
覆盖率-----0.748619
个体29
26
8	9	14	25	28	31	48	51	55	61	114	117	137	142	177	186	189	214	219	221	242	264	274	287	289	297	
覆盖率-----0.73766
个体30
26
5	8	10	27	32	76	79	82	85	89	100	147	160	175	178	182	187	203	206	226	241	246	251	272	289	295	
覆盖率-----0.797365
个体31
26
3	16	26	55	57	83	92	96	111	116	119	133	135	137	141	144	200	201	211	221	226	245	256	276	286	290	
覆盖率-----0.797603
个体32
26
1	21	23	39	55	64	75	89	102	104	112	131	139	141	168	195	206	209	211	214	229	234	253	260	291	306	
覆盖率-----0.803701
个体33
26
5	10	56	58	63	64	66	71	76	81	90	92	95	129	136	172	183	188	191	195	215	261	273	278	280	297	
覆盖率-----0.758094
个体34
26
4	16	33	35	43	44	60	70	83	109	112	113	135	142	153	155	156	235	236	242	252	291	297	303	306	71277	
覆盖率-----0.832837
个体35
26
10	11	19	23	29	33	43	64	80	83	89	90	93	132	157	159	162	168	172	184	242	257	270	276	282	286	
覆盖率-----0.821254
个体36
26
1	11	19	49	57	67	68	69	70	73	125	126	130	132	133	160	170	172	236	237	247	268	269	285	297	304	
覆盖率-----0.765929
个体37
26
4	12	16	28	29	54	56	78	86	93	100	106	115	139	157	177	182	193	194	204	211	222	263	264	273	299	
覆盖率-----0.769111
个体38
26
4	8	10	27	42	57	75	80	83	94	97	98	141	200	204	214	217	226	242	251	252	291	297	304	306	71277	
覆盖率-----0.825872
个体39
26
11	23	30	40	51	70	103	104	108	111	114	122	141	156	163	195	198	208	210	235	239	248	254	270	293	303	
覆盖率-----0.813902
个体40
26
14	18	41	46	49	54	67	70	79	102	107	112	113	122	127	146	184	242	251	252	258	264	267	271	286	298	
覆盖率-----0.831755
个体41
26
5	15	28	29	46	74	86	87	102	106	123	130	138	167	180	203	213	232	235	257	261	273	278	287	297	298	
覆盖率-----0.848316
个体42
26
3	21	35	36	52	53	90	92	100	101	114	119	122	135	146	149	156	211	231	240	242	265	270	280	292	297	
覆盖率-----0.839505
个体43
26
4	10	14	22	58	78	81	93	97	111	118	124	125	139	154	182	184	226	230	242	243	247	253	264	297	300	
覆盖率-----0.846528
个体44
26
5	24	29	39	41	46	73	115	125	131	139	154	163	178	184	185	189	199	241	245	247	248	250	260	267	300	
覆盖率-----0.774799
个体45
26
2	4	10	20	21	31	41	43	77	88	127	132	136	157	163	172	202	214	247	249	259	263	266	281	301	307	
覆盖率-----0.847555
个体46
26
10	25	27	28	30	32	58	71	81	116	117	130	133	146	160	195	199	228	250	253	256	261	274	295	304	307	
覆盖率-----0.854801
个体47
26
4	7	8	32	35	41	43	54	57	83	102	106	109	110	121	123	140	192	196	197	212	251	291	297	303	71277	
覆盖率-----0.855254
个体48
26
4	8	10	27	32	35	81	93	101	106	123	147	157	194	204	211	242	243	251	252	283	291	297	303	306	71277	
覆盖率-----0.914927
个体49
26
4	8	10	27	32	33	35	44	83	86	93	102	106	123	157	194	204	211	242	251	252	291	297	303	306	71277	
覆盖率-----0.944586
遗传算法第6代
个体0
26
4	8	10	21	27	32	35	44	77	83	86	93	106	123	157	194	204	211	242	251	252	291	297	303	306	71277	
覆盖率-----0.973698
个体1
26
7	14	19	38	66	73	76	93	106	121	135	143	154	159	168	173	187	210	218	222	236	254	257	283	291	292	
覆盖率-----0.710406
个体2
26
4	13	20	31	48	55	58	61	74	84	102	106	138	166	180	186	188	190	223	226	249	252	259	276	281	305	
覆盖率-----0.747557
个体3
26
2	13	24	35	43	51	81	90	100	101	141	152	156	165	170	176	203	235	236	242	273	274	283	286	293	308	
覆盖率-----0.788729
个体4
26
8	9	14	25	28	31	48	51	55	61	114	117	137	142	177	186	189	214	219	222	258	270	277	287	289	297	
覆盖率-----0.715642
个体5
26
3	19	21	25	35	36	53	71	78	80	83	99	102	107	153	155	217	223	241	242	243	257	270	276	297	304	
覆盖率-----0.890133
个体6
26
3	10	15	17	32	49	64	72	87	109	110	116	121	123	125	135	185	194	201	210	232	242	244	252	253	299	
覆盖率-----0.791954
个体7
26
10	13	44	52	74	81	85	93	99	101	106	131	143	168	171	190	198	209	211	212	229	232	273	275	284	301	
覆盖率-----0.751972
个体8
26
7	12	21	35	38	41	47	57	77	88	118	121	123	147	173	183	204	218	219	221	224	231	246	267	285	304	
覆盖率-----0.753737
个体9
26
5	10	56	58	63	64	66	71	76	81	90	92	95	129	136	172	183	188	191	195	215	261	273	278	280	297	
覆盖率-----0.758094
个体10
26
4	11	15	18	42	47	51	60	78	96	116	120	123	157	189	191	194	195	197	204	209	211	262	281	299	304	
覆盖率-----0.758563
个体11
26
4	12	15	20	33	74	83	86	87	121	123	133	136	140	161	185	201	204	212	217	243	252	277	295	300	71277	
覆盖率-----0.760608
个体12
26
9	28	33	34	41	44	64	87	99	104	115	116	134	153	186	208	219	242	251	252	258	265	274	297	306	307	
覆盖率-----0.771485
个体13
26
3	6	12	27	29	36	40	82	92	97	105	111	115	139	157	177	194	204	211	221	260	270	280	285	298	301	
覆盖率-----0.788772
个体14
26
4	11	32	33	35	57	61	81	93	102	106	108	121	123	151	164	171	224	232	245	248	292	295	298	300	306	
覆盖率-----0.835285
个体15
26
1	11	29	36	39	42	68	69	70	73	125	126	130	132	133	160	170	172	197	255	269	279	280	285	297	304	
覆盖率-----0.745285
个体16
26
5	8	39	44	55	58	76	84	115	137	149	155	164	166	171	197	199	202	206	208	212	257	259	274	291	297	
覆盖率-----0.766281
个体17
26
4	12	16	28	29	54	56	78	86	93	100	106	144	152	154	173	182	193	194	204	211	222	263	264	273	299	
覆盖率-----0.75266
个体18
26
1	17	18	35	46	55	60	70	76	87	94	95	107	110	168	198	204	221	223	224	231	259	268	285	296	306	
覆盖率-----0.771095
个体19
26
5	24	29	39	41	46	73	115	125	131	139	154	163	178	184	185	189	208	210	235	239	248	250	260	267	300	
覆盖率-----0.786016
个体20
26
1	11	14	29	33	35	43	64	83	89	90	111	166	188	194	201	202	203	205	252	255	259	270	296	302	307	
覆盖率-----0.771653
个体21
26
19	29	48	50	55	61	62	74	81	106	111	116	123	157	173	181	185	203	205	217	240	242	244	254	297	306	
覆盖率-----0.775904
个体22
26
2	4	5	6	7	15	18	22	35	45	101	102	113	115	126	136	146	197	222	242	246	251	252	264	267	296	
覆盖率-----0.780195
个体23
26
2	7	24	26	44	49	54	85	93	107	112	123	127	152	166	168	179	186	193	202	238	242	247	252	262	282	
覆盖率-----0.78388
个体24
26
17	18	20	43	44	47	51	55	99	110	120	137	152	175	193	194	195	196	220	243	249	267	272	283	295	300	
覆盖率-----0.784774
个体25
26
8	12	26	38	42	49	54	60	68	106	109	110	139	150	160	193	195	202	236	237	247	268	283	285	293	296	
覆盖率-----0.80627
个体26
26
8	9	10	27	32	41	43	54	57	100	124	127	145	152	156	158	185	187	233	238	264	267	283	292	299	303	
覆盖率-----0.705358
个体27
26
10	17	24	36	55	62	66	75	83	86	88	93	113	143	154	158	169	172	207	215	225	228	259	261	265	282	
覆盖率-----0.790544
个体28
26
5	8	10	27	32	76	79	82	85	89	125	126	134	137	178	182	187	203	206	226	241	246	251	272	289	295	
覆盖率-----0.77127
个体29
26
3	16	26	55	57	83	92	96	111	116	119	133	135	137	141	144	200	201	211	221	259	263	266	281	286	290	
覆盖率-----0.770064
个体30
26
2	15	20	28	40	59	63	70	75	93	97	142	144	145	189	210	215	231	234	247	258	265	278	306	307	308	
覆盖率-----0.800921
个体31
26
1	21	23	39	55	64	75	89	102	104	112	131	139	141	168	195	206	209	211	214	229	234	253	260	291	306	
覆盖率-----0.803701
个体32
26
7	11	13	24	30	50	105	108	116	119	128	130	135	154	159	168	186	236	242	250	261	270	273	288	302	308	
覆盖率-----0.807258
个体33
26
10	22	53	66	81	83	85	89	96	97	118	123	130	145	185	191	197	200	242	245	251	252	264	274	294	297	
覆盖率-----0.799692
个体34
26
11	23	30	40	51	70	103	104	108	111	114	122	141	156	163	195	198	199	241	245	247	248	254	270	293	303	
覆盖率-----0.773456
个体35
26
1	5	28	32	39	44	47	83	96	104	106	123	137	147	157	177	184	196	199	206	215	256	267	272	290	295	
覆盖率-----0.824771
个体36
26
9	15	19	22	44	58	60	91	92	115	118	123	126	128	139	163	166	194	219	227	249	265	279	284	291	296	
覆盖率-----0.813926
个体37
26
10	11	19	23	28	29	39	48	49	63	89	90	93	132	157	159	162	168	172	184	241	242	246	282	286	291	
覆盖率-----0.805852
个体38
26
4	8	10	27	42	57	75	80	83	94	97	98	141	200	204	214	217	226	242	251	261	273	278	287	306	71277	
覆盖率-----0.793508
个体39
26
14	18	41	46	49	54	67	70	79	102	107	112	113	122	127	146	184	231	237	245	252	267	271	276	286	298	
覆盖率-----0.795538
个体40
26
4	16	33	35	43	78	81	93	97	111	112	113	118	128	135	142	228	231	232	252	269	291	297	303	306	71277	
覆盖率-----0.78146
个体41
26
0	5	14	16	52	53	90	92	100	101	114	119	122	135	146	149	156	211	231	240	242	265	270	280	292	297	
覆盖率-----0.779344
个体42
26
4	10	14	49	57	60	67	70	83	118	124	125	139	157	174	194	204	211	230	242	243	247	253	264	297	300	
覆盖率-----0.828941
个体43
26
2	4	10	20	21	31	41	43	77	88	127	132	136	157	163	172	202	214	226	245	247	249	256	276	301	307	
覆盖率-----0.87486
个体44
26
5	15	28	29	35	46	74	86	87	102	106	123	130	138	167	180	203	213	232	235	252	257	291	297	298	304	
覆盖率-----0.882305
个体45
26
10	25	27	28	30	32	58	71	81	116	117	130	133	146	160	195	199	228	250	253	256	261	274	295	304	307	
覆盖率-----0.854801
个体46
26
4	7	8	32	35	64	85	90	94	126	129	140	162	164	166	174	176	192	196	197	212	251	291	297	303	71277	
覆盖率-----0.815331
个体47
26
4	8	24	33	35	36	81	93	101	115	120	127	130	194	204	211	242	243	251	252	283	291	297	303	306	71277	
覆盖率-----0.920084
个体48
26
4	8	10	15	27	32	33	35	44	83	86	100	147	160	175	182	184	226	242	251	252	291	297	303	306	71277	
覆盖率-----0.869199
个体49
26
4	8	10	27	32	35	44	83	86	93	106	123	146	157	194	204	211	242	251	252	269	291	297	303	306	71277	
覆盖率-----0.940346
遗传算法第7代
个体0
26
4	8	10	21	27	32	35	44	77	83	86	93	106	123	157	194	204	211	242	251	252	291	297	303	306	71277	
覆盖率-----0.973698
个体1
26
7	14	19	38	66	73	76	93	106	121	135	143	154	159	168	173	195	202	236	237	254	257	258	283	291	292	
覆盖率-----0.700783
个体2
26
8	9	14	25	28	31	48	89	96	97	118	129	136	137	157	172	183	214	219	222	258	259	268	270	297	302	
覆盖率-----0.786336
个体3
26
1	11	29	36	39	42	64	72	83	94	97	98	130	132	133	160	170	172	197	255	269	279	280	285	297	304	
覆盖率-----0.748599
个体4
26
4	6	7	13	15	18	20	61	74	84	99	102	107	110	153	155	188	190	223	226	249	252	259	276	281	305	
覆盖率-----0.740553
个体5
26
10	13	44	52	74	81	85	93	99	101	106	131	143	168	171	198	204	212	221	223	229	232	273	275	284	301	
覆盖率-----0.747151
个体6
26
4	10	12	16	19	28	29	54	78	86	93	106	144	166	180	186	193	194	204	211	217	222	263	264	273	299	
覆盖率-----0.754456
个体7
26
7	12	21	35	38	81	83	92	93	102	106	121	145	152	156	158	204	218	219	221	224	231	246	267	285	304	
覆盖率-----0.731027
个体8
26
5	10	56	58	63	64	66	71	76	81	90	92	95	142	177	186	188	189	191	195	215	261	273	278	280	297	
覆盖率-----0.724875
个体9
26
4	11	15	18	57	60	67	70	78	96	116	120	123	157	185	191	197	203	204	209	211	225	262	281	299	304	
覆盖率-----0.766183
个体10
26
4	12	15	20	33	74	82	83	86	87	121	123	133	136	140	146	161	184	217	231	243	252	277	295	300	71277	
覆盖率-----0.767573
个体11
26
5	8	39	44	55	58	76	84	115	137	149	155	158	164	166	169	171	172	207	208	212	257	259	274	291	297	
覆盖率-----0.791852
个体12
26
3	16	26	27	32	35	44	96	111	116	119	133	135	137	141	144	200	201	211	221	259	263	266	281	286	290	
覆盖率-----0.793145
个体13
26
1	6	7	11	17	18	35	46	55	60	70	76	87	94	95	107	110	168	201	209	211	214	229	268	285	296	
覆盖率-----0.784521
个体14
26
5	8	10	27	32	76	79	82	85	89	125	126	134	137	178	182	187	195	200	242	246	251	265	272	289	295	
覆盖率-----0.776607
个体15
26
9	28	33	34	41	44	61	64	87	99	104	115	116	134	153	186	208	219	231	240	242	265	274	297	306	307	
覆盖率-----0.73834
个体16
26
1	11	14	29	33	35	43	64	83	89	90	111	166	188	190	198	209	211	220	252	255	270	277	287	289	307	
覆盖率-----0.754553
个体17
26
11	23	30	40	47	51	55	99	111	112	114	122	141	156	163	195	198	199	241	245	247	248	254	270	293	303	
覆盖率-----0.767936
个体18
26
19	29	48	50	55	61	62	74	81	106	111	116	123	157	173	181	185	203	205	226	241	252	254	264	297	306	
覆盖率-----0.774999
个体19
26
0	4	14	16	43	52	53	90	92	100	101	114	119	122	135	146	149	156	211	251	252	258	265	270	280	297	
覆盖率-----0.797322
个体20
26
2	4	5	22	35	45	48	55	58	101	102	113	115	126	136	146	174	197	222	242	246	251	252	264	267	296	
覆盖率-----0.800289
个体21
26
4	10	16	33	35	43	78	81	93	97	111	112	113	118	128	135	142	156	228	233	245	252	267	303	306	71277	
覆盖率-----0.75043
个体22
26
2	7	24	26	44	49	54	85	93	107	112	123	127	152	166	168	179	186	193	202	238	242	247	252	262	282	
覆盖率-----0.78388
个体23
26
17	18	20	38	42	49	54	104	110	120	137	152	175	193	194	195	196	219	220	243	249	267	272	283	295	300	
覆盖率-----0.783724
个体24
26
5	24	29	39	41	46	73	115	125	131	139	154	163	178	184	185	189	208	210	235	239	248	250	260	267	300	
覆盖率-----0.786016
个体25
26
2	13	24	35	43	51	81	90	100	101	141	152	156	165	170	176	203	235	236	242	273	274	283	286	293	308	
覆盖率-----0.788729
个体26
26
1	21	23	29	36	39	40	82	92	97	105	111	115	139	157	177	194	204	211	221	260	270	280	285	298	301	
覆盖率-----0.801624
个体27
26
10	17	24	36	55	62	66	75	83	86	88	93	113	143	154	197	199	202	206	215	225	228	259	261	265	282	
覆盖率-----0.790591
个体28
26
3	10	15	17	32	49	51	60	83	110	116	118	121	123	125	135	185	194	201	210	232	242	244	252	253	299	
覆盖率-----0.770868
个体29
26
4	8	10	23	27	42	54	58	75	80	87	109	125	126	141	200	204	217	226	242	251	261	273	278	287	71277	
覆盖率-----0.752968
个体30
26
14	18	41	46	49	54	67	70	79	102	107	112	113	122	127	185	201	204	212	252	269	276	286	291	297	298	
覆盖率-----0.801757
个体31
26
10	22	51	55	61	66	81	83	85	114	123	130	145	189	191	194	195	206	217	240	242	244	262	274	294	297	
覆盖率-----0.773507
个体32
26
2	15	20	28	40	59	63	70	75	93	97	142	144	145	189	210	215	231	234	247	258	265	278	306	307	308	
覆盖率-----0.800921
个体33
26
3	6	12	27	55	64	75	89	102	104	112	123	137	147	157	195	203	205	206	224	231	234	253	260	291	306	
覆盖率-----0.800109
个体34
26
10	11	19	23	28	29	39	48	49	63	89	90	93	132	157	159	162	168	172	184	241	242	246	282	286	291	
覆盖率-----0.805852
个体35
26
8	12	26	43	44	60	68	70	103	106	109	110	139	150	160	187	193	210	218	222	247	268	283	285	293	296	
覆盖率-----0.787355
个体36
26
7	11	13	24	30	50	105	108	116	119	128	130	135	154	159	168	186	236	242	250	261	270	273	288	302	308	
覆盖率-----0.807258
个体37
26
9	15	19	22	44	58	60	91	92	115	118	123	126	128	139	163	166	194	219	227	249	265	279	284	291	296	
覆盖率-----0.813926
个体38
26
4	7	8	32	35	64	85	90	94	126	129	140	162	164	166	174	176	192	196	197	212	251	291	297	303	71277	
覆盖率-----0.815331
个体39
26
1	5	28	32	39	44	47	83	96	104	106	131	139	141	168	177	184	196	199	206	215	256	267	272	290	295	
覆盖率-----0.821882
个体40
26
4	10	14	42	47	49	68	69	70	73	124	125	139	157	174	194	204	211	230	242	243	247	253	264	297	300	
覆盖率-----0.831576
个体41
26
4	11	32	33	35	57	61	83	86	88	108	118	121	123	151	164	171	214	226	245	247	292	295	298	300	306	
覆盖率-----0.802596
个体42
26
10	25	27	28	30	32	58	71	81	116	117	130	133	146	160	195	199	228	250	253	256	261	274	295	304	307	
覆盖率-----0.854801
个体43
26
4	8	12	15	27	32	33	35	44	83	86	100	147	160	175	182	184	204	226	242	251	252	291	297	303	306	
覆盖率-----0.87671
个体44
26
2	4	10	20	21	29	31	41	43	77	88	127	132	136	157	163	172	202	224	232	245	249	256	276	301	307	
覆盖率-----0.844244
个体45
26
5	15	28	29	35	46	74	86	87	102	106	123	130	138	167	180	203	213	232	235	252	257	291	297	298	304	
覆盖率-----0.882305
个体46
26
3	19	21	25	35	36	53	71	78	80	83	99	138	152	154	173	182	223	241	242	243	257	270	276	297	304	
覆盖率-----0.866572
个体47
26
4	8	24	33	35	36	81	93	101	115	120	127	130	194	204	211	242	243	251	252	283	291	297	303	306	71277	
覆盖率-----0.920084
个体48
26
4	8	10	41	47	55	57	77	93	106	123	146	157	194	204	211	242	251	252	269	282	291	297	303	306	71277	
覆盖率-----0.890062
个体49
26
4	8	10	27	32	35	80	83	86	93	106	123	157	178	194	204	211	242	246	251	252	291	297	303	306	71277	
覆盖率-----0.928872
遗传算法第8代
个体0
26
4	8	10	21	27	32	35	44	77	83	86	93	106	123	157	194	204	211	242	251	252	291	297	303	306	71277	
覆盖率-----0.973698
个体1
26
4	5	10	56	58	63	64	66	71	76	81	90	92	123	157	173	188	189	191	195	215	261	273	278	280	297	
覆盖率-----0.785172
个体2
26
7	12	21	35	38	56	81	83	92	110	116	118	139	150	166	174	176	192	219	221	224	231	246	267	285	304	
覆盖率-----0.758012
个体3
26
3	5	15	19	28	29	44	61	64	87	99	115	116	134	153	186	208	219	231	240	242	265	274	297	306	307	
覆盖率-----0.684261
个体4
26
4	6	7	13	15	18	20	61	74	84	99	102	107	110	153	155	188	190	223	226	249	252	259	276	281	305	
覆盖率-----0.740553
个体5
26
10	13	25	26	44	52	74	81	85	93	119	128	135	168	171	198	204	212	221	223	229	234	253	279	291	301	
覆盖率-----0.836796
个体6
26
4	10	11	29	39	42	64	72	83	94	97	98	130	132	133	160	170	172	197	250	269	279	280	285	297	304	
覆盖率-----0.746023
个体7
26
4	8	17	18	43	57	78	81	93	97	111	112	139	142	157	173	174	194	228	233	245	252	267	303	306	71277	
覆盖率-----0.827293
个体8
26
4	8	10	23	27	42	54	58	75	80	87	109	125	126	141	200	204	217	226	242	251	261	273	278	287	71277	
覆盖率-----0.752968
个体9
26
4	10	12	16	19	28	29	54	78	86	93	106	144	162	166	168	172	180	184	186	247	248	254	264	273	299	
覆盖率-----0.732784
个体10
26
1	11	14	29	33	35	43	64	83	89	90	111	115	139	157	198	209	211	220	252	255	270	280	285	298	307	
覆盖率-----0.808741
个体11
26
4	11	15	36	48	55	62	70	78	96	116	120	123	157	185	191	197	203	204	209	211	225	262	281	299	304	
覆盖率-----0.762709
个体12
26
4	12	15	20	33	74	82	83	86	87	113	115	121	126	136	146	161	210	218	222	247	252	277	295	300	71277	
覆盖率-----0.815663
个体13
26
11	23	29	30	32	40	47	51	55	99	111	114	122	141	156	163	195	198	199	211	212	217	222	241	270	293	
覆盖率-----0.797166
个体14
26
3	10	15	17	32	49	51	60	93	102	109	110	121	123	125	135	185	194	201	210	232	242	244	252	253	299	
覆盖率-----0.809151
个体15
26
10	22	51	55	61	66	81	83	85	114	123	130	145	189	191	194	195	206	217	240	242	244	262	274	294	297	
覆盖率-----0.773507
个体16
26
13	19	29	48	50	55	61	62	74	106	111	123	127	152	166	186	203	205	226	241	252	254	264	292	297	306	
覆盖率-----0.795448
个体17
26
5	8	10	27	32	76	79	82	85	89	125	126	134	137	178	182	187	195	200	242	246	251	265	272	289	295	
覆盖率-----0.776607
个体18
26
17	18	20	38	42	49	54	104	110	120	137	152	175	193	194	195	199	228	243	249	250	267	272	283	295	300	
覆盖率-----0.796022
个体19
26
2	7	24	26	44	49	54	85	93	95	107	112	116	142	168	177	179	186	193	202	238	242	247	252	262	282	
覆盖率-----0.806204
个体20
26
1	6	7	11	17	18	35	46	55	60	70	76	87	94	95	107	110	168	201	209	211	214	229	268	285	296	
覆盖率-----0.784521
个体21
26
5	24	29	39	47	49	68	69	125	131	139	154	163	178	184	185	189	208	210	235	239	248	250	260	267	300	
覆盖率-----0.778828
个体22
26
8	9	14	25	28	31	66	75	83	86	118	129	136	137	157	172	183	214	219	222	258	259	268	270	297	302	
覆盖率-----0.802007
个体23
26
7	8	30	32	35	60	68	70	94	103	106	121	145	152	160	184	187	193	217	231	243	268	283	285	293	296	
覆盖率-----0.693783
个体24
26
2	13	24	35	43	51	81	90	100	101	141	152	156	165	170	176	203	224	231	232	235	236	273	286	293	308	
覆盖率-----0.791977
个体25
26
10	16	33	35	60	69	89	96	97	104	113	143	154	187	197	199	202	206	225	228	242	259	261	265	280	282	
覆盖率-----0.698511
个体26
26
5	8	39	44	55	58	76	84	115	137	149	155	158	164	166	169	171	172	207	208	212	257	259	274	291	297	
覆盖率-----0.791852
个体27
26
3	9	16	26	27	32	35	44	96	111	116	119	135	140	141	200	201	203	230	242	243	247	266	281	286	290	
覆盖率-----0.791825
个体28
26
0	4	14	16	26	43	52	90	92	100	101	114	119	122	135	149	156	211	251	252	258	265	270	280	297	306	
覆盖率-----0.810627
个体29
26
4	11	12	24	27	55	64	75	89	106	121	135	137	143	147	157	195	203	205	206	242	273	274	275	283	284	
覆盖率-----0.752012
个体30
26
2	4	5	22	35	45	48	55	58	101	102	123	133	136	140	146	174	202	236	237	251	252	254	264	267	296	
覆盖率-----0.784817
个体31
26
12	15	20	28	40	59	63	70	75	93	97	142	144	145	189	210	215	225	234	247	269	276	286	291	307	308	
覆盖率-----0.819805
个体32
26
1	21	23	29	36	39	40	82	92	93	97	105	111	166	177	188	190	194	204	211	221	260	270	277	287	301	
覆盖率-----0.740834
个体33
26
14	18	41	46	49	54	67	70	79	102	107	112	113	122	127	185	201	204	212	241	242	246	252	282	297	298	
覆盖率-----0.817834
个体34
26
4	10	11	29	32	33	35	57	61	83	86	108	118	121	123	151	164	171	214	226	247	292	295	298	300	306	
覆盖率-----0.808811
个体35
26
10	11	19	23	28	29	39	48	49	63	82	89	90	93	132	157	159	193	194	204	246	265	278	286	291	306	
覆盖率-----0.792774
个体36
26
4	8	15	30	41	50	84	101	106	108	116	131	147	154	159	168	236	239	242	250	261	270	273	288	302	308	
覆盖率-----0.772406
个体37
26
9	13	15	19	22	35	46	74	86	115	118	123	126	128	139	163	166	194	219	227	249	265	279	284	291	296	
覆盖率-----0.829718
个体38
26
4	12	26	43	44	64	85	90	94	126	129	140	156	158	162	164	196	197	204	212	218	251	291	297	303	71277	
覆盖率-----0.787093
个体39
26
1	5	28	32	39	44	47	83	96	104	106	131	139	141	168	177	184	196	199	206	215	256	267	272	290	295	
覆盖率-----0.821882
个体40
26
4	10	14	41	42	44	46	70	73	113	115	118	124	125	128	135	204	211	221	236	253	259	263	264	297	300	
覆盖率-----0.740631
个体41
26
2	4	10	20	21	29	31	41	43	77	88	127	132	136	157	163	172	202	224	232	245	249	256	276	301	307	
覆盖率-----0.844244
个体42
26
5	10	25	27	28	30	32	58	71	81	116	117	130	133	146	160	211	242	252	253	256	261	274	295	304	307	
覆盖率-----0.8791
个体43
26
3	19	21	25	35	36	53	71	78	80	83	99	138	152	154	173	182	223	241	242	243	257	270	276	297	304	
覆盖率-----0.866572
个体44
26
4	8	12	15	27	32	33	35	44	83	86	100	147	160	175	182	184	204	226	242	251	252	291	297	303	306	
覆盖率-----0.87671
个体45
26
3	9	28	33	34	58	60	87	91	102	106	123	130	138	167	180	203	213	232	235	252	257	291	297	298	304	
覆盖率-----0.828113
个体46
26
7	11	13	24	47	55	57	77	93	106	123	146	157	194	195	196	204	219	220	269	282	291	297	303	306	71277	
覆盖率-----0.851744
个体47
26
4	8	24	33	35	36	81	93	101	115	120	127	130	194	204	211	242	243	251	252	283	291	297	303	306	71277	
覆盖率-----0.920084
个体48
26
4	8	10	27	32	35	80	83	86	93	106	123	157	178	194	204	211	242	246	251	252	291	297	303	306	71277	
覆盖率-----0.928872
个体49
26
4	8	10	27	32	35	44	83	86	93	106	115	123	157	194	204	211	220	242	251	252	291	297	303	306	71277	
覆盖率-----0.940346
遗传算法第9代
个体0
26
4	8	10	21	27	32	35	44	77	83	86	93	106	123	157	194	204	211	242	251	252	291	297	303	306	71277	
覆盖率-----0.973698
个体1
26
7	8	25	30	32	35	60	68	70	94	103	106	121	145	152	160	188	190	194	231	243	268	283	285	293	296	
覆盖率-----0.743751
个体2
26
10	16	33	35	60	69	78	81	93	116	120	139	187	197	199	202	206	225	228	242	253	259	261	265	280	282	
覆盖率-----0.762654
个体3
26
4	10	12	16	19	28	29	54	78	86	93	106	144	162	166	168	172	180	184	186	247	248	254	264	273	299	
覆盖率-----0.732784
个体4
26
4	6	7	13	15	18	20	61	74	84	99	102	107	110	153	155	188	190	223	226	249	252	259	276	281	305	
覆盖率-----0.740553
个体5
26
4	10	14	41	42	44	46	70	73	113	115	118	124	125	128	135	193	194	204	229	246	259	263	264	297	300	
覆盖率-----0.745632
个体6
26
1	21	23	36	48	55	62	82	92	93	97	105	111	166	195	198	199	204	210	211	247	252	270	277	287	301	
覆盖率-----0.782873
个体7
26
4	10	11	29	39	42	64	72	83	94	97	98	130	132	133	160	170	172	231	240	242	265	280	285	297	304	
覆盖率-----0.742158
个体8
26
4	11	12	32	39	44	75	89	106	121	135	137	143	147	157	195	203	205	206	242	273	274	275	282	283	284	
覆盖率-----0.805274
个体9
26
4	8	10	23	27	42	54	58	75	80	87	109	125	126	141	200	204	217	226	242	251	261	273	278	287	71277	
覆盖率-----0.752968
个体10
26
7	12	21	35	38	56	81	83	92	109	110	137	152	166	174	176	192	213	219	221	224	231	246	267	285	304	
覆盖率-----0.753163
个体11
26
4	11	15	29	36	39	40	70	78	96	116	120	123	157	185	191	197	203	204	209	211	225	262	281	299	304	
覆盖率-----0.799477
个体12
26
4	8	15	30	35	41	46	50	55	60	116	131	147	154	159	168	206	215	236	239	242	256	267	288	302	308	
覆盖率-----0.828878
个体13
26
10	22	51	55	61	66	81	83	85	114	123	130	145	189	191	194	195	206	217	240	242	244	262	274	294	297	
覆盖率-----0.773507
个体14
26
5	8	10	27	32	76	79	82	85	89	125	126	134	137	178	182	187	195	200	242	246	251	265	272	289	295	
覆盖率-----0.776607
个体15
26
5	24	29	39	47	49	68	69	125	131	139	154	163	178	184	185	189	208	210	235	239	248	250	260	267	300	
覆盖率-----0.778828
个体16
26
1	6	7	11	17	18	70	76	84	87	94	95	101	106	108	200	201	203	214	229	230	241	252	268	285	296	
覆盖率-----0.752578
个体17
26
2	4	5	22	35	45	48	55	58	101	102	123	133	136	140	164	196	197	204	237	251	252	254	264	267	296	
覆盖率-----0.781698
个体18
26
4	5	10	56	58	63	64	66	71	76	81	90	92	102	123	157	173	188	189	191	195	243	247	280	281	297	
覆盖率-----0.773132
个体19
26
4	12	26	32	39	43	44	64	71	81	126	128	129	139	140	163	174	202	212	236	269	276	286	291	303	71277	
覆盖率-----0.812903
个体20
26
3	5	9	16	26	50	55	61	62	96	107	110	111	116	119	135	140	141	205	215	226	242	259	268	270	297	
覆盖率-----0.791232
个体21
26
5	8	39	44	55	58	60	87	91	137	149	155	158	164	166	169	171	172	207	208	212	257	259	274	291	297	
覆盖率-----0.799258
个体22
26
2	13	24	35	43	51	60	81	90	100	101	139	142	152	157	173	203	224	231	232	235	236	273	286	293	308	
覆盖率-----0.840817
个体23
26
10	11	19	23	28	29	39	48	49	63	82	89	90	93	132	157	159	220	242	251	252	265	278	286	291	306	
覆盖率-----0.804572
个体24
26
13	19	27	29	32	35	48	74	106	111	123	127	152	166	168	186	201	203	209	211	232	254	264	292	297	306	
覆盖率-----0.830366
个体25
26
17	18	20	38	42	49	54	97	104	110	113	143	150	154	194	195	199	228	243	249	250	267	272	283	295	300	
覆盖率-----0.792524
个体26
26
11	23	29	30	32	40	47	51	55	99	111	114	122	141	156	163	178	212	217	218	222	241	242	243	270	293	
覆盖率-----0.808116
个体27
26
8	9	14	25	28	31	66	75	83	86	118	129	136	137	157	172	183	214	219	222	258	261	273	278	286	302	
覆盖率-----0.782057
个体28
26
2	7	24	26	44	49	54	85	93	95	107	112	116	142	168	177	179	186	193	202	238	242	247	252	262	282	
覆盖率-----0.806204
个体29
26
1	11	14	29	33	35	43	64	83	89	90	123	157	178	198	209	211	220	221	252	255	270	280	285	298	307	
覆盖率-----0.831431
个体30
26
4	10	11	27	28	29	44	61	83	86	108	118	121	123	151	164	171	214	226	242	247	292	295	298	300	306	
覆盖率-----0.73921
个体31
26
3	10	15	17	32	49	51	60	93	102	109	110	121	123	125	135	185	194	201	210	232	242	244	252	253	299	
覆盖率-----0.809151
个体32
26
0	4	14	16	26	43	52	90	92	100	101	114	119	122	135	149	156	211	251	252	258	265	270	280	297	306	
覆盖率-----0.810627
个体33
26
4	12	15	20	33	74	82	83	86	87	113	115	121	126	136	146	161	204	210	211	221	260	277	295	300	71277	
覆盖率-----0.825271
个体34
26
14	18	41	46	49	54	67	70	79	102	107	112	113	122	127	185	201	204	212	241	242	246	252	282	297	298	
覆盖率-----0.817834
个体35
26
12	15	20	28	40	59	63	70	75	93	97	142	144	145	189	210	215	218	225	234	247	251	291	297	307	308	
覆盖率-----0.815944
个体36
26
1	5	21	25	47	57	83	96	99	104	106	131	139	141	168	171	177	184	196	199	250	261	270	273	290	295	
覆盖率-----0.784556
个体37
26
3	19	24	27	28	55	64	96	97	104	111	112	156	165	170	174	176	194	228	233	245	252	267	303	306	71277	
覆盖率-----0.752199
个体38
26
3	9	28	33	35	36	53	71	102	106	115	123	130	138	167	180	203	213	232	235	252	257	291	297	298	304	
覆盖率-----0.855855
个体39
26
9	13	15	19	22	35	46	74	86	115	118	123	146	156	158	162	166	194	219	227	249	265	279	284	291	296	
覆盖率-----0.829425
个体40
26
10	13	25	26	44	52	74	81	85	93	119	128	135	168	171	198	204	212	221	223	229	234	253	279	291	301	
覆盖率-----0.836796
个体41
26
2	4	10	20	21	29	31	41	43	77	88	127	132	136	157	163	172	202	224	232	245	249	256	276	301	307	
覆盖率-----0.844244
个体42
26
1	7	11	13	24	47	55	57	77	93	106	123	146	157	194	195	196	204	219	220	269	291	297	303	306	71277	
覆盖率-----0.862578
个体43
26
4	8	17	18	34	58	78	80	83	84	99	133	138	152	154	173	182	223	241	242	243	257	270	276	297	304	
覆盖率-----0.777118
个体44
26
4	8	12	15	27	32	33	35	44	83	86	100	147	160	175	182	184	204	226	242	251	252	291	297	303	306	
覆盖率-----0.87671
个体45
26
5	10	25	27	28	30	85	90	94	116	117	126	130	133	146	160	211	242	252	253	256	261	274	295	304	307	
覆盖率-----0.848016
个体46
26
4	8	24	33	35	36	81	93	101	115	120	127	130	177	184	187	193	194	217	252	283	291	297	303	306	71277	
覆盖率-----0.864604
个体47
26
4	8	10	27	32	35	80	83	86	93	106	111	115	139	157	204	211	242	246	251	252	291	297	303	306	71277	
覆盖率-----0.929747
个体48
26
4	8	10	24	27	32	35	44	83	86	93	106	115	123	157	194	204	211	221	236	253	291	297	303	306	71277	
覆盖率-----0.936801
个体49
26
4	8	10	27	32	35	44	83	86	93	106	123	124	157	194	204	211	231	242	251	252	291	297	303	306	71277	
覆盖率-----0.944407
