1	2	0
1	35	0
2	1	0
2	5	0
2	21	5
3	4	0
3	6	1
3	13	2
4	3	0
4	5	0
4	15	0
5	2	0
5	4	0
5	16	0
6	3	1
6	8	2
6	18	1
7	10	1
7	11	0
7	27	4
8	6	1
8	11	0
8	22	5
9	12	0
9	14	0
10	7	3
10	12	3
10	30	2
11	7	0
11	8	0
11	20	0
12	9	0
12	10	3
12	26	5
13	3	2
13	18	3
13	23	3
14	9	0
14	32	0
14	33	0
15	4	0
15	16	0
15	25	0
16	5	0
16	15	0
16	17	0
17	16	0
17	24	1
18	6	2
18	13	3
18	29	2
19	20	2
19	28	2
20	11	0
20	19	1
20	34	2
21	2	5
21	24	5
21	37	5
21	45	6
22	8	4
22	28	4
22	29	4
22	50	4
23	13	3
23	25	2
23	29	2
23	42	3
24	17	1
24	21	5
24	25	0
24	49	0
25	15	0
25	23	2
25	24	0
25	44	3
26	12	5
26	30	4
26	33	4
27	7	3
27	30	4
27	31	3
27	57	4
28	19	3
28	22	4
28	34	3
29	18	3
29	22	4
29	23	3
29	51	4
30	10	4
30	26	4
30	27	3
30	60	4
31	27	3
31	34	0
31	53	0
32	14	0
32	33	0
32	36	0
33	14	0
33	26	4
33	32	0
33	38	5
34	20	1
34	28	4
34	31	0
34	54	0
35	1	0
35	40	0
36	32	0
36	38	0
36	43	1
37	21	5
37	39	0
38	33	5
38	36	0
38	46	0
39	37	0
39	40	0
39	77	0
40	35	0
40	39	0
40	79	5
41	42	1
41	47	1
42	23	2
42	41	1
42	52	2
43	36	1
43	46	0
43	67	5
44	25	3
44	47	2
44	48	2
44	84	3
45	21	5
45	49	0
45	81	20
46	38	0
46	43	0
46	62	0
47	41	1
47	44	2
47	52	1
48	44	2
48	49	0
48	61	5
49	24	0
49	45	0
49	48	0
49	63	0
50	22	3
50	51	4
50	56	4
51	29	5
51	50	4
51	52	4
51	83	4
52	42	1
52	47	1
52	51	5
52	88	0
53	31	0
53	55	1
53	57	1
54	34	0
54	55	0
54	56	0
54	87	0
55	53	1
55	54	0
55	64	0
56	50	4
56	54	0
56	91	0
57	27	4
57	53	1
57	58	5
57	68	1
58	57	5
58	59	4
58	65	4
59	58	4
59	60	5
59	65	5
60	30	4
60	59	5
60	62	5
60	69	4
60	82	5
61	48	5
61	63	4
61	78	4
62	46	0
62	60	5
62	66	5
63	49	0
63	61	4
64	55	0
64	72	0
65	58	4
65	59	5
65	69	5
65	70	2
66	62	5
66	67	5
66	71	4
67	43	5
67	66	5
67	92	6
68	57	1
68	70	1
69	60	5
69	65	5
69	74	2
69	93	1
70	65	2
70	68	1
70	75	2
71	66	4
71	73	4
72	64	0
72	75	3
73	71	4
73	89	4
74	69	2
74	76	1
75	70	2
75	72	3
75	90	3
76	74	1
76	98	3
77	39	0
77	79	159
77	81	0
78	61	4
78	84	4
78	85	3
79	40	5
79	77	160
79	237	0
80	93	2
80	96	2
80	100	2
81	45	19
81	77	0
81	86	1
82	60	4
82	89	4
82	93	3
83	51	4
83	88	1
83	91	0
83	108	0
84	44	3
84	78	4
84	88	4
84	116	3
85	78	3
85	86	3
85	122	3
86	81	1
86	85	3
86	137	0
87	54	0
87	90	2
87	91	1
87	106	5
88	52	0
88	83	1
88	84	3
88	115	5
89	73	4
89	82	4
89	95	4
90	75	3
90	87	2
90	98	3
90	99	3
91	56	0
91	83	0
91	87	1
91	107	1
92	67	5
92	94	5
92	111	6
93	69	2
93	80	2
93	82	3
93	100	3
94	92	5
94	97	4
94	109	4
95	89	4
95	97	4
95	102	4
96	80	2
96	98	3
96	104	3
97	94	4
97	95	4
97	102	5
98	76	3
98	90	3
98	96	3
98	101	3
99	90	3
99	101	3
99	105	4
100	80	2
100	93	3
100	132	3
101	98	3
101	99	3
101	103	3
101	110	4
102	95	4
102	97	5
102	113	0
103	101	3
103	104	3
103	112	3
104	96	3
104	103	3
104	124	4
105	99	4
105	106	5
106	87	5
106	105	5
106	107	5
106	118	5
106	120	6
107	91	1
107	106	5
107	108	0
107	114	5
108	83	0
108	107	0
108	117	1
109	94	4
109	111	5
109	113	0
110	101	4
110	112	4
110	118	5
111	92	5
111	109	5
111	128	6
112	103	3
112	110	4
112	121	4
113	102	0
113	109	0
113	131	0
114	107	5
114	117	0
114	140	5
115	88	4
115	116	5
115	117	0
115	138	0
116	84	4
116	115	4
116	123	3
117	108	1
117	114	0
117	115	0
117	139	2
118	106	5
118	110	5
118	119	5
118	125	5
118	134	5
119	118	5
119	121	5
119	127	5
120	106	5
120	126	6
121	112	4
121	119	5
121	129	4
122	85	3
122	123	3
123	116	3
123	122	3
123	141	2
124	104	4
124	129	3
124	135	4
125	118	5
125	127	5
125	143	4
126	120	5
126	146	6
127	119	5
127	125	5
127	133	4
128	111	5
128	130	18
128	157	0
129	121	4
129	124	3
129	133	4
130	128	18
130	131	0
130	158	0
131	113	0
131	130	0
131	132	0
131	167	0
132	100	3
132	131	0
132	135	5
132	160	5
133	127	4
133	129	4
133	142	4
134	118	5
134	144	5
135	124	4
135	132	5
136	137	0
136	148	0
137	86	0
137	136	0
138	115	0
138	139	2
138	141	0
139	117	2
139	138	2
139	147	1
139	149	2
140	114	5
140	145	1
140	146	5
140	152	2
141	123	2
141	138	0
141	148	5
141	215	0
141	308	5
142	133	4
142	143	4
143	125	4
143	142	4
143	144	5
143	156	4
144	134	5
144	143	5
144	146	5
144	153	8
145	140	1
145	147	1
145	150	2
146	126	5
146	140	5
146	144	6
146	152	2
147	139	1
147	145	1
147	154	2
148	136	0
148	141	5
149	139	2
149	151	3
149	154	3
149	169	2
150	145	2
150	152	3
150	154	2
151	149	3
151	166	2
152	140	2
152	146	2
152	150	3
152	155	2
153	144	7
153	163	1
153	201	2
154	147	2
154	149	2
154	150	3
154	171	2
155	152	2
155	171	2
156	143	4
156	162	3
156	183	2
157	128	0
157	158	0
157	193	0
158	130	0
158	157	0
158	167	0
159	160	0
159	174	0
160	132	5
160	159	0
160	161	5
160	178	5
161	160	5
161	162	3
162	156	3
162	161	3
162	179	4
163	153	1
163	164	2
164	163	2
164	172	2
165	169	3
165	173	3
166	151	2
166	173	3
167	131	0
167	158	0
167	211	5
168	170	0
168	192	0
168	308	0
169	149	3
169	165	3
169	192	3
169	194	2
170	168	0
170	308	0
171	154	2
171	155	2
171	172	2
171	185	2
172	164	2
172	171	2
172	184	1
173	165	3
173	166	3
174	159	0
174	180	0
174	186	0
175	179	4
175	182	3
175	188	3
176	177	1
176	180	1
176	187	1
177	176	2
177	178	2
177	199	2
178	160	5
178	177	3
178	181	2
178	191	2
179	162	4
179	175	4
179	189	4
180	174	0
180	176	1
181	178	3
181	182	3
181	190	2
182	175	3
182	181	3
182	200	3
183	156	2
183	196	2
184	172	1
184	214	2
185	171	2
185	194	2
186	174	0
186	187	1
186	198	0
187	176	0
187	186	1
187	195	0
188	175	3
188	189	4
189	179	4
189	188	4
189	205	4
190	181	3
190	191	2
190	204	2
191	178	2
191	190	2
191	208	2
192	168	0
192	169	3
193	157	0
193	211	5
193	255	5
194	169	3
194	185	2
194	210	2
194	213	2
194	214	2
194	238	2
195	187	0
195	198	1
195	199	1
196	183	2
196	206	3
196	209	3
197	203	0
197	215	0
198	186	0
198	195	1
198	211	0
198	218	1
199	177	2
199	195	1
199	208	1
200	182	3
200	204	3
200	209	3
200	219	2
201	153	2
201	206	3
201	207	2
202	207	2
202	214	2
202	216	2
203	197	0
203	210	1
203	220	0
204	190	3
204	200	3
204	208	2
205	189	4
205	209	4
205	254	3
206	196	3
206	201	3
206	243	3
207	201	2
207	202	2
207	222	2
208	191	2
208	199	1
208	204	2
208	212	1
209	196	3
209	200	3
209	205	3
209	221	3
210	194	2
210	203	1
210	225	1
211	167	5
211	193	5
211	198	0
211	260	6
212	208	1
212	234	1
213	194	2
213	223	1
214	184	2
214	194	2
214	202	2
214	216	2
215	141	0
215	197	0
215	226	1
215	228	0
215	308	0
216	202	2
216	214	2
216	222	1
216	224	1
217	218	1
217	232	1
218	198	1
218	217	1
218	231	1
219	200	2
219	221	2
219	233	2
220	203	0
220	226	1
220	227	1
221	209	2
221	219	2
221	229	3
222	207	2
222	216	1
222	230	2
223	213	1
223	224	0
224	216	1
224	223	0
224	239	0
224	244	1
225	210	1
225	227	1
226	215	1
226	220	1
226	242	5
227	220	1
227	225	1
228	215	0
228	251	1
229	221	2
229	233	3
230	222	2
230	250	1
231	218	1
231	232	1
231	259	0
232	217	1
232	231	1
232	234	1
232	246	1
233	219	2
233	229	2
233	234	2
233	248	2
234	212	1
234	232	1
234	233	1
234	247	2
235	236	1
235	237	1
236	235	1
236	251	1
237	79	0
237	235	1
237	257	4
238	194	2
238	240	2
238	244	2
238	265	3
239	224	0
239	252	0
240	238	3
240	241	2
240	266	2
241	240	2
241	242	4
241	261	1
242	226	5
242	241	4
242	272	5
243	206	3
243	249	0
243	263	0
244	224	1
244	238	2
244	268	1
245	246	1
245	256	0
246	232	1
246	245	1
246	247	2
247	234	1
247	246	2
247	248	1
247	258	2
248	233	2
248	247	1
249	243	0
249	250	0
250	230	1
250	249	0
250	252	0
250	264	0
251	228	1
251	236	1
251	253	5
251	305	4
252	239	0
252	250	0
252	269	0
253	251	5
253	257	5
253	295	6
254	205	4
254	258	3
255	193	5
255	260	21
255	275	0
256	245	0
256	258	0
256	259	0
257	237	4
257	253	5
257	296	4
258	247	1
258	254	4
258	256	0
258	276	5
259	231	0
259	256	0
260	211	5
260	255	21
260	270	0
261	241	1
261	266	2
261	280	3
262	263	0
262	267	0
263	243	0
263	262	0
264	250	0
264	271	0
265	238	2
265	266	3
265	277	3
266	240	3
266	261	2
266	265	2
267	262	0
267	281	0
268	244	1
268	269	0
268	279	3
269	252	0
269	268	0
269	273	0
270	260	0
270	287	0
271	264	0
271	284	0
272	242	5
272	304	6
273	269	0
273	274	2
274	273	2
274	278	3
275	255	0
275	297	0
276	258	5
276	281	5
276	291	5
277	265	3
277	279	3
277	280	3
277	285	3
278	274	3
278	279	3
278	290	3
279	268	3
279	277	3
279	278	3
279	286	3
280	261	3
280	277	3
280	299	4
281	267	0
281	276	5
282	283	1
282	284	0
282	288	2
283	282	2
283	293	1
284	271	0
284	282	0
285	277	3
285	286	3
285	294	3
286	279	3
286	285	3
286	290	3
287	270	0
287	289	0
288	282	1
288	292	2
289	287	0
289	291	5
290	278	3
290	286	3
290	294	4
290	302	4
291	276	5
291	289	5
291	292	5
291	298	38
292	288	1
292	291	5
292	300	2
293	283	2
293	301	2
294	285	3
294	290	4
294	303	3
295	253	5
295	296	5
295	306	54
296	257	4
296	295	5
296	307	5
297	275	0
297	298	0
298	291	38
298	297	0
298	300	0
299	280	4
299	303	5
299	304	59
300	292	1
300	298	0
300	301	4
301	293	3
301	300	3
301	302	4
302	290	4
302	301	4
302	303	4
303	294	4
303	299	4
303	302	4
304	272	5
304	299	59
304	305	5
305	251	4
305	304	5
305	306	5
306	295	53
306	305	5
306	307	5
307	296	5
307	306	4
308	141	5
308	168	0
308	170	0
308	215	0
