16,0.9529,1,0.294,19.31,15107,0.9489
0,(216,342),(3216,342),(6216,342),(7407,2151),(7407,5151),(6366,7110),(3366,7110),(1261,6036),(719,3085),(3105,2097),(5157,3771),(5607,4356),(10296,7182),(14040,6840),(9162,4662),(11952,2142)
1,(549,342),(3549,342),(6549,342),(7407,2484),(7407,5484),(6033,7110),(3033,7110),(1201,5708),(659,2757),(3438,2097),(4824,3771),(5607,4689),(10296,7182),(14040,6840),(9162,4662),(11952,2142)
2,(883,342),(3883,342),(6883,342),(7407,2818),(7407,5818),(5699,7110),(2699,7110),(1141,5380),(599,2429),(3772,2097),(4490,3771),(5607,5023),(10296,7182),(14040,6840),(9162,4662),(11952,2142)
3,(1216,342),(4216,342),(7216,342),(7407,3151),(7407,6151),(5366,7110),(2366,7110),(1080,5052),(539,2102),(4105,2097),(4157,3771),(5453,5202),(10296,7182),(14040,6840),(9162,4662),(11952,2142)
4,(1549,342),(4549,342),(7407,484),(7407,3484),(7407,6484),(5033,7110),(2033,7110),(1020,4724),(479,1774),(4438,2097),(3824,3771),(5120,5202),(10296,7182),(14040,6840),(9162,4662),(11952,2142)
5,(1883,342),(4883,342),(7407,818),(7407,3818),(7407,6818),(4699,7110),(1699,7110),(960,4397),(419,1446),(4772,2097),(3490,3771),(4786,5202),(10296,7182),(14040,6840),(9162,4662),(11952,2142)
6,(2216,342),(5216,342),(7407,1151),(7407,4151),(7366,7110),(4366,7110),(1441,7020),(900,4069),(358,1118),(5105,2097),(3157,3771),(4653,5002),(10296,7182),(14040,6840),(9162,4662),(11952,2142)
7,(2549,342),(5549,342),(7407,1484),(7407,4484),(7033,7110),(4033,7110),(1381,6692),(840,3741),(298,790),(5157,2378),(3105,3490),(4653,4669),(10296,7182),(14040,6840),(9162,4662),(11952,2142)
8,(2883,342),(5883,342),(7407,1818),(7407,4818),(6699,7110),(3699,7110),(1321,6364),(780,3413),(238,462),(5157,2712),(3105,3156),(4674,4356),(10296,7182),(14040,6840),(9162,4662),(11952,2142)
9,(3216,342),(6216,342),(7407,2151),(7407,5151),(6366,7110),(3366,7110),(1261,6036),(719,3085),(427,342),(5157,3045),(3105,2823),(5007,4356),(10296,7182),(14040,6840),(9162,4662),(11952,2142)
10,(3549,342),(6549,342),(7407,2484),(7407,5484),(6033,7110),(3033,7110),(1201,5708),(659,2757),(760,342),(5157,3378),(3105,2490),(5340,4356),(10296,7182),(14040,6840),(9162,4662),(11952,2142)
11,(3883,342),(6883,342),(7407,2818),(7407,5818),(5699,7110),(2699,7110),(1141,5380),(599,2429),(1094,342),(5157,3712),(3105,2156),(5607,4423),(10296,7182),(14040,6840),(9162,4662),(11952,2142)
12,(4216,342),(7216,342),(7407,3151),(7407,6151),(5366,7110),(2366,7110),(1080,5052),(539,2102),(1427,342),(4883,3771),(3379,2097),(5607,4756),(10296,7182),(14040,6840),(9162,4662),(11952,2142)
13,(4549,342),(7407,484),(7407,3484),(7407,6484),(5033,7110),(2033,7110),(1020,4724),(479,1774),(1760,342),(4550,3771),(3712,2097),(5607,5089),(10296,7182),(14040,6840),(9162,4662),(11952,2142)
14,(4883,342),(7407,818),(7407,3818),(7407,6818),(4699,7110),(1699,7110),(960,4397),(419,1446),(2094,342),(4216,3771),(4046,2097),(5386,5202),(10296,7182),(14040,6840),(9162,4662),(11952,2142)
15,(5216,342),(7407,1151),(7407,4151),(7366,7110),(4366,7110),(1441,7020),(900,4069),(358,1118),(2427,342),(3883,3771),(4379,2097),(5053,5202),(10296,7182),(14040,6840),(9162,4662),(11952,2142)
16,(5549,342),(7407,1484),(7407,4484),(7033,7110),(4033,7110),(1381,6692),(840,3741),(298,790),(2760,342),(3550,3771),(4712,2097),(4720,5202),(10296,7182),(14040,6840),(9162,4662),(11952,2142)
17,(5883,342),(7407,1818),(7407,4818),(6699,7110),(3699,7110),(1321,6364),(780,3413),(238,462),(3094,342),(3216,3771),(5046,2097),(4653,4935),(10296,7182),(14040,6840),(9162,4662),(11952,2142)
18,(6216,342),(7407,2151),(7407,5151),(6366,7110),(3366,7110),(1261,6036),(719,3085),(427,342),(3427,342),(3105,3549),(5157,2319),(4653,4602),(10296,7182),(14040,6840),(9162,4662),(11952,2142)
19,(6549,342),(7407,2484),(7407,5484),(6033,7110),(3033,7110),(1201,5708),(659,2757),(760,342),(3760,342),(3105,3216),(5157,2652),(4740,4356),(10296,7182),(14040,6840),(9162,4662),(11952,2142)
20,(6883,342),(7407,2818),(7407,5818),(5699,7110),(2699,7110),(1141,5380),(599,2429),(1094,342),(4094,342),(3105,2882),(5157,2986),(5074,4356),(10296,7182),(14040,6840),(9162,4662),(11952,2142)
21,(7216,342),(7407,3151),(7407,6151),(5366,7110),(2366,7110),(1080,5052),(539,2102),(1427,342),(4427,342),(3105,2549),(5157,3319),(5407,4356),(10296,7182),(14040,6840),(9162,4662),(11952,2142)
22,(7407,484),(7407,3484),(7407,6484),(5033,7110),(2033,7110),(1020,4725),(479,1774),(1760,342),(4760,342),(3105,2216),(5157,3652),(5607,4489),(10296,7182),(14040,6840),(9162,4662),(11952,2142)
23,(7407,818),(7407,3818),(7407,6818),(4699,7110),(1699,7110),(960,4397),(419,1446),(2094,342),(5094,342),(3320,2097),(4942,3771),(5607,4823),(10296,7182),(14040,6840),(9162,4662),(11952,2142)
24,(7407,1151),(7407,4151),(7366,7110),(4366,7110),(1441,7020),(900,4069),(358,1118),(2427,342),(5427,342),(3653,2097),(4609,3771),(5607,5156),(10296,7182),(14040,6840),(9162,4662),(11952,2142)
25,(7407,1484),(7407,4484),(7033,7110),(4033,7110),(1381,6692),(840,3741),(298,790),(2760,342),(5760,342),(3986,2097),(4276,3771),(5320,5202),(10296,7182),(14040,6840),(9162,4662),(11952,2142)
26,(7407,1818),(7407,4818),(6699,7110),(3699,7110),(1321,6364),(780,3413),(238,462),(3094,342),(6094,342),(4320,2097),(3942,3771),(4986,5202),(10296,7182),(14040,6840),(9162,4662),(11952,2142)
27,(7407,2151),(7407,5151),(6366,7110),(3366,7110),(1261,6036),(719,3085),(427,342),(3427,342),(6427,342),(4653,2097),(3609,3771),(4653,5202),(10296,7182),(14040,6840),(9162,4662),(11952,2142)
28,(7407,2484),(7407,5484),(6033,7110),(3033,7110),(1201,5708),(659,2757),(760,342),(3760,342),(6760,342),(4986,2097),(3276,3771),(4653,4869),(10296,7182),(14040,6840),(9162,4662),(11952,2142)
29,(7407,2818),(7407,5818),(5699,7110),(2699,7110),(1141,5380),(599,2429),(1094,342),(4094,342),(7094,342),(5157,2260),(3105,3608),(4653,4535),(10296,7182),(14040,6840),(9162,4662),(11952,2142)
30,(7407,3151),(7407,6151),(5366,7110),(2366,7110),(1080,5052),(539,2102),(1427,342),(4427,342),(7407,362),(5157,2593),(3105,3275),(4807,4356),(10296,7182),(14040,6840),(9162,4662),(11952,2142)
31,(7407,3484),(7407,6484),(5033,7110),(2033,7110),(1020,4725),(479,1774),(1760,342),(4760,342),(7407,695),(5157,2926),(3105,2942),(5140,4356),(10296,7182),(14040,6840),(9162,4662),(11952,2142)
32,(7407,3818),(7407,6818),(4699,7110),(1699,7110),(960,4397),(419,1446),(2094,342),(5094,342),(7407,1029),(5157,3260),(3105,2608),(5474,4356),(10296,7182),(14040,6840),(9162,4662),(11952,2142)
33,(7407,4151),(7366,7110),(4366,7110),(1441,7020),(900,4069),(358,1118),(2427,342),(5427,342),(7407,1362),(5157,3593),(3105,2275),(5607,4556),(10296,7182),(14040,6840),(9162,4662),(11952,2142)
34,(7407,4484),(7033,7110),(4033,7110),(1381,6692),(840,3741),(298,790),(2760,342),(5760,342),(7407,1695),(5002,3771),(3260,2097),(5607,4889),(10296,7182),(14040,6840),(9162,4662),(11952,2142)
35,(7407,4818),(6699,7110),(3699,7110),(1321,6364),(780,3413),(238,462),(3094,342),(6094,342),(7407,2029),(4668,3771),(3594,2097),(5586,5202),(10296,7182),(14040,6840),(9162,4662),(11952,2142)
36,(7407,5151),(6366,7110),(3366,7110),(1261,6036),(719,3085),(427,342),(3427,342),(6427,342),(7407,2362),(4335,3771),(3927,2097),(5253,5202),(10296,7182),(14040,6840),(9162,4662),(11952,2142)
37,(7407,5484),(6033,7110),(3033,7110),(1201,5708),(659,2757),(760,342),(3760,342),(6760,342),(7407,2695),(4002,3771),(4260,2097),(4920,5202),(10296,7182),(14040,6840),(9162,4662),(11952,2142)
38,(7407,5818),(5699,7110),(2699,7110),(1141,5380),(599,2429),(1094,342),(4094,342),(7094,342),(7407,3029),(3668,3771),(4594,2097),(4653,5135),(10296,7182),(14040,6840),(9162,4662),(11952,2142)
39,(7407,6151),(5366,7110),(2366,7110),(1080,5052),(539,2102),(1427,342),(4427,342),(7407,362),(7407,3362),(3335,3771),(4927,2097),(4653,4802),(10296,7182),(14040,6840),(9162,4662),(11952,2142)
40,(7407,6484),(5033,7110),(2033,7110),(1020,4725),(479,1774),(1760,342),(4760,342),(7407,695),(7407,3695),(3105,3668),(5157,2200),(4653,4469),(10296,7182),(14040,6840),(9162,4662),(11952,2142)
41,(7407,6818),(4699,7110),(1699,7110),(960,4397),(419,1446),(2094,342),(5094,342),(7407,1029),(7407,4029),(3105,3334),(5157,2534),(4874,4356),(10296,7182),(14040,6840),(9162,4662),(11952,2142)
42,(7366,7110),(4366,7110),(1441,7020),(900,4069),(358,1118),(2427,342),(5427,342),(7407,1362),(7407,4362),(3105,3001),(5157,2867),(5207,4356),(10296,7182),(14040,6840),(9162,4662),(11952,2142)
43,(7033,7110),(4033,7110),(1381,6692),(840,3741),(298,790),(2760,342),(5760,342),(7407,1695),(7407,4695),(3105,2668),(5157,3200),(5540,4356),(10296,7182),(14040,6840),(9162,4662),(11952,2142)
44,(6699,7110),(3699,7110),(1321,6364),(780,3413),(238,462),(3094,342),(6094,342),(7407,2029),(7407,5029),(3105,2334),(5157,3534),(5607,4623),(10296,7182),(14040,6840),(9162,4662),(11952,2142)
45,(6366,7110),(3366,7110),(1261,6036),(719,3085),(427,342),(3427,342),(6427,342),(7407,2362),(7407,5362),(3201,2097),(5061,3771),(5607,4956),(10296,7182),(14040,6840),(9162,4662),(11952,2142)
46,(6033,7110),(3033,7110),(1201,5708),(659,2757),(760,342),(3760,342),(6760,342),(7407,2695),(7407,5695),(3534,2097),(4728,3771),(5520,5202),(10296,7182),(14040,6840),(9162,4662),(11952,2142)
47,(5699,7110),(2699,7110),(1141,5380),(599,2429),(1094,342),(4094,342),(7094,342),(7407,3029),(7407,6029),(3868,2097),(4394,3771),(5186,5202),(10296,7182),(14040,6840),(9162,4662),(11952,2142)
48,(5366,7110),(2366,7110),(1080,5052),(539,2102),(1427,342),(4427,342),(7407,362),(7407,3362),(7407,6362),(4201,2097),(4061,3771),(4853,5202),(10296,7182),(14040,6840),(9162,4662),(11952,2142)
49,(5033,7110),(2033,7110),(1020,4725),(479,1774),(1760,342),(4760,342),(7407,695),(7407,3695),(7407,6695),(4534,2097),(3728,3771),(4653,5069),(10296,7182),(14040,6840),(9162,4662),(11952,2142)
50,(4699,7110),(1699,7110),(960,4397),(419,1446),(2094,342),(5094,342),(7407,1029),(7407,4029),(7407,7029),(4868,2097),(3394,3771),(4653,4735),(10296,7182),(14040,6840),(9162,4662),(11952,2142)
51,(4366,7110),(1441,7020),(900,4069),(358,1118),(2427,342),(5427,342),(7407,1362),(7407,4362),(7155,7110),(5157,2141),(3105,3727),(4653,4402),(10296,7182),(14040,6840),(9162,4662),(11952,2142)
52,(4033,7110),(1381,6692),(840,3741),(298,790),(2760,342),(5760,342),(7407,1695),(7407,4695),(6822,7110),(5157,2474),(3105,3394),(4940,4356),(10296,7182),(14040,6840),(9162,4662),(11952,2142)
53,(3699,7110),(1321,6364),(780,3413),(238,462),(3094,342),(6094,342),(7407,2029),(7407,5029),(6488,7110),(5157,2808),(3105,3060),(5274,4356),(10296,7182),(14040,6840),(9162,4662),(11952,2142)
54,(3366,7110),(1261,6036),(719,3085),(427,342),(3427,342),(6427,342),(7407,2362),(7407,5362),(6155,7110),(5157,3141),(3105,2727),(5607,4356),(10296,7182),(14040,6840),(9162,4662),(11952,2142)
55,(3033,7110),(1201,5708),(659,2757),(760,342),(3760,342),(6760,342),(7407,2695),(7407,5695),(5822,7110),(5157,3474),(3105,2394),(5607,4689),(10296,7182),(14040,6840),(9162,4662),(11952,2142)
56,(2699,7110),(1141,5380),(599,2429),(1094,342),(4094,342),(7094,342),(7407,3029),(7407,6029),(5488,7110),(5120,3771),(3142,2097),(5607,5023),(10296,7182),(14040,6840),(9162,4662),(11952,2142)
57,(2366,7110),(1080,5052),(539,2102),(1427,342),(4427,342),(7407,362),(7407,3362),(7407,6362),(5155,7110),(4787,3771),(3475,2097),(5453,5202),(10296,7182),(14040,6840),(9162,4662),(11952,2142)
58,(2033,7110),(1020,4725),(479,1774),(1760,342),(4760,342),(7407,695),(7407,3695),(7407,6695),(4822,7110),(4454,3771),(3808,2097),(5120,5202),(10296,7182),(14040,6840),(9162,4662),(11952,2142)
59,(1699,7110),(960,4397),(419,1446),(2094,342),(5094,342),(7407,1029),(7407,4029),(7407,7029),(4488,7110),(4120,3771),(4142,2097),(4786,5202),(10296,7182),(14040,6840),(9162,4662),(11952,2142)
60,(1441,7020),(900,4069),(358,1118),(2427,342),(5427,342),(7407,1362),(7407,4362),(7155,7110),(4155,7110),(3787,3771),(4475,2097),(4653,5002),(10296,7182),(14040,6840),(9162,4662),(11952,2142)
61,(1381,6692),(840,3741),(298,790),(2760,342),(5760,342),(7407,1695),(7407,4695),(6822,7110),(3822,7110),(3454,3771),(4808,2097),(4653,4669),(10296,7182),(14040,6840),(9162,4662),(11952,2142)
62,(1321,6364),(780,3413),(238,462),(3094,342),(6094,342),(7407,2029),(7407,5029),(6488,7110),(3488,7110),(3120,3771),(5142,2097),(4674,4356),(10296,7182),(14040,6840),(9162,4662),(11952,2142)
63,(1261,6036),(719,3085),(427,342),(3427,342),(6427,342),(7407,2362),(7407,5362),(6155,7110),(3155,7110),(3105,3453),(5157,2415),(5007,4356),(10296,7182),(14040,6840),(9162,4662),(11952,2142)
64,(1201,5708),(659,2757),(760,342),(3760,342),(6760,342),(7407,2695),(7407,5695),(5822,7110),(2822,7110),(3105,3120),(5157,2748),(5340,4356),(10296,7182),(14040,6840),(9162,4662),(11952,2142)
65,(1141,5380),(599,2430),(1094,342),(4094,342),(7094,342),(7407,3029),(7407,6029),(5488,7110),(2488,7110),(3105,2786),(5157,3082),(5607,4423),(10296,7182),(14040,6840),(9162,4662),(11952,2142)
66,(1080,5052),(539,2102),(1427,342),(4427,342),(7407,362),(7407,3362),(7407,6362),(5155,7110),(2155,7110),(3105,2453),(5157,3415),(5607,4756),(10296,7182),(14040,6840),(9162,4662),(11952,2142)
67,(1020,4725),(479,1774),(1760,342),(4760,342),(7407,695),(7407,3695),(7407,6695),(4822,7110),(1822,7110),(3105,2120),(5157,3748),(5607,5089),(10296,7182),(14040,6840),(9162,4662),(11952,2142)
68,(960,4397),(419,1446),(2094,342),(5094,342),(7407,1029),(7407,4029),(7407,7029),(4488,7110),(1488,7110),(3416,2097),(4846,3771),(5386,5202),(10296,7182),(14040,6840),(9162,4662),(11952,2142)
69,(900,4069),(358,1118),(2427,342),(5427,342),(7407,1362),(7407,4362),(7155,7110),(4155,7110),(1403,6812),(3749,2097),(4513,3771),(5053,5202),(10296,7182),(14040,6840),(9162,4662),(11952,2142)
70,(840,3741),(298,790),(2760,342),(5760,342),(7407,1695),(7407,4695),(6822,7110),(3822,7110),(1343,6484),(4082,2097),(4180,3771),(4720,5202),(10296,7182),(14040,6840),(9162,4662),(11952,2142)
71,(780,3413),(238,462),(3094,342),(6094,342),(7407,2029),(7407,5029),(6488,7110),(3488,7110),(1283,6156),(4416,2097),(3846,3771),(4653,4935),(10296,7182),(14040,6840),(9162,4662),(11952,2142)
72,(719,3085),(427,342),(3427,342),(6427,342),(7407,2362),(7407,5362),(6155,7110),(3155,7110),(1223,5828),(4749,2097),(3513,3771),(4653,4602),(10296,7182),(14040,6840),(9162,4662),(11952,2142)
73,(659,2757),(760,342),(3760,342),(6760,342),(7407,2695),(7407,5695),(5822,7110),(2822,7110),(1163,5501),(5082,2097),(3180,3771),(4740,4356),(10296,7182),(14040,6840),(9162,4662),(11952,2142)
74,(599,2430),(1094,342),(4094,342),(7094,342),(7407,3029),(7407,6029),(5488,7110),(2488,7110),(1102,5173),(5157,2356),(3105,3512),(5074,4356),(10296,7182),(14040,6840),(9162,4662),(11952,2142)
75,(539,2102),(1427,342),(4427,342),(7407,362),(7407,3362),(7407,6362),(5155,7110),(2155,7110),(1042,4845),(5157,2689),(3105,3179),(5407,4356),(10296,7182),(14040,6840),(9162,4662),(11952,2142)
76,(479,1774),(1760,342),(4760,342),(7407,695),(7407,3695),(7407,6695),(4822,7110),(1822,7110),(982,4517),(5157,3022),(3105,2846),(5607,4489),(10296,7182),(14040,6840),(9162,4662),(11952,2142)
77,(419,1446),(2094,342),(5094,342),(7407,1029),(7407,4029),(7407,7029),(4488,7110),(1488,7110),(922,4189),(5157,3356),(3105,2512),(5607,4823),(10296,7182),(14040,6840),(9162,4662),(11952,2142)
78,(358,1118),(2427,342),(5427,342),(7407,1362),(7407,4362),(7155,7110),(4155,7110),(1403,6812),(862,3861),(5157,3689),(3105,2179),(5607,5156),(10296,7182),(14040,6840),(9162,4662),(11952,2142)
79,(298,790),(2760,342),(5760,342),(7407,1695),(7407,4695),(6822,7110),(3822,7110),(1343,6484),(802,3533),(4906,3771),(3356,2097),(5320,5202),(10296,7182),(14040,6840),(9162,4662),(11952,2142)
80,(238,462),(3094,342),(6094,342),(7407,2029),(7407,5029),(6488,7110),(3488,7110),(1283,6156),(741,3206),(4572,3771),(3690,2097),(4986,5202),(10296,7182),(14040,6840),(9162,4662),(11952,2142)
81,(427,342),(3427,342),(6427,342),(7407,2362),(7407,5362),(6155,7110),(3155,7110),(1223,5828),(681,2878),(4239,3771),(4023,2097),(4653,5202),(10296,7182),(14040,6840),(9162,4662),(11952,2142)
82,(760,342),(3760,342),(6760,342),(7407,2695),(7407,5695),(5822,7110),(2822,7110),(1163,5501),(621,2550),(3906,3771),(4356,2097),(4653,4869),(10296,7182),(14040,6840),(9162,4662),(11952,2142)
83,(1094,342),(4094,342),(7094,342),(7407,3029),(7407,6029),(5488,7110),(2488,7110),(1102,5173),(561,2222),(3572,3771),(4690,2097),(4653,4535),(10296,7182),(14040,6840),(9162,4662),(11952,2142)
84,(1427,342),(4427,342),(7407,362),(7407,3362),(7407,6362),(5155,7110),(2155,7110),(1042,4845),(501,1894),(3239,3771),(5023,2097),(4807,4356),(10296,7182),(14040,6840),(9162,4662),(11952,2142)
85,(1760,342),(4760,342),(7407,695),(7407,3695),(7407,6695),(4822,7110),(1822,7110),(982,4517),(441,1566),(3105,3572),(5157,2296),(5140,4356),(10296,7182),(14040,6840),(9162,4662),(11952,2142)
86,(2094,342),(5094,342),(7407,1029),(7407,4029),(7407,7029),(4488,7110),(1488,7110),(922,4189),(380,1238),(3105,3238),(5157,2630),(5474,4356),(10296,7182),(14040,6840),(9162,4662),(11952,2142)
87,(2427,342),(5427,342),(7407,1362),(7407,4362),(7155,7110),(4155,7110),(1403,6812),(862,3861),(320,911),(3105,2905),(5157,2963),(5607,4556),(10296,7182),(14040,6840),(9162,4662),(11952,2142)
88,(2760,342),(5760,342),(7407,1695),(7407,4695),(6822,7110),(3822,7110),(1343,6484),(802,3533),(260,583),(3105,2572),(5157,3296),(5607,4889),(10296,7182),(14040,6840),(9162,4662),(11952,2142)
89,(3094,342),(6094,342),(7407,2029),(7407,5029),(6488,7110),(3488,7110),(1283,6156),(741,3206),(305,342),(3105,2238),(5157,3630),(5586,5202),(10296,7182),(14040,6840),(9162,4662),(11952,2142)
90,(3427,342),(6427,342),(7407,2362),(7407,5362),(6155,7110),(3155,7110),(1223,5828),(681,2878),(638,342),(3297,2097),(4965,3771),(5253,5202),(10296,7182),(14040,6840),(9162,4662),(11952,2142)
91,(3760,342),(6760,342),(7407,2695),(7407,5695),(5822,7110),(2822,7110),(1163,5501),(621,2550),(971,342),(3630,2097),(4632,3771),(4920,5202),(10296,7182),(14040,6840),(9162,4662),(11952,2142)
92,(4094,342),(7094,342),(7407,3029),(7407,6029),(5488,7110),(2488,7110),(1102,5173),(561,2222),(1305,342),(3964,2097),(4298,3771),(4653,5135),(10296,7182),(14040,6840),(9162,4662),(11952,2142)
93,(4427,342),(7407,362),(7407,3362),(7407,6362),(5155,7110),(2155,7110),(1042,4845),(501,1894),(1638,342),(4297,2097),(3965,3771),(4653,4802),(10296,7182),(14040,6840),(9162,4662),(11952,2142)
94,(4760,342),(7407,695),(7407,3695),(7407,6695),(4822,7110),(1822,7110),(982,4517),(441,1566),(1971,342),(4630,2097),(3632,3771),(4653,4469),(10296,7182),(14040,6840),(9162,4662),(11952,2142)
95,(5094,342),(7407,1029),(7407,4029),(7407,7029),(4488,7110),(1488,7110),(922,4189),(380,1238),(2305,342),(4964,2097),(3298,3771),(4874,4356),(10296,7182),(14040,6840),(9162,4662),(11952,2142)
96,(5427,342),(7407,1362),(7407,4362),(7155,7110),(4155,7110),(1403,6812),(862,3861),(320,911),(2638,342),(5157,2237),(3105,3631),(5207,4356),(10296,7182),(14040,6840),(9162,4662),(11952,2142)
97,(5760,342),(7407,1695),(7407,4695),(6822,7110),(3822,7110),(1343,6484),(802,3533),(260,583),(2971,342),(5157,2570),(3105,3298),(5540,4356),(10296,7182),(14040,6840),(9162,4662),(11952,2142)
98,(6094,342),(7407,2029),(7407,5029),(6488,7110),(3488,7110),(1283,6156),(741,3206),(305,342),(3305,342),(5157,2904),(3105,2964),(5607,4623),(10296,7182),(14040,6840),(9162,4662),(11952,2142)
99,(6427,342),(7407,2362),(7407,5362),(6155,7110),(3155,7110),(1223,5828),(681,2878),(638,342),(3638,342),(5157,3237),(3105,2631),(5607,4956),(10296,7182),(14040,6840),(9162,4662),(11952,2142)
100,(6760,342),(7407,2695),(7407,5695),(5822,7110),(2822,7110),(1163,5501),(621,2550),(971,342),(3971,342),(5157,3570),(3105,2298),(5520,5202),(10296,7182),(14040,6840),(9162,4662),(11952,2142)
101,(7094,342),(7407,3029),(7407,6029),(5488,7110),(2488,7110),(1102,5173),(561,2222),(1305,342),(4305,342),(5024,3771),(3238,2097),(5186,5202),(10296,7182),(14040,6840),(9162,4662),(11952,2142)
102,(7407,362),(7407,3362),(7407,6362),(5155,7110),(2155,7110),(1042,4845),(501,1894),(1638,342),(4638,342),(4691,3771),(3571,2097),(4853,5202),(10296,7182),(14040,6840),(9162,4662),(11952,2142)
103,(7407,695),(7407,3695),(7407,6695),(4822,7110),(1822,7110),(982,4517),(441,1566),(1971,342),(4971,342),(4358,3771),(3904,2097),(4653,5069),(10296,7182),(14040,6840),(9162,4662),(11952,2142)
104,(7407,1029),(7407,4029),(7407,7029),(4488,7110),(1488,7110),(922,4189),(380,1238),(2305,342),(5305,342),(4024,3771),(4238,2097),(4653,4735),(10296,7182),(14040,6840),(9162,4662),(11952,2142)
105,(7407,1362),(7407,4362),(7155,7110),(4155,7110),(1403,6812),(862,3861),(320,911),(2638,342),(5638,342),(3691,3771),(4571,2097),(4653,4402),(10296,7182),(14040,6840),(9162,4662),(11952,2142)
106,(7407,1695),(7407,4695),(6822,7110),(3822,7110),(1343,6484),(802,3533),(260,583),(2971,342),(5971,342),(3358,3771),(4904,2097),(4940,4356),(10296,7182),(14040,6840),(9162,4662),(11952,2142)
107,(7407,2029),(7407,5029),(6488,7110),(3488,7110),(1283,6156),(741,3206),(305,342),(3305,342),(6305,342),(3105,3690),(5157,2178),(5274,4356),(10296,7182),(14040,6840),(9162,4662),(11952,2142)
108,(7407,2362),(7407,5362),(6155,7110),(3155,7110),(1223,5828),(681,2878),(638,342),(3638,342),(6638,342),(3105,3357),(5157,2511),(5607,4356),(10296,7182),(14040,6840),(9162,4662),(11952,2142)
109,(7407,2695),(7407,5695),(5822,7110),(2822,7110),(1163,5501),(621,2550),(971,342),(3971,342),(6971,342),(3105,3024),(5157,2844),(5607,4689),(10296,7182),(14040,6840),(9162,4662),(11952,2142)
110,(7407,3029),(7407,6029),(5488,7110),(2488,7110),(1102,5173),(561,2222),(1305,342),(4305,342),(7305,342),(3105,2690),(5157,3178),(5607,5023),(10296,7182),(14040,6840),(9162,4662),(11952,2142)
111,(7407,3362),(7407,6362),(5155,7110),(2155,7110),(1042,4845),(501,1894),(1638,342),(4638,342),(7407,573),(3105,2357),(5157,3511),(5453,5202),(10296,7182),(14040,6840),(9162,4662),(11952,2142)
112,(7407,3695),(7407,6695),(4822,7110),(1822,7110),(982,4517),(441,1566),(1971,342),(4971,342),(7407,906),(3178,2097),(5084,3771),(5120,5202),(10296,7182),(14040,6840),(9162,4662),(11952,2142)
113,(7407,4029),(7407,7029),(4488,7110),(1488,7110),(922,4189),(380,1238),(2305,342),(5305,342),(7407,1240),(3512,2097),(4750,3771),(4786,5202),(10296,7182),(14040,6840),(9162,4662),(11952,2142)
114,(7407,4362),(7155,7110),(4155,7110),(1403,6812),(862,3861),(320,911),(2638,342),(5638,342),(7407,1573),(3845,2097),(4417,3771),(4653,5002),(10296,7182),(14040,6840),(9162,4662),(11952,2142)
115,(7407,4695),(6822,7110),(3822,7110),(1343,6484),(802,3533),(260,583),(2971,342),(5971,342),(7407,1906),(4178,2097),(4084,3771),(4653,4669),(10296,7182),(14040,6840),(9162,4662),(11952,2142)
116,(7407,5029),(6488,7110),(3488,7110),(1283,6156),(741,3206),(305,342),(3305,342),(6305,342),(7407,2240),(4512,2097),(3750,3771),(4674,4356),(10296,7182),(14040,6840),(9162,4662),(11952,2142)
117,(7407,5362),(6155,7110),(3155,7110),(1223,5828),(681,2878),(638,342),(3638,342),(6638,342),(7407,2573),(4845,2097),(3417,3771),(5007,4356),(10296,7182),(14040,6840),(9162,4662),(11952,2142)
118,(7407,5695),(5822,7110),(2822,7110),(1163,5501),(621,2550),(971,342),(3971,342),(6971,342),(7407,2906),(5157,2118),(3105,3750),(5340,4356),(10296,7182),(14040,6840),(9162,4662),(11952,2142)
119,(7407,6029),(5488,7110),(2488,7110),(1102,5173),(561,2222),(1305,342),(4305,342),(7305,342),(7407,3240),(5157,2452),(3105,3416),(5607,4423),(10296,7182),(14040,6840),(9162,4662),(11952,2142)
120,(7407,6362),(5155,7110),(2155,7110),(1042,4845),(501,1894),(1638,342),(4638,342),(7407,573),(7407,3573),(5157,2785),(3105,3083),(5607,4756),(10296,7182),(14040,6840),(9162,4662),(11952,2142)
121,(7407,6695),(4822,7110),(1822,7110),(982,4517),(441,1566),(1971,342),(4971,342),(7407,906),(7407,3906),(5157,3118),(3105,2750),(5607,5089),(10296,7182),(14040,6840),(9162,4662),(11952,2142)
122,(7407,7029),(4488,7110),(1488,7110),(922,4189),(381,1238),(2305,342),(5305,342),(7407,1240),(7407,4240),(5157,3452),(3105,2416),(5386,5202),(10296,7182),(14040,6840),(9162,4662),(11952,2142)
123,(7155,7110),(4155,7110),(1403,6812),(862,3861),(320,911),(2638,342),(5638,342),(7407,1573),(7407,4573),(5143,3771),(3119,2097),(5053,5202),(10296,7182),(14040,6840),(9162,4662),(11952,2142)
124,(6822,7110),(3822,7110),(1343,6484),(802,3533),(260,583),(2971,342),(5971,342),(7407,1906),(7407,4906),(4810,3771),(3452,2097),(4720,5202),(10296,7182),(14040,6840),(9162,4662),(11952,2142)
125,(6488,7110),(3488,7110),(1283,6156),(741,3206),(305,342),(3305,342),(6305,342),(7407,2240),(7407,5240),(4476,3771),(3786,2097),(4653,4935),(10296,7182),(14040,6840),(9162,4662),(11952,2142)
126,(6155,7110),(3155,7110),(1223,5828),(681,2878),(638,342),(3638,342),(6638,342),(7407,2573),(7407,5573),(4143,3771),(4119,2097),(4653,4602),(10296,7182),(14040,6840),(9162,4662),(11952,2142)
127,(5822,7110),(2822,7110),(1163,5501),(621,2550),(971,342),(3971,342),(6971,342),(7407,2906),(7407,5906),(3810,3771),(4452,2097),(4740,4356),(10296,7182),(14040,6840),(9162,4662),(11952,2142)
128,(5488,7110),(2488,7110),(1102,5173),(561,2222),(1305,342),(4305,342),(7305,342),(7407,3240),(7407,6240),(3476,3771),(4786,2097),(5074,4356),(10296,7182),(14040,6840),(9162,4662),(11952,2142)
129,(5155,7110),(2155,7110),(1042,4845),(501,1894),(1638,342),(4638,342),(7407,573),(7407,3573),(7407,6573),(3143,3771),(5119,2097),(5407,4356),(10296,7182),(14040,6840),(9162,4662),(11952,2142)
130,(4822,7110),(1822,7110),(982,4517),(441,1566),(1971,342),(4971,342),(7407,906),(7407,3906),(7407,6906),(3105,3476),(5157,2392),(5607,4489),(10296,7182),(14040,6840),(9162,4662),(11952,2142)
131,(4488,7110),(1488,7110),(922,4189),(381,1238),(2305,342),(5305,342),(7407,1240),(7407,4240),(7277,7110),(3105,3142),(5157,2726),(5607,4823),(10296,7182),(14040,6840),(9162,4662),(11952,2142)
132,(4155,7110),(1403,6812),(862,3861),(320,911),(2638,342),(5638,342),(7407,1573),(7407,4573),(6944,7110),(3105,2809),(5157,3059),(5607,5156),(10296,7182),(14040,6840),(9162,4662),(11952,2142)
133,(3822,7110),(1343,6484),(802,3533),(260,583),(2971,342),(5971,342),(7407,1906),(7407,4906),(6611,7110),(3105,2476),(5157,3392),(5320,5202),(10296,7182),(14040,6840),(9162,4662),(11952,2142)
134,(3488,7110),(1283,6156),(741,3206),(305,342),(3305,342),(6305,342),(7407,2240),(7407,5240),(6277,7110),(3105,2142),(5157,3726),(4986,5202),(10296,7182),(14040,6840),(9162,4662),(11952,2142)
135,(3155,7110),(1223,5828),(681,2878),(638,342),(3638,342),(6638,342),(7407,2573),(7407,5573),(5944,7110),(3393,2097),(4869,3771),(4653,5202),(10296,7182),(14040,6840),(9162,4662),(11952,2142)
136,(2822,7110),(1163,5501),(621,2550),(971,342),(3971,342),(6971,342),(7407,2906),(7407,5906),(5611,7110),(3726,2097),(4536,3771),(4653,4869),(10296,7182),(14040,6840),(9162,4662),(11952,2142)
137,(2488,7110),(1102,5173),(561,2222),(1305,342),(4305,342),(7305,342),(7407,3240),(7407,6240),(5277,7110),(4060,2097),(4202,3771),(4653,4535),(10296,7182),(14040,6840),(9162,4662),(11952,2142)
138,(2155,7110),(1042,4845),(501,1894),(1638,342),(4638,342),(7407,573),(7407,3573),(7407,6573),(4944,7110),(4393,2097),(3869,3771),(4807,4356),(10296,7182),(14040,6840),(9162,4662),(11952,2142)
139,(1822,7110),(982,4517),(441,1566),(1971,342),(4971,342),(7407,906),(7407,3906),(7407,6906),(4611,7110),(4726,2097),(3536,3771),(5140,4356),(10296,7182),(14040,6840),(9162,4662),(11952,2142)
140,(1488,7110),(922,4189),(381,1238),(2305,342),(5305,342),(7407,1240),(7407,4240),(7277,7110),(4277,7110),(5060,2097),(3202,3771),(5474,4356),(10296,7182),(14040,6840),(9162,4662),(11952,2142)
141,(1403,6812),(862,3861),(320,911),(2638,342),(5638,342),(7407,1573),(7407,4573),(6944,7110),(3944,7110),(5157,2333),(3105,3535),(5607,4556),(10296,7182),(14040,6840),(9162,4662),(11952,2142)
142,(1343,6484),(802,3533),(260,583),(2971,342),(5971,342),(7407,1906),(7407,4906),(6611,7110),(3611,7110),(5157,2666),(3105,3202),(5607,4889),(10296,7182),(14040,6840),(9162,4662),(11952,2142)
143,(1283,6156),(741,3206),(305,342),(3305,342),(6305,342),(7407,2240),(7407,5240),(6277,7110),(3277,7110),(5157,3000),(3105,2868),(5586,5202),(10296,7182),(14040,6840),(9162,4662),(11952,2142)
144,(1223,5828),(681,2878),(638,342),(3638,342),(6638,342),(7407,2573),(7407,5573),(5944,7110),(2944,7110),(5157,3333),(3105,2535),(5253,5202),(10296,7182),(14040,6840),(9162,4662),(11952,2142)
145,(1163,5501),(621,2550),(971,342),(3971,342),(6971,342),(7407,2906),(7407,5906),(5611,7110),(2611,7110),(5157,3666),(3105,2202),(4920,5202),(10296,7182),(14040,6840),(9162,4662),(11952,2142)
146,(1102,5173),(561,2222),(1305,342),(4305,342),(7305,342),(7407,3240),(7407,6240),(5277,7110),(2277,7110),(4928,3771),(3334,2097),(4653,5135),(10296,7182),(14040,6840),(9162,4662),(11952,2142)
147,(1042,4845),(501,1894),(1638,342),(4638,342),(7407,573),(7407,3573),(7407,6573),(4944,7110),(1944,7110),(4595,3771),(3667,2097),(4653,4802),(10296,7182),(14040,6840),(9162,4662),(11952,2142)
148,(982,4517),(441,1566),(1971,342),(4971,342),(7407,906),(7407,3906),(7407,6906),(4611,7110),(1611,7110),(4262,3771),(4000,2097),(4653,4469),(10296,7182),(14040,6840),(9162,4662),(11952,2142)
149,(922,4189),(381,1238),(2305,342),(5305,342),(7407,1240),(7407,4240),(7277,7110),(4277,7110),(1425,6932),(3928,3771),(4334,2097),(4874,4356),(10296,7182),(14040,6840),(9162,4662),(11952,2142)
150,(862,3861),(320,911),(2638,342),(5638,342),(7407,1573),(7407,4573),(6944,7110),(3944,7110),(1365,6604),(3595,3771),(4667,2097),(5207,4356),(10296,7182),(14040,6840),(9162,4662),(11952,2142)
151,(802,3533),(260,583),(2971,342),(5971,342),(7407,1906),(7407,4906),(6611,7110),(3611,7110),(1305,6277),(3262,3771),(5000,2097),(5540,4356),(10296,7182),(14040,6840),(9162,4662),(11952,2142)
152,(741,3206),(305,342),(3305,342),(6305,342),(7407,2240),(7407,5240),(6277,7110),(3277,7110),(1245,5949),(3105,3594),(5157,2274),(5607,4623),(10296,7182),(14040,6840),(9162,4662),(11952,2142)
153,(681,2878),(638,342),(3638,342),(6638,342),(7407,2573),(7407,5573),(5944,7110),(2944,7110),(1185,5621),(3105,3261),(5157,2607),(5607,4956),(10296,7182),(14040,6840),(9162,4662),(11952,2142)
154,(621,2550),(971,342),(3971,342),(6971,342),(7407,2906),(7407,5906),(5611,7110),(2611,7110),(1125,5293),(3105,2928),(5157,2940),(5520,5202),(10296,7182),(14040,6840),(9162,4662),(11952,2142)
155,(561,2222),(1305,342),(4305,342),(7305,342),(7407,3240),(7407,6240),(5277,7110),(2277,7110),(1064,4965),(3105,2594),(5157,3274),(5186,5202),(10296,7182),(14040,6840),(9162,4662),(11952,2142)
156,(501,1894),(1638,342),(4638,342),(7407,573),(7407,3573),(7407,6573),(4944,7110),(1944,7110),(1004,4637),(3105,2261),(5157,3607),(4853,5202),(10296,7182),(14040,6840),(9162,4662),(11952,2142)
157,(441,1566),(1971,342),(4971,342),(7407,906),(7407,3906),(7407,6906),(4611,7110),(1611,7110),(944,4309),(3274,2097),(4988,3771),(4653,5069),(10296,7182),(14040,6840),(9162,4662),(11952,2142)
158,(381,1238),(2305,342),(5305,342),(7407,1240),(7407,4240),(7277,7110),(4277,7110),(1425,6932),(884,3982),(3608,2097),(4654,3771),(4653,4735),(10296,7182),(14040,6840),(9162,4662),(11952,2142)
159,(320,911),(2638,342),(5638,342),(7407,1573),(7407,4573),(6944,7110),(3944,7110),(1365,6604),(824,3654),(3941,2097),(4321,3771),(4653,4402),(10296,7182),(14040,6840),(9162,4662),(11952,2142)
160,(260,583),(2971,342),(5971,342),(7407,1906),(7407,4906),(6611,7110),(3611,7110),(1305,6277),(764,3326),(4274,2097),(3988,3771),(4940,4356),(10296,7182),(14040,6840),(9162,4662),(11952,2142)
161,(305,342),(3305,342),(6305,342),(7407,2240),(7407,5240),(6277,7110),(3277,7110),(1245,5949),(703,2998),(4608,2097),(3654,3771),(5274,4356),(10296,7182),(14040,6840),(9162,4662),(11952,2142)
162,(638,342),(3638,342),(6638,342),(7407,2573),(7407,5573),(5944,7110),(2944,7110),(1185,5621),(643,2670),(4941,2097),(3321,3771),(5607,4356),(10296,7182),(14040,6840),(9162,4662),(11952,2142)
163,(971,342),(3971,342),(6971,342),(7407,2906),(7407,5906),(5611,7110),(2611,7110),(1125,5293),(583,2342),(5157,2214),(3105,3654),(5607,4689),(10296,7182),(14040,6840),(9162,4662),(11952,2142)
164,(1305,342),(4305,342),(7305,342),(7407,3240),(7407,6240),(5277,7110),(2277,7110),(1064,4965),(523,2014),(5157,2548),(3105,3320),(5607,5023),(10296,7182),(14040,6840),(9162,4662),(11952,2142)
165,(1638,342),(4638,342),(7407,573),(7407,3573),(7407,6573),(4944,7110),(1944,7110),(1004,4637),(463,1687),(5157,2881),(3105,2987),(5453,5202),(10296,7182),(14040,6840),(9162,4662),(11952,2142)
166,(1971,342),(4971,342),(7407,906),(7407,3906),(7407,6906),(4611,7110),(1611,7110),(944,4309),(403,1359),(5157,3214),(3105,2654),(5120,5202),(10296,7182),(14040,6840),(9162,4662),(11952,2142)
167,(2305,342),(5305,342),(7407,1240),(7407,4240),(7277,7110),(4277,7110),(1425,6932),(884,3982),(342,1031),(5157,3548),(3105,2320),(4786,5202),(10296,7182),(14040,6840),(9162,4662),(11952,2142)
168,(2638,342),(5638,342),(7407,1573),(7407,4573),(6944,7110),(3944,7110),(1365,6604),(824,3654),(282,703),(5047,3771),(3215,2097),(4653,5002),(10296,7182),(14040,6840),(9162,4662),(11952,2142)
169,(2971,342),(5971,342),(7407,1906),(7407,4906),(6611,7110),(3611,7110),(1305,6277),(764,3326),(222,375),(4714,3771),(3548,2097),(4653,4669),(10296,7182),(14040,6840),(9162,4662),(11952,2142)
170,(3305,342),(6305,342),(7407,2240),(7407,5240),(6277,7110),(3277,7110),(1245,5949),(703,2998),(516,342),(4380,3771),(3882,2097),(4674,4356),(10296,7182),(14040,6840),(9162,4662),(11952,2142)
171,(3638,342),(6638,342),(7407,2573),(7407,5573),(5944,7110),(2944,7110),(1185,5621),(643,2670),(849,342),(4047,3771),(4215,2097),(5007,4356),(10296,7182),(14040,6840),(9162,4662),(11952,2142)
172,(3971,342),(6971,342),(7407,2906),(7407,5906),(5611,7110),(2611,7110),(1125,5293),(583,2342),(1182,342),(3714,3771),(4548,2097),(5340,4356),(10296,7182),(14040,6840),(9162,4662),(11952,2142)
173,(4305,342),(7305,342),(7407,3240),(7407,6240),(5277,7110),(2277,7110),(1064,4965),(523,2014),(1516,342),(3380,3771),(4882,2097),(5607,4423),(10296,7182),(14040,6840),(9162,4662),(11952,2142)
174,(4638,342),(7407,573),(7407,3573),(7407,6573),(4944,7110),(1944,7110),(1004,4637),(463,1687),(1849,342),(3105,3713),(5157,2155),(5607,4756),(10296,7182),(14040,6840),(9162,4662),(11952,2142)
175,(4971,342),(7407,906),(7407,3906),(7407,6906),(4611,7110),(1611,7110),(944,4309),(403,1359),(2182,342),(3105,3380),(5157,2488),(5607,5089),(10296,7182),(14040,6840),(9162,4662),(11952,2142)
176,(5305,342),(7407,1240),(7407,4240),(7277,7110),(4277,7110),(1425,6932),(884,3982),(342,1031),(2516,342),(3105,3046),(5157,2822),(5386,5202),(10296,7182),(14040,6840),(9162,4662),(11952,2142)
177,(5638,342),(7407,1573),(7407,4573),(6944,7110),(3944,7110),(1365,6604),(824,3654),(282,703),(2849,342),(3105,2713),(5157,3155),(5053,5202),(10296,7182),(14040,6840),(9162,4662),(11952,2142)
178,(5971,342),(7407,1906),(7407,4906),(6611,7110),(3611,7110),(1305,6277),(764,3326),(222,375),(3182,342),(3105,2380),(5157,3488),(4720,5202),(10296,7182),(14040,6840),(9162,4662),(11952,2142)
179,(6305,342),(7407,2240),(7407,5240),(6277,7110),(3277,7110),(1245,5949),(703,2998),(516,342),(3516,342),(3156,2097),(5106,3771),(4653,4935),(10296,7182),(14040,6840),(9162,4662),(11952,2142)
180,(6638,342),(7407,2573),(7407,5573),(5944,7110),(2944,7110),(1185,5621),(643,2670),(849,342),(3849,342),(3489,2097),(4773,3771),(4653,4602),(10296,7182),(14040,6840),(9162,4662),(11952,2142)
181,(6971,342),(7407,2906),(7407,5906),(5611,7110),(2611,7110),(1125,5293),(583,2342),(1182,342),(4182,342),(3822,2097),(4440,3771),(4740,4356),(10296,7182),(14040,6840),(9162,4662),(11952,2142)
182,(7305,342),(7407,3240),(7407,6240),(5277,7110),(2277,7110),(1064,4965),(523,2014),(1516,342),(4516,342),(4156,2097),(4106,3771),(5074,4356),(10296,7182),(14040,6840),(9162,4662),(11952,2142)
183,(7407,573),(7407,3573),(7407,6573),(4944,7110),(1944,7110),(1004,4637),(463,1687),(1849,342),(4849,342),(4489,2097),(3773,3771),(5407,4356),(10296,7182),(14040,6840),(9162,4662),(11952,2142)
184,(7407,906),(7407,3906),(7407,6906),(4611,7110),(1611,7110),(944,4309),(403,1359),(2182,342),(5182,342),(4822,2097),(3440,3771),(5607,4489),(10296,7182),(14040,6840),(9162,4662),(11952,2142)
185,(7407,1240),(7407,4240),(7277,7110),(4277,7110),(1425,6932),(884,3982),(342,1031),(2516,342),(5516,342),(5156,2097),(3106,3771),(5607,4823),(10296,7182),(14040,6840),(9162,4662),(11952,2142)
186,(7407,1573),(7407,4573),(6944,7110),(3944,7110),(1365,6605),(824,3654),(282,703),(2849,342),(5849,342),(5157,2429),(3105,3439),(5607,5156),(10296,7182),(14040,6840),(9162,4662),(11952,2142)
187,(7407,1906),(7407,4906),(6611,7110),(3611,7110),(1305,6277),(764,3326),(222,375),(3182,342),(6182,342),(5157,2762),(3105,3106),(5320,5202),(10296,7182),(14040,6840),(9162,4662),(11952,2142)
188,(7407,2240),(7407,5240),(6277,7110),(3277,7110),(1245,5949),(703,2998),(516,342),(3516,342),(6516,342),(5157,3096),(3105,2772),(4986,5202),(10296,7182),(14040,6840),(9162,4662),(11952,2142)
189,(7407,2573),(7407,5573),(5944,7110),(2944,7110),(1185,5621),(643,2670),(849,342),(3849,342),(6849,342),(5157,3429),(3105,2439),(4653,5202),(10296,7182),(14040,6840),(9162,4662),(11952,2142)
190,(7407,2906),(7407,5906),(5611,7110),(2611,7110),(1125,5293),(583,2342),(1182,342),(4182,342),(7182,342),(5157,3762),(3105,2106),(4653,4869),(10296,7182),(14040,6840),(9162,4662),(11952,2142)
191,(7407,3240),(7407,6240),(5277,7110),(2277,7110),(1064,4965),(523,2014),(1516,342),(4516,342),(7407,451),(4832,3771),(3430,2097),(4653,4535),(10296,7182),(14040,6840),(9162,4662),(11952,2142)
192,(7407,3573),(7407,6573),(4944,7110),(1944,7110),(1004,4637),(463,1687),(1849,342),(4849,342),(7407,784),(4499,3771),(3763,2097),(4807,4356),(10296,7182),(14040,6840),(9162,4662),(11952,2142)
193,(7407,3906),(7407,6906),(4611,7110),(1611,7110),(944,4309),(403,1359),(2182,342),(5182,342),(7407,1117),(4166,3771),(4096,2097),(5140,4356),(10296,7182),(14040,6840),(9162,4662),(11952,2142)
194,(7407,4240),(7277,7110),(4277,7110),(1425,6932),(884,3982),(342,1031),(2516,342),(5516,342),(7407,1451),(3832,3771),(4430,2097),(5474,4356),(10296,7182),(14040,6840),(9162,4662),(11952,2142)
195,(7407,4573),(6944,7110),(3944,7110),(1365,6605),(824,3654),(282,703),(2849,342),(5849,342),(7407,1784),(3499,3771),(4763,2097),(5607,4556),(10296,7182),(14040,6840),(9162,4662),(11952,2142)
196,(7407,4906),(6611,7110),(3611,7110),(1305,6277),(764,3326),(222,375),(3182,342),(6182,342),(7407,2117),(3166,3771),(5096,2097),(5607,4889),(10296,7182),(14040,6840),(9162,4662),(11952,2142)
197,(7407,5240),(6277,7110),(3277,7110),(1245,5949),(703,2998),(516,342),(3516,342),(6516,342),(7407,2451),(3105,3498),(5157,2370),(5586,5202),(10296,7182),(14040,6840),(9162,4662),(11952,2142)
198,(7407,5573),(5944,7110),(2944,7110),(1185,5621),(643,2670),(849,342),(3849,342),(6849,342),(7407,2784),(3105,3165),(5157,2703),(5253,5202),(10296,7182),(14040,6840),(9162,4662),(11952,2142)
199,(7407,5906),(5611,7110),(2611,7110),(1125,5293),(583,2342),(1182,342),(4182,342),(7182,342),(7407,3117),(3105,2832),(5157,3036),(4920,5202),(10296,7182),(14040,6840),(9162,4662),(11952,2142)
200,(7407,6240),(5277,7110),(2277,7110),(1064,4965),(523,2014),(1516,342),(4516,342),(7407,451),(7407,3451),(3105,2498),(5157,3370),(4653,5135),(10296,7182),(14040,6840),(9162,4662),(11952,2142)
201,(7407,6573),(4944,7110),(1944,7110),(1004,4637),(463,1687),(1849,342),(4849,342),(7407,784),(7407,3784),(3105,2165),(5157,3703),(4653,4802),(10296,7182),(14040,6840),(9162,4662),(11952,2142)
202,(7407,6906),(4611,7110),(1611,7110),(944,4309),(403,1359),(2182,342),(5182,342),(7407,1117),(7407,4117),(3370,2097),(4892,3771),(4653,4469),(10296,7182),(14040,6840),(9162,4662),(11952,2142)
203,(7277,7110),(4277,7110),(1425,6932),(884,3982),(342,1031),(2516,342),(5516,342),(7407,1451),(7407,4451),(3704,2097),(4558,3771),(4874,4356),(10296,7182),(14040,6840),(9162,4662),(11952,2142)
204,(6944,7110),(3944,7110),(1365,6605),(824,3654),(282,703),(2849,342),(5849,342),(7407,1784),(7407,4784),(4037,2097),(4225,3771),(5207,4356),(10296,7182),(14040,6840),(9162,4662),(11952,2142)
205,(6611,7110),(3611,7110),(1305,6277),(764,3326),(222,375),(3182,342),(6182,342),(7407,2117),(7407,5117),(4370,2097),(3892,3771),(5540,4356),(10296,7182),(14040,6840),(9162,4662),(11952,2142)
206,(6277,7110),(3277,7110),(1245,5949),(703,2998),(516,342),(3516,342),(6516,342),(7407,2451),(7407,5451),(4704,2097),(3558,3771),(5607,4623),(10296,7182),(14040,6840),(9162,4662),(11952,2142)
207,(5944,7110),(2944,7110),(1185,5621),(643,2670),(849,342),(3849,342),(6849,342),(7407,2784),(7407,5784),(5037,2097),(3225,3771),(5607,4956),(10296,7182),(14040,6840),(9162,4662),(11952,2142)
208,(5611,7110),(2611,7110),(1125,5293),(583,2342),(1182,342),(4182,342),(7182,342),(7407,3117),(7407,6117),(5157,2310),(3105,3558),(5520,5202),(10296,7182),(14040,6840),(9162,4662),(11952,2142)
209,(5277,7110),(2277,7110),(1064,4965),(523,2014),(1516,342),(4516,342),(7407,451),(7407,3451),(7407,6451),(5157,2644),(3105,3224),(5186,5202),(10296,7182),(14040,6840),(9162,4662),(11952,2142)
210,(4944,7110),(1944,7110),(1004,4637),(463,1687),(1849,342),(4849,342),(7407,784),(7407,3784),(7407,6784),(5157,2977),(3105,2891),(4853,5202),(10296,7182),(14040,6840),(9162,4662),(11952,2142)
211,(4611,7110),(1611,7110),(944,4309),(403,1359),(2182,342),(5182,342),(7407,1117),(7407,4117),(7400,7110),(5157,3310),(3105,2558),(4653,5069),(10296,7182),(14040,6840),(9162,4662),(11952,2142)
212,(4277,7110),(1425,6932),(884,3982),(342,1031),(2516,342),(5516,342),(7407,1451),(7407,4451),(7066,7110),(5157,3644),(3105,2224),(4653,4735),(10296,7182),(14040,6840),(9162,4662),(11952,2142)
213,(3944,7110),(1365,6605),(824,3654),(282,703),(2849,342),(5849,342),(7407,1784),(7407,4784),(6733,7110),(4951,3771),(3311,2097),(4653,4402),(10296,7182),(14040,6840),(9162,4662),(11952,2142)
214,(3611,7110),(1305,6277),(764,3326),(222,375),(3182,342),(6182,342),(7407,2117),(7407,5117),(6400,7110),(4618,3771),(3644,2097),(4940,4356),(10296,7182),(14040,6840),(9162,4662),(11952,2142)
215,(3277,7110),(1245,5949),(703,2998),(516,342),(3516,342),(6516,342),(7407,2451),(7407,5451),(6066,7110),(4284,3771),(3978,2097),(5274,4356),(10296,7182),(14040,6840),(9162,4662),(11952,2142)
216,(2944,7110),(1185,5621),(643,2670),(849,342),(3849,342),(6849,342),(7407,2784),(7407,5784),(5733,7110),(3951,3771),(4311,2097),(5607,4356),(10296,7182),(14040,6840),(9162,4662),(11952,2142)
217,(2611,7110),(1125,5293),(583,2342),(1182,342),(4182,342),(7182,342),(7407,3117),(7407,6117),(5400,7110),(3618,3771),(4644,2097),(5607,4689),(10296,7182),(14040,6840),(9162,4662),(11952,2142)
218,(2277,7110),(1064,4965),(523,2014),(1516,342),(4516,342),(7407,451),(7407,3451),(7407,6451),(5066,7110),(3284,3771),(4978,2097),(5607,5023),(10296,7182),(14040,6840),(9162,4662),(11952,2142)
219,(1944,7110),(1004,4637),(463,1687),(1849,342),(4849,342),(7407,784),(7407,3784),(7407,6784),(4733,7110),(3105,3617),(5157,2251),(5453,5202),(10296,7182),(14040,6840),(9162,4662),(11952,2142)
220,(1611,7110),(944,4309),(403,1359),(2182,342),(5182,342),(7407,1117),(7407,4117),(7400,7110),(4400,7110),(3105,3284),(5157,2584),(5120,5202),(10296,7182),(14040,6840),(9162,4662),(11952,2142)
221,(1425,6932),(884,3982),(342,1031),(2516,342),(5516,342),(7407,1451),(7407,4451),(7066,7110),(4066,7110),(3105,2950),(5157,2918),(4786,5202),(10296,7182),(14040,6840),(9162,4662),(11952,2142)
222,(1365,6605),(824,3654),(282,703),(2849,342),(5849,342),(7407,1784),(7407,4784),(6733,7110),(3733,7110),(3105,2617),(5157,3251),(4653,5002),(10296,7182),(14040,6840),(9162,4662),(11952,2142)
223,(1305,6277),(764,3326),(222,375),(3182,342),(6182,342),(7407,2117),(7407,5117),(6400,7110),(3400,7110),(3105,2284),(5157,3584),(4653,4669),(10296,7182),(14040,6840),(9162,4662),(11952,2142)
224,(1245,5949),(703,2998),(516,342),(3516,342),(6516,342),(7407,2451),(7407,5451),(6066,7110),(3066,7110),(3252,2097),(5010,3771),(4674,4356),(10296,7182),(14040,6840),(9162,4662),(11952,2142)
225,(1185,5621),(643,2670),(849,342),(3849,342),(6849,342),(7407,2784),(7407,5784),(5733,7110),(2733,7110),(3585,2097),(4677,3771),(5007,4356),(10296,7182),(14040,6840),(9162,4662),(11952,2142)
226,(1125,5293),(583,2342),(1182,342),(4182,342),(7182,342),(7407,3117),(7407,6117),(5400,7110),(2400,7110),(3918,2097),(4344,3771),(5340,4356),(10296,7182),(14040,6840),(9162,4662),(11952,2142)
227,(1064,4965),(523,2014),(1516,342),(4516,342),(7407,451),(7407,3451),(7407,6451),(5066,7110),(2066,7110),(4252,2097),(4010,3771),(5607,4423),(10296,7182),(14040,6840),(9162,4662),(11952,2142)
228,(1004,4637),(463,1687),(1849,342),(4849,342),(7407,784),(7407,3784),(7407,6784),(4733,7110),(1733,7110),(4585,2097),(3677,3771),(5607,4756),(10296,7182),(14040,6840),(9162,4662),(11952,2142)
229,(944,4310),(403,1359),(2182,342),(5182,342),(7407,1117),(7407,4117),(7400,7110),(4400,7110),(1447,7053),(4918,2097),(3344,3771),(5607,5089),(10296,7182),(14040,6840),(9162,4662),(11952,2142)
230,(884,3982),(342,1031),(2516,342),(5516,342),(7407,1451),(7407,4451),(7066,7110),(4066,7110),(1387,6725),(5157,2192),(3105,3676),(5386,5202),(10296,7182),(14040,6840),(9162,4662),(11952,2142)
231,(824,3654),(282,703),(2849,342),(5849,342),(7407,1784),(7407,4784),(6733,7110),(3733,7110),(1327,6397),(5157,2525),(3105,3343),(5053,5202),(10296,7182),(14040,6840),(9162,4662),(11952,2142)
232,(764,3326),(222,375),(3182,342),(6182,342),(7407,2117),(7407,5117),(6400,7110),(3400,7110),(1267,6069),(5157,2858),(3105,3010),(4720,5202),(10296,7182),(14040,6840),(9162,4662),(11952,2142)
233,(703,2998),(516,342),(3516,342),(6516,342),(7407,2451),(7407,5451),(6066,7110),(3066,7110),(1207,5741),(5157,3192),(3105,2676),(4653,4935),(10296,7182),(14040,6840),(9162,4662),(11952,2142)
234,(643,2670),(849,342),(3849,342),(6849,342),(7407,2784),(7407,5784),(5733,7110),(2733,7110),(1147,5413),(5157,3525),(3105,2343),(4653,4602),(10296,7182),(14040,6840),(9162,4662),(11952,2142)
235,(583,2342),(1182,342),(4182,342),(7182,342),(7407,3117),(7407,6117),(5400,7110),(2400,7110),(1086,5086),(5070,3771),(3192,2097),(4740,4356),(10296,7182),(14040,6840),(9162,4662),(11952,2142)
236,(523,2014),(1516,342),(4516,342),(7407,451),(7407,3451),(7407,6451),(5066,7110),(2066,7110),(1026,4758),(4736,3771),(3526,2097),(5074,4356),(10296,7182),(14040,6840),(9162,4662),(11952,2142)
237,(463,1687),(1849,342),(4849,342),(7407,784),(7407,3784),(7407,6784),(4733,7110),(1733,7110),(966,4430),(4403,3771),(3859,2097),(5407,4356),(10296,7182),(14040,6840),(9162,4662),(11952,2142)
238,(403,1359),(2182,342),(5182,342),(7407,1117),(7407,4117),(7400,7110),(4400,7110),(1447,7053),(906,4102),(4070,3771),(4192,2097),(5607,4489),(10296,7182),(14040,6840),(9162,4662),(11952,2142)
239,(342,1031),(2516,342),(5516,342),(7407,1451),(7407,4451),(7066,7110),(4066,7110),(1387,6725),(846,3774),(3736,3771),(4526,2097),(5607,4823),(10296,7182),(14040,6840),(9162,4662),(11952,2142)
240,(282,703),(2849,342),(5849,342),(7407,1784),(7407,4784),(6733,7110),(3733,7110),(1327,6397),(786,3446),(3403,3771),(4859,2097),(5607,5156),(10296,7182),(14040,6840),(9162,4662),(11952,2142)
End