纬度 经度 角度(北顺) 速度(m/s) 压强(毫巴)
40.00 46.00 277.30 6.16 398.17
40.00 47.00 283.02 5.65 529.92
40.00 48.00 280.31 12.74 633.78
40.00 49.00 268.63 15.48 683.20
40.00 50.00 268.26 11.70 505.14
40.00 51.00 270.73 15.35 457.38
40.00 52.00 259.59 16.06 657.85
40.00 53.00 269.62 7.80 752.24
40.00 54.00 253.67 11.22 746.98
40.00 55.00 253.75 11.36 640.14
40.00 56.00 251.92 10.84 628.61
40.00 57.00 247.69 9.78 498.75
40.00 58.00 240.68 21.62 397.80
40.00 59.00 240.97 22.56 344.88
40.00 60.00 244.79 25.81 385.02
40.00 61.00 243.08 25.85 374.64
40.00 62.00 240.43 25.55 467.24
40.00 63.00 251.86 10.63 409.17
40.00 64.00 250.29 12.17 457.92
40.00 69.00 284.30 15.00 502.55
40.00 70.00 267.91 21.12 475.83
40.00 71.00 272.84 13.99 360.61
40.00 72.00 277.51 19.02 427.67
40.00 73.00 273.02 7.20 562.05
40.00 74.00 288.40 5.74 507.75
40.00 85.00 272.05 15.89 566.62
40.00 86.00 272.46 14.98 564.98
40.00 87.00 276.54 5.40 536.51
40.00 88.00 276.42 4.48 576.32
40.00 124.00 68.45 6.01 654.75
39.00 46.00 282.62 8.74 448.59
39.00 47.00 288.21 7.50 496.52
39.00 48.00 288.09 9.48 495.48
39.00 49.00 272.11 15.56 699.39
39.00 50.00 273.09 15.17 788.53
39.00 51.00 274.02 13.92 595.20
39.00 52.00 261.11 13.76 495.89
39.00 53.00 249.54 7.39 628.97
39.00 54.00 250.64 7.59 594.29
39.00 55.00 235.55 10.91 602.28
39.00 56.00 242.19 12.77 658.97
39.00 57.00 235.15 11.40 350.60
39.00 58.00 244.43 21.63 435.88
39.00 59.00 243.60 21.95 362.30
39.00 60.00 241.64 21.84 455.48
39.00 61.00 238.44 21.38 476.17
39.00 62.00 244.83 19.22 552.53
39.00 63.00 238.79 17.96 544.32
39.00 64.00 253.63 11.35 535.07
39.00 69.00 274.62 15.33 441.25
39.00 70.00 280.38 17.44 447.37
39.00 71.00 265.57 19.78 395.74
38.00 46.00 281.82 9.37 637.53
38.00 47.00 288.01 7.39 605.74
38.00 48.00 288.97 8.64 589.58
38.00 49.00 291.35 8.92 733.13
38.00 50.00 288.14 12.06 807.21
38.00 52.00 256.36 10.53 821.21
38.00 53.00 257.38 10.78 838.51
38.00 54.00 246.68 6.84 770.89
38.00 55.00 253.69 9.03 726.94
38.00 56.00 234.96 11.11 511.83
38.00 57.00 256.26 11.37 411.41
38.00 58.00 244.87 14.97 403.44
38.00 59.00 242.22 21.32 359.18
38.00 60.00 238.99 20.67 380.04
38.00 61.00 240.08 22.27 520.39
38.00 62.00 239.26 16.89 541.86
38.00 63.00 243.49 20.31 473.60
38.00 64.00 248.87 26.17 479.23
38.00 65.00 251.37 22.38 325.76
38.00 66.00 260.50 27.39 380.25
38.00 69.00 275.48 7.37 410.24
38.00 70.00 279.31 18.00 453.50
38.00 71.00 264.91 19.74 430.54
38.00 106.00 4.04 7.71 751.34
38.00 123.00 43.24 4.83 1000.00
37.00 46.00 274.97 21.76 371.22
37.00 47.00 278.64 9.86 655.74
37.00 48.00 280.80 10.32 583.07
37.00 49.00 283.30 9.69 411.89
37.00 50.00 287.28 8.15 748.63
37.00 51.00 286.58 9.65 831.25
37.00 55.00 266.90 7.57 775.79
37.00 56.00 266.59 8.43 337.58
37.00 57.00 241.23 15.13 321.14
37.00 58.00 239.99 21.47 366.99
37.00 59.00 236.78 20.77 343.95
37.00 60.00 234.47 26.28 440.29
37.00 64.00 252.85 24.52 603.72
37.00 65.00 252.14 26.48 400.78
37.00 66.00 264.01 24.80 353.98
37.00 67.00 261.71 25.62 331.95
37.00 68.00 257.32 23.11 350.59
37.00 69.00 270.23 23.79 369.31
37.00 70.00 266.68 23.19 467.39
37.00 104.00 6.33 7.00 604.75
37.00 119.00 56.15 5.04 876.08
37.00 121.00 33.79 3.32 775.64
36.00 46.00 279.46 17.63 406.44
36.00 47.00 280.67 18.31 641.24
36.00 48.00 284.65 13.67 408.50
36.00 49.00 294.41 8.38 580.11
36.00 50.00 292.27 10.15 617.34
36.00 51.00 274.75 7.76 547.06
36.00 55.00 258.96 11.57 680.60
36.00 56.00 219.06 22.18 327.16
36.00 57.00 227.85 19.88 338.71
36.00 58.00 231.92 21.63 113.25
36.00 59.00 243.42 21.71 262.71
36.00 60.00 252.57 22.04 485.12
36.00 64.00 254.22 22.76 371.58
36.00 65.00 255.14 27.04 361.14
36.00 66.00 250.84 24.96 459.57
36.00 67.00 263.80 25.03 330.72
36.00 68.00 260.80 24.75 288.15
36.00 69.00 265.06 24.31 462.88
36.00 70.00 276.55 24.62 482.67
36.00 120.00 78.72 2.61 815.75
35.00 46.00 281.47 16.29 620.79
35.00 47.00 282.92 16.31 705.38
35.00 48.00 293.31 18.87 381.45
35.00 49.00 288.08 13.24 524.49
35.00 50.00 288.03 14.24 601.16
35.00 51.00 277.36 7.31 734.37
35.00 52.00 278.81 6.44 744.01
35.00 53.00 277.78 8.53 663.03
35.00 54.00 276.09 13.44 684.12
35.00 55.00 260.81 12.11 778.90
35.00 56.00 220.07 21.78 364.65
35.00 57.00 216.65 21.47 391.85
35.00 58.00 236.44 22.91 285.61
35.00 59.00 245.79 22.75 269.39
35.00 64.00 286.93 10.17 319.71
35.00 65.00 261.25 24.35 324.32
35.00 66.00 260.29 27.42 433.69
35.00 67.00 264.52 27.14 459.51
35.00 68.00 261.47 26.14 312.95
35.00 69.00 265.22 25.00 416.81
35.00 70.00 275.96 27.61 489.94
35.00 89.00 4.61 0.44 422.87
35.00 90.00 88.58 1.67 416.92
35.00 118.00 74.27 2.47 832.69
35.00 119.00 69.61 2.16 810.28
34.00 47.00 289.17 20.27 652.82
34.00 48.00 283.03 15.22 585.67
34.00 49.00 291.34 19.82 538.48
34.00 50.00 283.72 16.82 635.33
34.00 51.00 298.05 15.66 605.66
34.00 52.00 273.57 4.00 714.63
34.00 53.00 273.73 5.47 732.61
34.00 54.00 273.33 17.33 738.11
34.00 55.00 272.84 16.76 758.13
34.00 56.00 234.48 22.03 320.28
34.00 57.00 236.54 23.43 369.14
34.00 58.00 223.33 19.62 329.59
34.00 59.00 240.03 20.79 253.41
34.00 64.00 279.39 13.44 341.33
34.00 65.00 253.71 27.53 311.31
34.00 66.00 258.00 26.79 311.09
34.00 67.00 262.02 25.74 324.78
34.00 68.00 265.97 24.39 420.43
34.00 69.00 277.67 23.81 567.18
34.00 70.00 274.23 23.90 608.93
34.00 88.00 41.09 3.90 402.77
34.00 89.00 37.53 3.44 392.72
34.00 90.00 32.78 2.86 392.17
34.00 91.00 24.09 2.15 407.87
34.00 94.00 24.29 3.72 422.33
34.00 101.00 67.97 3.15 532.29
34.00 107.00 0.32 3.38 677.22
34.00 109.00 4.81 1.95 688.70
34.00 117.00 37.87 4.21 855.42
34.00 118.00 47.28 5.18 897.43
33.00 46.00 275.04 21.94 852.59
33.00 47.00 285.87 19.06 742.50
33.00 48.00 288.70 16.69 744.10
33.00 49.00 288.88 17.36 554.18
33.00 50.00 289.82 16.98 557.37
33.00 51.00 291.71 15.64 660.00
33.00 52.00 288.51 6.63 679.26
33.00 53.00 294.09 14.00 692.12
33.00 54.00 278.33 18.28 730.02
33.00 55.00 268.19 18.98 750.74
33.00 56.00 267.91 20.60 396.07
33.00 57.00 238.45 21.38 550.33
33.00 58.00 237.81 21.78 517.54
33.00 64.00 263.83 21.87 479.44
33.00 65.00 256.57 27.13 447.69
33.00 66.00 258.92 22.78 424.04
33.00 67.00 264.50 24.25 496.17
33.00 68.00 269.05 25.43 432.13
33.00 69.00 266.08 25.59 572.23
33.00 70.00 276.05 29.85 436.13
33.00 71.00 273.33 25.86 729.89
33.00 89.00 57.35 0.78 423.02
33.00 100.00 135.64 3.76 489.42
33.00 116.00 50.97 1.73 864.70
33.00 117.00 69.37 4.20 877.88
33.00 118.00 51.58 2.71 950.54
33.00 126.00 318.39 9.91 809.08
32.00 46.00 282.72 30.08 854.16
32.00 48.00 288.57 20.56 741.63
32.00 49.00 289.12 20.51 341.97
32.00 50.00 290.41 19.46 413.18
32.00 51.00 292.68 17.46 574.21
32.00 52.00 305.09 11.34 677.84
32.00 53.00 296.58 14.58 712.04
32.00 54.00 297.74 13.66 713.28
32.00 55.00 270.68 21.70 748.60
32.00 56.00 269.50 19.00 582.73
32.00 57.00 268.51 19.16 647.16
32.00 58.00 250.04 21.25 340.72
32.00 59.00 253.71 16.90 499.08
32.00 60.00 256.51 21.67 724.44
32.00 61.00 262.21 19.53 658.74
32.00 62.00 260.11 19.72 545.63
32.00 63.00 251.12 22.69 378.51
32.00 64.00 250.92 25.00 297.66
32.00 65.00 257.21 26.47 466.57
32.00 66.00 259.28 21.51 585.63
32.00 67.00 256.59 22.27 449.34
32.00 68.00 261.64 22.48 535.22
32.00 69.00 266.82 25.48 470.43
32.00 70.00 276.74 29.10 568.02
32.00 71.00 273.60 30.52 540.24
32.00 90.00 43.41 0.40 387.28
32.00 116.00 56.29 3.30 922.33
32.00 117.00 47.40 3.27 942.46
32.00 119.00 46.16 3.93 981.71
32.00 126.00 322.29 15.01 816.97
31.00 49.00 291.57 18.15 872.87
31.00 50.00 289.70 20.35 746.35
31.00 51.00 297.74 14.14 650.99
31.00 52.00 305.72 11.06 597.50
31.00 53.00 307.08 10.50 687.41
31.00 54.00 300.25 12.26 685.51
31.00 55.00 304.83 16.47 702.57
31.00 56.00 269.16 20.05 448.59
31.00 57.00 268.00 19.60 459.94
31.00 58.00 255.80 17.87 517.17
31.00 59.00 251.98 16.29 779.74
31.00 60.00 263.87 20.76 750.03
31.00 61.00 255.65 23.95 741.86
31.00 62.00 253.43 23.67 673.43
31.00 63.00 250.39 22.93 316.07
31.00 64.00 257.31 24.35 537.43
31.00 65.00 255.62 25.49 680.36
31.00 66.00 258.92 22.94 457.74
31.00 67.00 263.84 23.11 512.03
31.00 68.00 260.41 22.66 528.74
31.00 69.00 265.48 24.97 519.56
31.00 70.00 275.35 30.81 656.61
31.00 71.00 272.53 28.61 641.44
31.00 115.00 61.55 2.35 870.22
31.00 116.00 62.65 3.53 798.41
31.00 117.00 59.41 3.97 838.06
31.00 118.00 50.77 3.71 974.66
31.00 119.00 27.22 2.98 1000.00
31.00 122.00 42.93 4.02 1000.00
31.00 126.00 318.01 15.86 824.44
30.00 50.00 297.61 12.29 879.29
30.00 51.00 305.86 9.53 807.87
30.00 52.00 306.10 9.31 646.79
30.00 54.00 268.18 19.89 662.34
30.00 55.00 300.72 16.23 469.54
30.00 56.00 297.37 9.64 477.31
30.00 57.00 300.55 14.60 396.99
30.00 60.00 269.53 22.85 757.70
30.00 61.00 249.05 28.39 752.52
30.00 62.00 246.49 27.73 655.28
30.00 63.00 255.26 22.51 637.66
30.00 64.00 255.86 26.68 620.88
30.00 65.00 253.85 27.26 447.85
30.00 66.00 263.88 24.13 470.75
30.00 67.00 261.99 26.57 549.22
30.00 68.00 256.80 22.60 391.81
30.00 69.00 269.25 24.46 589.06
30.00 70.00 266.03 25.38 646.67
30.00 71.00 269.68 29.33 685.45
30.00 100.00 59.55 3.92 452.25
30.00 101.00 6.83 4.09 516.24
30.00 102.00 2.76 5.92 431.99
30.00 113.00 2.52 2.14 888.12
30.00 114.00 50.54 4.39 903.51
30.00 115.00 33.99 4.15 933.21
30.00 116.00 78.27 2.63 933.86
30.00 117.00 74.05 3.58 949.82
30.00 118.00 69.12 3.74 725.44
30.00 119.00 59.15 3.10 704.02
30.00 120.00 68.01 5.01 964.34
30.00 121.00 43.86 2.73 984.14
30.00 123.00 0.11 9.21 921.71
30.00 126.00 321.66 14.40 559.88
29.00 46.00 274.53 3.30 801.16
29.00 51.00 287.00 14.14 855.85
29.00 52.00 287.33 13.25 680.85
29.00 53.00 299.23 14.27 530.97
29.00 54.00 272.23 21.61 522.83
29.00 60.00 297.35 14.78 667.39
29.00 63.00 254.46 28.18 309.82
29.00 64.00 257.45 25.46 392.69
29.00 65.00 262.05 25.41 298.38
29.00 66.00 259.05 24.76 603.18
29.00 67.00 264.02 26.77 580.90
29.00 68.00 258.84 22.11 691.97
29.00 69.00 271.20 26.62 725.12
29.00 70.00 268.05 26.86 791.53
29.00 92.00 41.01 1.08 541.91
29.00 98.00 24.29 2.36 574.89
29.00 99.00 66.35 2.04 585.76
29.00 100.00 48.03 4.19 554.88
29.00 101.00 9.39 1.44 574.21
29.00 102.00 11.80 3.33 549.14
29.00 103.00 65.00 3.50 567.96
29.00 114.00 49.84 1.02 854.81
29.00 115.00 70.15 4.00 839.29
29.00 116.00 53.37 3.15 936.18
29.00 117.00 59.15 4.68 853.94
29.00 118.00 58.89 5.45 731.13
29.00 119.00 54.67 5.46 957.23
29.00 121.00 84.19 3.33 965.27
29.00 126.00 318.97 12.94 588.30
28.00 52.00 293.32 11.62 367.69
28.00 53.00 297.02 9.35 611.17
28.00 54.00 294.06 9.66 769.76
28.00 55.00 264.32 20.58 741.65
28.00 60.00 292.43 9.89 478.20
28.00 61.00 296.10 21.93 533.83
28.00 62.00 303.17 21.85 628.10
28.00 63.00 259.51 23.93 299.74
28.00 64.00 265.39 27.19 369.02
28.00 65.00 262.76 26.36 405.43
28.00 66.00 259.54 25.12 626.98
28.00 67.00 264.12 26.56 677.51
28.00 68.00 260.21 24.34 822.09
28.00 98.00 47.08 2.84 476.77
28.00 99.00 39.94 0.96 512.43
28.00 100.00 41.50 3.62 485.99
28.00 101.00 67.97 3.42 688.48
28.00 102.00 20.98 3.39 632.85
28.00 103.00 39.61 1.94 598.83
28.00 114.00 62.03 2.35 879.64
28.00 115.00 50.74 2.82 885.77
28.00 116.00 31.08 2.84 772.69
28.00 117.00 50.09 4.61 744.47
28.00 118.00 86.89 3.36 960.68
28.00 119.00 81.29 3.70 934.75
28.00 120.00 74.63 3.14 969.97
28.00 122.00 0.37 4.69 1000.00
28.00 126.00 324.32 13.46 634.98
27.00 52.00 287.41 15.94 769.47
27.00 54.00 273.36 25.68 783.68
27.00 55.00 279.10 25.97 726.22
27.00 56.00 271.09 22.41 633.81
27.00 60.00 302.95 12.05 824.84
27.00 61.00 297.00 12.54 629.81
27.00 62.00 299.56 9.51 646.56
27.00 63.00 294.60 8.81 466.13
27.00 64.00 306.56 15.27 363.60
27.00 65.00 261.57 26.86 706.29
27.00 66.00 258.01 25.13 949.21
27.00 67.00 262.40 25.95 848.78
27.00 68.00 257.85 23.28 827.09
27.00 87.00 65.21 2.25 762.35
27.00 88.00 20.04 0.98 690.91
27.00 89.00 65.14 1.58 720.91
27.00 100.00 36.14 2.18 647.53
27.00 101.00 81.30 2.67 639.37
27.00 102.00 30.01 2.56 704.13
27.00 103.00 71.30 1.92 617.75
27.00 104.00 49.99 3.47 591.10
27.00 114.00 73.73 2.63 907.76
27.00 115.00 65.42 3.50 998.83
27.00 120.00 16.09 7.87 734.21
27.00 121.00 7.34 7.95 1000.00
27.00 126.00 276.14 28.61 628.17
26.00 46.00 292.01 3.93 735.94
26.00 53.00 279.97 23.00 728.87
26.00 54.00 278.18 25.79 714.25
26.00 55.00 277.41 23.97 746.12
26.00 56.00 275.96 24.92 783.43
26.00 57.00 274.87 21.45 680.95
26.00 58.00 273.23 17.29 686.37
26.00 61.00 278.22 8.77 663.26
26.00 62.00 289.57 10.12 564.23
26.00 63.00 284.97 9.07 407.68
26.00 67.00 295.83 0.85 857.10
26.00 68.00 332.84 2.45 854.08
26.00 100.00 46.46 4.63 679.03
26.00 101.00 51.39 2.99 723.27
26.00 102.00 62.42 0.98 720.44
26.00 104.00 22.90 0.67 611.45
26.00 116.00 16.51 4.56 669.01
26.00 117.00 8.63 5.09 601.41
26.00 118.00 29.78 6.47 633.08
26.00 120.00 14.22 10.33 583.33
26.00 126.00 314.95 14.69 462.17
25.00 46.00 288.75 1.10 743.11
25.00 52.00 277.71 21.32 793.56
25.00 68.00 319.50 3.93 860.64
25.00 69.00 320.95 1.80 774.09
25.00 70.00 314.74 4.17 727.10
25.00 100.00 66.54 1.61 737.07
25.00 101.00 30.85 3.01 706.74
25.00 113.00 51.72 5.14 648.29
25.00 114.00 67.85 2.25 617.38
25.00 120.00 3.28 8.28 677.62
25.00 126.00 345.21 6.99 489.35
24.00 46.00 301.93 3.64 758.69
24.00 53.00 287.16 21.34 748.78
24.00 54.00 286.90 19.45 603.62
24.00 55.00 284.51 20.22 691.43
24.00 115.00 7.27 5.63 961.70
24.00 117.00 24.42 4.32 619.52
24.00 126.00 308.92 11.80 497.85
23.00 54.00 286.88 20.05 636.89
23.00 113.00 47.28 5.06 1000.00
23.00 114.00 40.25 5.85 1000.00
23.00 115.00 28.89 6.22 679.20
23.00 119.00 57.05 4.05 866.03
23.00 121.00 80.04 1.37 593.78
23.00 123.00 14.90 4.70 534.41
23.00 126.00 310.48 7.98 501.69
22.00 52.00 292.77 17.06 793.84
22.00 111.00 78.25 0.93 642.21
22.00 115.00 9.67 4.71 642.73
22.00 116.00 2.39 8.80 606.36
22.00 117.00 2.18 3.29 640.35
22.00 118.00 47.09 6.08 647.05
22.00 119.00 40.09 6.45 910.70
22.00 120.00 26.29 6.34 717.87
22.00 126.00 305.88 8.89 539.53
21.00 117.00 26.72 5.82 587.50
21.00 119.00 37.08 4.76 581.71
21.00 126.00 295.74 10.56 575.53
20.00 113.00 10.53 8.36 612.53
20.00 116.00 16.18 8.92 604.54
20.00 117.00 32.57 7.66 607.79
20.00 118.00 37.13 9.35 647.79
20.00 119.00 16.69 5.48 727.29
20.00 126.00 310.13 5.98 862.26
19.00 104.00 55.00 1.22 753.37
19.00 105.00 39.38 3.21 678.63
19.00 106.00 60.97 2.37 694.10
19.00 112.00 45.00 5.79 587.74
19.00 113.00 24.61 9.39 588.04
19.00 114.00 13.10 6.89 607.14
19.00 115.00 17.70 8.34 602.09
19.00 116.00 16.09 9.48 646.28
19.00 117.00 49.31 10.94 649.96
19.00 126.00 282.64 9.43 612.22
18.00 62.00 11.85 5.52 866.31
18.00 105.00 16.14 1.86 794.91
18.00 106.00 62.37 1.09 667.89
18.00 107.00 30.38 2.57 753.90
18.00 112.00 27.50 4.32 751.14
18.00 113.00 28.30 12.92 680.78
18.00 114.00 38.70 12.35 799.52
18.00 116.00 38.69 15.63 728.45
18.00 117.00 47.98 10.79 738.41
18.00 121.00 34.02 2.68 731.80
18.00 122.00 34.67 7.71 805.14
17.00 106.00 51.04 3.73 789.73
17.00 107.00 70.71 3.35 599.24
17.00 108.00 49.82 4.32 572.79
17.00 113.00 33.43 12.69 722.48
17.00 117.00 45.50 9.71 770.36
17.00 122.00 5.81 3.28 689.89
17.00 123.00 17.87 7.79 649.72
17.00 124.00 16.42 8.78 735.34
17.00 125.00 36.05 7.79 772.63
17.00 126.00 41.36 9.66 722.72
16.00 99.00 205.21 1.67 696.90
16.00 106.00 51.06 1.05 784.99
16.00 107.00 36.88 3.08 680.58
16.00 123.00 19.22 7.51 693.89
15.00 103.00 210.77 18.90 791.92
15.00 106.00 49.32 2.28 563.41
15.00 122.00 27.80 9.22 746.54
15.00 123.00 55.77 11.40 794.62
14.00 103.00 216.96 16.23 705.23
14.00 104.00 206.63 15.56 650.55
14.00 105.00 197.37 15.60 642.64
14.00 106.00 200.72 17.01 517.13
14.00 107.00 208.69 15.98 574.86
14.00 108.00 209.12 13.92 596.69
14.00 109.00 207.35 15.01 526.33
14.00 110.00 203.09 9.33 568.55
14.00 113.00 239.09 6.89 745.26
14.00 116.00 215.08 13.20 647.05
14.00 119.00 40.45 7.52 708.18
14.00 122.00 16.31 7.13 725.51
13.00 96.00 174.02 81.94 591.35
13.00 97.00 202.24 6.58 266.85
13.00 98.00 220.67 8.74 496.49
13.00 99.00 205.28 8.03 710.85
13.00 100.00 203.31 11.80 745.69
13.00 101.00 203.77 15.82 631.77
13.00 102.00 191.10 9.56 678.03
13.00 103.00 198.94 13.88 415.31
13.00 104.00 185.41 14.03 435.41
13.00 105.00 187.07 12.03 678.62
13.00 106.00 190.88 13.13 504.95
13.00 107.00 199.15 11.59 525.22
13.00 108.00 200.23 6.48 565.13
13.00 109.00 195.32 7.42 460.32
13.00 110.00 200.86 5.69 601.52
13.00 112.00 213.90 9.27 528.05
13.00 113.00 231.58 9.64 708.79
12.00 80.00 32.99 3.93 715.78
12.00 87.00 198.51 10.65 442.75
12.00 89.00 210.64 5.19 676.26
12.00 96.00 175.30 3.59 194.41
12.00 97.00 209.52 4.65 240.43
12.00 98.00 215.73 9.18 522.79
12.00 99.00 199.25 8.50 761.02
12.00 100.00 183.74 11.56 683.11
12.00 101.00 190.61 9.45 571.66
12.00 102.00 198.62 10.55 780.43
12.00 103.00 192.90 11.02 621.58
12.00 104.00 189.01 14.62 512.11
12.00 105.00 190.00 12.55 486.78
12.00 106.00 194.27 10.64 423.74
12.00 107.00 203.79 9.08 372.10
12.00 108.00 158.40 3.61 420.22
12.00 109.00 155.71 4.75 632.02
12.00 116.00 70.27 7.32 713.72
11.00 81.00 43.31 2.99 645.23
11.00 89.00 198.85 6.22 786.83
11.00 90.00 205.91 6.68 807.09
11.00 94.00 146.84 1.46 483.85
11.00 96.00 181.93 4.84 669.60
11.00 97.00 175.32 5.28 708.10
11.00 98.00 201.17 6.16 706.95
11.00 99.00 166.88 3.45 739.17
11.00 100.00 178.51 6.81 296.01
11.00 101.00 162.77 7.72 436.91
11.00 102.00 173.14 8.10 278.36
11.00 103.00 157.69 6.27 196.92
11.00 104.00 179.52 6.56 697.56
11.00 105.00 196.80 10.69 272.11
11.00 106.00 179.21 5.21 227.67
11.00 107.00 141.45 3.94 265.01
11.00 108.00 168.05 4.08 590.82
11.00 109.00 160.57 5.18 636.26
11.00 110.00 142.78 3.63 724.05
11.00 111.00 168.79 6.95 667.52
11.00 113.00 165.83 6.14 406.91
11.00 115.00 85.27 9.30 599.05
10.00 89.00 190.59 7.75 342.91
10.00 94.00 90.50 2.58 740.30
10.00 95.00 161.99 3.36 518.63
10.00 96.00 97.38 5.13 674.21
10.00 97.00 178.50 3.95 621.38
10.00 100.00 146.31 6.37 344.91
10.00 101.00 134.09 4.28 271.33
10.00 102.00 125.18 6.11 541.48
10.00 103.00 139.97 5.44 436.80
10.00 104.00 136.89 6.56 434.79
10.00 105.00 137.88 7.37 298.69
10.00 106.00 149.64 3.90 303.65
10.00 107.00 104.70 4.71 520.69
10.00 111.00 172.10 7.59 725.41
10.00 112.00 180.52 8.46 714.19
10.00 113.00 165.75 6.68 532.16
10.00 114.00 126.79 7.42 517.51
9.00 79.00 172.17 13.52 634.54
9.00 83.00 172.04 9.84 766.28
9.00 89.00 192.11 4.04 332.46
9.00 95.00 111.32 6.14 452.55
9.00 96.00 109.74 7.50 156.76
9.00 97.00 109.44 8.63 461.00
9.00 101.00 145.42 5.66 410.77
9.00 105.00 143.09 5.10 518.03
9.00 106.00 146.20 5.69 494.86
9.00 109.00 112.51 10.15 343.08
9.00 110.00 124.13 8.36 280.51
9.00 111.00 128.50 8.82 289.75
9.00 112.00 138.73 4.66 183.32
9.00 113.00 132.37 6.42 229.73
9.00 114.00 132.77 7.65 729.91
9.00 116.00 129.61 6.52 712.22
9.00 122.00 134.65 10.47 718.69
9.00 124.00 140.05 12.53 698.55
9.00 125.00 59.54 7.72 630.90
8.00 71.00 35.67 5.23 552.53
8.00 78.00 155.35 17.41 698.42
8.00 79.00 165.90 13.13 385.72
8.00 88.00 121.70 6.36 514.81
8.00 89.00 144.36 4.21 328.80
8.00 94.00 116.49 9.32 659.64
8.00 95.00 102.25 7.52 693.52
8.00 100.00 134.92 4.70 466.90
8.00 101.00 140.07 4.90 670.19
8.00 103.00 136.99 6.42 427.40
8.00 106.00 94.85 7.31 581.05
8.00 107.00 99.81 7.14 317.05
8.00 108.00 101.09 9.44 281.37
8.00 109.00 102.68 11.15 107.91
8.00 110.00 91.26 12.03 161.56
8.00 111.00 96.29 9.10 149.69
8.00 112.00 101.53 8.66 255.23
8.00 113.00 158.31 8.97 97.05
8.00 116.00 138.98 6.60 630.96
8.00 118.00 133.33 9.73 732.48
8.00 121.00 119.76 13.03 591.06
8.00 122.00 122.38 13.88 433.93
8.00 123.00 127.00 9.27 464.34
8.00 124.00 136.86 13.02 697.31
8.00 126.00 88.82 6.40 696.69
7.00 87.00 109.98 8.94 289.04
7.00 88.00 95.61 2.88 170.51
7.00 89.00 166.36 0.35 331.34
7.00 94.00 98.33 6.91 352.71
7.00 95.00 114.68 9.62 634.87
7.00 96.00 112.14 11.28 668.00
7.00 97.00 116.63 10.11 322.01
7.00 98.00 123.57 8.75 522.15
7.00 100.00 134.77 7.86 689.50
7.00 102.00 112.96 8.88 539.86
7.00 105.00 105.85 7.33 542.48
7.00 106.00 103.11 10.90 398.86
7.00 107.00 90.86 10.71 491.15
7.00 108.00 94.05 10.06 347.12
7.00 109.00 96.09 11.89 229.30
7.00 110.00 100.87 9.94 195.12
7.00 111.00 110.02 7.36 208.74
7.00 112.00 92.66 6.70 337.52
7.00 113.00 126.18 6.52 286.39
7.00 114.00 145.52 5.55 216.00
7.00 115.00 146.50 6.34 628.23
7.00 116.00 114.96 7.31 444.72
7.00 117.00 113.69 9.48 371.52
7.00 118.00 128.72 16.48 589.10
7.00 120.00 109.52 9.81 735.84
7.00 121.00 123.29 12.73 578.35
7.00 122.00 124.95 13.67 183.61
7.00 123.00 111.78 7.89 224.24
7.00 124.00 143.24 8.46 430.94
7.00 125.00 127.42 7.78 656.33
7.00 126.00 135.04 7.99 618.56
6.00 88.00 94.51 3.09 262.69
6.00 89.00 95.11 3.25 506.41
6.00 90.00 96.18 3.33 637.42
6.00 91.00 97.82 3.32 480.49
6.00 94.00 96.17 7.97 682.00
6.00 95.00 111.02 10.70 233.06
6.00 96.00 114.22 9.87 428.49
6.00 97.00 111.99 11.42 332.05
6.00 98.00 126.63 7.64 701.51
6.00 99.00 124.41 8.55 495.50
6.00 100.00 123.99 9.18 748.34
6.00 101.00 116.94 11.99 383.50
6.00 102.00 105.73 10.93 607.44
6.00 103.00 108.80 10.34 554.49
6.00 104.00 94.36 11.69 511.48
6.00 105.00 97.53 9.97 450.56
6.00 106.00 99.30 10.71 412.17
6.00 107.00 101.55 10.88 612.54
6.00 108.00 104.68 10.47 385.91
6.00 109.00 91.37 12.21 354.12
6.00 110.00 94.52 10.34 492.29
6.00 111.00 97.04 10.93 246.44
6.00 112.00 104.61 7.60 598.09
6.00 113.00 104.41 9.91 253.14
6.00 114.00 93.12 4.52 115.60
6.00 115.00 118.30 1.86 573.32
6.00 117.00 101.21 10.56 578.41
6.00 118.00 121.62 5.30 146.63
6.00 119.00 112.30 8.99 632.83
6.00 120.00 118.72 8.56 629.13
6.00 121.00 110.01 13.91 210.22
6.00 122.00 121.69 15.96 118.55
6.00 123.00 138.39 8.47 131.72
6.00 124.00 151.91 8.08 235.50
6.00 126.00 135.61 12.09 705.42
5.00 63.00 40.25 3.69 591.24
5.00 82.00 143.20 7.71 477.51
5.00 83.00 129.13 9.65 432.25
5.00 84.00 141.09 7.75 204.15
5.00 89.00 56.35 4.27 267.43
5.00 90.00 97.37 3.77 270.00
5.00 91.00 71.45 7.03 607.73
5.00 92.00 72.13 6.97 700.84
5.00 95.00 95.40 11.13 540.39
5.00 96.00 96.81 10.31 545.62
5.00 97.00 115.01 9.98 414.91
5.00 98.00 124.84 12.67 249.79
5.00 99.00 131.11 11.38 385.04
5.00 100.00 127.57 8.09 464.57
5.00 101.00 127.89 8.48 257.47
5.00 102.00 130.12 8.53 244.98
5.00 103.00 116.63 6.67 690.59
5.00 105.00 95.06 9.29 622.50
5.00 106.00 99.65 7.10 588.07
5.00 107.00 102.29 7.35 381.63
5.00 108.00 101.14 10.05 477.18
5.00 109.00 101.10 12.14 522.95
5.00 110.00 101.68 13.60 307.19
5.00 111.00 106.59 11.26 256.36
5.00 112.00 108.98 11.31 207.25
5.00 113.00 101.41 6.76 519.05
5.00 114.00 110.97 5.15 738.67
5.00 120.00 103.97 9.08 543.73
5.00 121.00 82.08 22.66 185.34
5.00 122.00 71.59 16.99 -1.26
5.00 123.00 66.23 4.33 150.91
5.00 124.00 79.61 6.35 117.09
5.00 125.00 108.66 7.48 210.47
5.00 126.00 105.23 11.44 211.80
4.00 63.00 40.49 4.68 354.01
4.00 81.00 160.95 3.92 234.38
4.00 85.00 97.92 4.99 574.59
4.00 89.00 72.52 6.91 460.50
4.00 91.00 74.51 7.37 535.23
4.00 92.00 75.23 7.43 155.28
4.00 93.00 57.18 8.48 175.74
4.00 94.00 41.93 6.03 506.26
4.00 95.00 101.03 6.40 386.66
4.00 96.00 99.24 8.46 510.42
4.00 97.00 101.72 7.46 302.67
4.00 98.00 117.10 9.84 202.19
4.00 99.00 123.61 8.45 239.18
4.00 100.00 121.94 9.22 414.19
4.00 101.00 121.83 9.66 320.73
4.00 102.00 123.16 9.74 219.98
4.00 103.00 109.76 8.18 181.32
4.00 104.00 91.84 6.74 642.03
4.00 105.00 93.37 8.19 646.62
4.00 106.00 94.81 9.11 620.99
4.00 107.00 99.71 6.39 209.49
4.00 108.00 98.65 9.17 653.32
4.00 109.00 112.16 12.01 385.58
4.00 110.00 117.39 10.62 621.46
4.00 111.00 127.11 8.72 426.21
4.00 112.00 129.20 8.92 358.50
4.00 113.00 91.83 9.61 503.67
4.00 114.00 99.07 4.64 706.50
4.00 115.00 72.47 5.73 734.87
4.00 119.00 89.74 13.36 786.15
4.00 121.00 80.05 11.59 224.96
4.00 122.00 74.80 17.01 167.80
4.00 123.00 67.38 17.88 189.50
4.00 124.00 72.60 11.51 210.70
4.00 125.00 64.87 13.80 202.70
4.00 126.00 78.80 12.54 166.46
3.00 80.00 151.81 7.87 442.98
3.00 81.00 168.30 4.15 208.32
3.00 86.00 72.32 5.58 257.11
3.00 88.00 75.08 6.54 670.50
3.00 89.00 76.22 6.98 377.60
3.00 90.00 44.81 6.23 230.97
3.00 91.00 46.90 6.40 199.81
3.00 93.00 48.56 6.41 471.89
3.00 94.00 47.85 6.21 649.85
3.00 95.00 102.25 7.11 274.71
3.00 96.00 104.46 6.47 345.73
3.00 97.00 119.16 9.29 397.92
3.00 98.00 115.64 10.75 198.34
3.00 99.00 120.79 9.37 193.53
3.00 100.00 129.50 7.79 190.22
3.00 101.00 128.38 8.25 298.48
3.00 102.00 110.86 6.99 427.83
3.00 103.00 113.76 6.64 329.47
3.00 104.00 90.37 8.16 469.59
3.00 105.00 92.26 6.67 273.70
3.00 106.00 93.55 7.65 388.23
3.00 107.00 94.99 8.04 248.62
3.00 108.00 96.89 7.80 349.45
3.00 109.00 120.77 7.85 173.82
3.00 110.00 110.38 12.23 98.70
3.00 111.00 116.53 10.16 129.70
3.00 112.00 117.75 10.35 247.54
3.00 113.00 121.28 9.85 226.84
3.00 114.00 147.65 6.45 567.59
3.00 115.00 123.55 5.24 721.87
3.00 120.00 97.69 12.31 453.76
3.00 121.00 86.47 14.55 648.80
3.00 122.00 87.48 11.84 691.15
3.00 123.00 75.58 12.25 507.16
3.00 124.00 62.36 12.02 184.54
3.00 125.00 66.55 13.10 263.04
3.00 126.00 68.26 13.06 281.60
2.00 75.00 140.85 6.36 517.37
2.00 76.00 130.96 7.39 472.63
2.00 77.00 148.53 8.86 615.55
2.00 78.00 166.92 4.81 554.13
2.00 79.00 154.59 8.21 501.34
2.00 81.00 163.39 1.80 449.64
2.00 82.00 157.38 1.83 221.62
2.00 92.00 53.01 6.41 702.87
2.00 93.00 53.56 6.41 527.00
2.00 94.00 79.05 5.08 424.08
2.00 95.00 112.32 4.97 367.39
2.00 96.00 116.35 4.41 344.42
2.00 97.00 124.02 3.65 303.44
2.00 98.00 105.76 7.80 264.42
2.00 99.00 110.54 6.32 194.93
2.00 100.00 108.73 7.21 368.80
2.00 101.00 108.25 7.74 329.64
2.00 102.00 108.87 7.86 580.06
2.00 103.00 110.73 7.54 388.26
2.00 104.00 89.91 6.18 585.03
2.00 105.00 90.91 7.75 266.47
2.00 106.00 91.72 8.79 547.41
2.00 107.00 91.89 12.31 705.36
2.00 108.00 102.52 15.59 295.16
2.00 109.00 103.82 14.86 155.86
2.00 110.00 119.79 7.54 148.83
2.00 111.00 98.31 7.54 202.73
2.00 112.00 106.65 4.49 189.93
2.00 113.00 112.62 3.85 245.67
2.00 114.00 107.53 5.55 556.09
2.00 115.00 116.32 10.64 653.59
2.00 116.00 117.20 10.79 683.12
2.00 120.00 79.11 14.80 591.52
2.00 121.00 78.93 13.33 188.77
2.00 122.00 80.71 14.43 685.87
2.00 125.00 66.89 11.42 216.76
2.00 126.00 68.27 11.43 450.15
1.00 71.00 161.95 2.80 589.54
1.00 75.00 124.30 4.35 208.68
1.00 77.00 149.20 2.75 413.32
1.00 92.00 84.08 5.31 645.45
1.00 95.00 138.53 3.10 480.02
1.00 96.00 118.86 4.89 426.93
1.00 97.00 111.02 6.69 315.11
1.00 98.00 107.16 8.27 329.50
1.00 99.00 111.42 6.82 231.49
1.00 100.00 109.19 7.73 233.17
1.00 101.00 108.28 8.28 375.34
1.00 102.00 108.41 8.42 316.47
1.00 103.00 88.98 4.68 279.96
1.00 104.00 126.50 4.70 449.73
1.00 105.00 90.52 5.38 621.90
1.00 106.00 91.07 6.42 768.64
1.00 108.00 91.58 9.82 377.20
1.00 109.00 92.25 9.00 398.81
1.00 110.00 81.97 17.20 269.60
1.00 111.00 78.75 11.84 315.54
1.00 112.00 96.80 5.29 363.65
1.00 113.00 99.03 4.61 719.89
1.00 114.00 97.37 6.40 618.44
1.00 115.00 117.44 8.19 686.24
1.00 116.00 117.94 8.29 687.40
1.00 122.00 84.31 11.84 362.16
1.00 123.00 84.89 11.82 470.39
1.00 126.00 73.61 12.72 634.37
0.00 69.00 270.00 7.00 476.52
0.00 70.00 270.00 4.87 676.53
0.00 72.00 127.31 4.62 607.78
0.00 73.00 123.89 5.02 707.67
0.00 77.00 90.00 1.29 662.41
0.00 89.00 111.62 7.56 666.84
0.00 94.00 138.09 3.75 514.07
0.00 95.00 90.00 4.99 693.68
0.00 96.00 90.00 4.40 395.08
0.00 98.00 90.00 2.30 277.96
0.00 99.00 90.00 6.50 215.81
0.00 100.00 121.52 5.35 208.86
0.00 101.00 118.72 5.83 154.35
0.00 102.00 90.00 8.18 199.83
0.00 105.00 135.17 7.93 657.62
0.00 106.00 174.57 5.66 604.72
0.00 108.00 126.34 4.76 435.75
0.00 109.00 106.96 9.69 659.66
0.00 110.00 78.66 14.39 509.48
0.00 111.00 90.00 11.89 426.43
0.00 112.00 107.82 9.28 341.73
0.00 113.00 120.21 5.65 506.71
0.00 114.00 113.05 7.27 651.95
0.00 115.00 123.82 5.13 634.14
0.00 116.00 123.70 5.15 439.61
0.00 117.00 129.83 8.94 625.94
-1.00 69.00 292.38 7.33 150.45
-1.00 70.00 289.62 8.11 641.85
-1.00 72.00 102.17 0.93 331.37
-1.00 73.00 100.06 1.43 422.09
-1.00 74.00 97.39 2.33 588.87
-1.00 75.00 131.35 4.75 710.57
-1.00 76.00 99.51 2.36 568.70
-1.00 93.00 121.68 6.31 614.62
-1.00 94.00 95.43 5.26 544.95
-1.00 95.00 93.47 7.74 195.79
-1.00 101.00 92.34 4.95 222.21
-1.00 102.00 62.15 5.69 227.00
-1.00 103.00 70.38 8.11 191.54
-1.00 104.00 91.02 0.79 155.68
-1.00 105.00 147.08 10.00 169.17
-1.00 106.00 177.49 8.33 216.69
-1.00 107.00 174.72 8.29 634.19
-1.00 108.00 176.32 8.21 621.67
-1.00 109.00 152.62 5.96 507.65
-1.00 110.00 86.61 7.47 441.47
-1.00 111.00 87.41 11.60 308.21
-1.00 112.00 133.61 7.33 430.85
-1.00 113.00 122.10 9.35 329.17
-1.00 117.00 138.61 9.93 478.99
-1.00 118.00 147.75 8.69 713.80
-1.00 119.00 144.14 8.95 687.68
-1.00 120.00 166.13 4.39 658.39
-2.00 61.00 125.04 2.68 250.45
-2.00 62.00 128.28 2.77 509.29
-2.00 70.00 290.73 7.54 468.65
-2.00 72.00 104.43 1.45 494.81
-2.00 77.00 233.67 1.40 398.70
-2.00 91.00 128.39 6.27 718.35
-2.00 92.00 126.99 6.41 690.09
-2.00 94.00 97.07 7.87 707.38
-2.00 95.00 83.28 16.03 621.02
-2.00 97.00 76.91 8.97 536.92
-2.00 98.00 110.55 1.90 278.46
-2.00 102.00 99.16 1.59 384.12
-2.00 103.00 69.27 7.54 373.83
-2.00 104.00 131.16 4.28 378.71
-2.00 105.00 167.67 8.51 355.70
-2.00 106.00 165.55 11.36 -0.47
-2.00 107.00 163.45 11.33 -0.48
-2.00 108.00 159.54 8.42 689.84
-2.00 111.00 136.50 6.31 362.18
-2.00 112.00 134.91 6.23 416.11
-2.00 113.00 121.15 8.16 535.74
-2.00 117.00 162.71 6.57 469.15
-2.00 118.00 150.06 7.01 642.58
-2.00 120.00 147.89 6.66 628.24
-2.00 121.00 160.78 5.73 515.11
-3.00 52.00 146.83 0.97 718.52
-3.00 54.00 159.02 4.69 415.26
-3.00 62.00 158.57 1.18 279.63
-3.00 63.00 139.86 1.77 504.19
-3.00 93.00 106.90 5.00 638.38
-3.00 94.00 127.95 2.23 420.10
-3.00 98.00 129.19 1.47 467.63
-3.00 99.00 108.63 2.47 441.71
-3.00 100.00 156.61 0.69 464.92
-3.00 101.00 167.28 3.37 409.91
-3.00 102.00 166.90 3.20 332.92
-3.00 103.00 92.27 3.16 403.73
-3.00 104.00 89.63 8.16 219.13
-3.00 105.00 87.74 6.67 194.41
-3.00 110.00 123.73 2.47 465.99
-3.00 111.00 111.59 3.01 502.11
-3.00 112.00 106.63 2.91 394.26
-3.00 116.00 168.06 5.48 606.87
-3.00 117.00 155.15 8.74 318.45
-3.00 118.00 168.01 7.77 689.73
-3.00 119.00 164.06 7.57 387.91
-3.00 120.00 161.57 4.28 356.71
-3.00 121.00 137.81 5.02 496.69
-4.00 53.00 143.57 2.95 291.74
-4.00 61.00 64.73 6.72 238.15
-4.00 62.00 66.98 6.38 509.76
-4.00 63.00 56.79 3.87 284.81
-4.00 67.00 2.81 3.64 239.35
-4.00 84.00 187.68 7.73 474.79
-4.00 95.00 114.21 3.82 486.08
-4.00 96.00 104.45 5.73 420.97
-4.00 99.00 123.93 1.63 471.63
-4.00 100.00 67.26 5.39 648.95
-4.00 101.00 66.71 5.81 521.30
-4.00 103.00 90.70 1.82 401.46
-4.00 106.00 58.77 6.95 352.15
-4.00 107.00 6.41 1.12 381.21
-4.00 108.00 63.47 3.16 552.84
-4.00 110.00 175.31 0.74 696.33
-4.00 111.00 118.44 0.81 595.76
-4.00 116.00 154.26 4.62 173.46
-4.00 117.00 167.16 3.83 197.59
-4.00 118.00 145.84 3.99 445.49
-4.00 119.00 154.19 6.38 264.23
-4.00 120.00 158.20 5.70 498.27
-4.00 121.00 176.51 4.83 497.96
-5.00 52.00 93.07 0.33 212.88
-5.00 68.00 38.65 4.76 682.17
-5.00 82.00 167.77 8.02 704.38
-5.00 83.00 187.23 7.98 328.26
-5.00 84.00 185.67 8.01 369.88
-5.00 85.00 248.37 6.52 551.96
-5.00 86.00 230.65 3.82 661.04
-5.00 99.00 57.03 3.47 489.13
-5.00 101.00 52.11 8.48 400.17
-5.00 102.00 53.53 4.54 377.51
-5.00 104.00 67.07 8.48 300.88
-5.00 105.00 59.16 7.14 355.52
-5.00 106.00 72.95 4.12 366.77
-5.00 107.00 68.85 4.39 615.90
-5.00 109.00 99.53 2.61 651.55
-5.00 110.00 163.96 2.96 695.97
-5.00 111.00 150.22 2.77 588.00
-5.00 114.00 101.54 5.07 543.30
-5.00 115.00 95.25 5.65 442.41
-5.00 116.00 117.24 6.26 155.51
-5.00 117.00 106.64 8.22 632.10
-5.00 118.00 153.51 5.19 521.58
-5.00 119.00 147.53 4.85 224.19
-5.00 120.00 152.59 3.97 377.38
-5.00 121.00 90.90 3.45 398.21
-6.00 51.00 98.37 1.00 691.83
-6.00 71.00 79.80 1.22 634.71
-6.00 82.00 156.23 5.63 217.44
-6.00 83.00 212.68 6.24 143.50
-6.00 84.00 247.46 6.54 185.33
-6.00 85.00 246.55 6.42 510.77
-6.00 86.00 228.36 3.88 329.15
-6.00 87.00 226.18 3.72 398.61
-6.00 88.00 224.26 3.57 633.64
-6.00 91.00 167.60 2.41 516.19
-6.00 93.00 179.28 2.09 705.76
-6.00 95.00 216.02 2.14 581.27
-6.00 98.00 62.08 3.75 398.46
-6.00 99.00 64.34 4.69 413.35
-6.00 100.00 56.01 9.18 417.58
-6.00 101.00 41.42 7.30 333.62
-6.00 102.00 56.99 5.51 312.84
-6.00 103.00 63.81 7.60 423.31
-6.00 104.00 52.16 10.69 399.70
-6.00 105.00 58.36 7.92 480.25
-6.00 106.00 58.19 8.70 400.00
-6.00 108.00 96.77 0.91 465.12
-6.00 109.00 130.48 3.81 784.69
-6.00 110.00 115.82 4.53 585.10
-6.00 111.00 107.68 4.78 698.52
-6.00 115.00 111.06 5.62 321.94
-6.00 116.00 99.75 8.46 368.15
-6.00 117.00 94.44 10.60 317.84
-6.00 118.00 91.02 8.32 256.75
-6.00 119.00 105.02 9.11 382.14
-6.00 120.00 101.78 8.17 355.79
-6.00 124.00 73.77 4.57 622.82
-7.00 51.00 58.11 4.21 647.27
-7.00 72.00 84.06 3.06 303.23
-7.00 73.00 29.79 6.45 249.37
-7.00 74.00 12.71 2.46 689.07
-7.00 84.00 229.59 3.81 406.35
-7.00 85.00 246.05 6.21 442.69
-7.00 86.00 228.00 3.81 342.73
-7.00 87.00 272.66 5.55 286.21
-7.00 88.00 272.99 5.51 270.36
-7.00 89.00 227.63 3.66 357.55
-7.00 90.00 229.33 3.65 273.78
-7.00 91.00 183.43 2.29 312.36
-7.00 93.00 242.32 4.22 667.43
-7.00 96.00 211.94 1.56 737.36
-7.00 99.00 65.87 5.76 665.99
-7.00 101.00 61.47 6.45 537.77
-7.00 102.00 56.28 6.28 367.79
-7.00 103.00 46.79 9.84 600.59
-7.00 104.00 38.55 9.22 667.29
-7.00 105.00 55.05 8.44 425.22
-7.00 106.00 29.36 2.94 467.86
-7.00 111.00 94.38 3.88 399.95
-7.00 114.00 108.16 3.76 321.56
-7.00 115.00 96.88 3.97 375.83
-7.00 116.00 89.06 10.33 182.82
-7.00 117.00 84.06 8.97 186.62
-7.00 118.00 80.52 10.19 371.67
-7.00 119.00 76.42 10.47 512.39
-7.00 120.00 104.35 10.13 358.06
-7.00 121.00 98.49 11.64 354.74
-7.00 122.00 94.23 12.16 595.63
-7.00 123.00 100.76 16.07 623.81
-7.00 124.00 84.96 9.76 312.29
-8.00 71.00 66.60 3.59 764.25
-8.00 72.00 79.99 5.65 769.30
-8.00 73.00 58.23 6.41 632.61
-8.00 77.00 110.11 2.59 460.69
-8.00 79.00 242.80 3.15 606.74
-8.00 82.00 223.88 2.77 299.85
-8.00 83.00 277.75 5.06 542.24
-8.00 84.00 276.43 5.28 426.75
-8.00 85.00 275.61 5.43 501.82
-8.00 86.00 273.46 8.33 500.05
-8.00 87.00 280.07 2.89 194.55
-8.00 88.00 280.29 3.01 256.83
-8.00 89.00 330.56 0.69 275.41
-8.00 90.00 320.13 0.91 225.39
-8.00 91.00 204.13 2.19 377.12
-8.00 98.00 44.73 7.55 679.58
-8.00 115.00 106.35 5.80 543.78
-8.00 116.00 75.91 8.32 480.09
-8.00 117.00 90.18 10.25 546.16
-8.00 118.00 83.51 7.70 341.67
-8.00 119.00 76.89 7.78 694.70
-8.00 120.00 75.37 10.46 398.65
-8.00 121.00 100.36 12.53 216.50
-8.00 122.00 95.87 12.84 172.31
-8.00 123.00 91.57 12.03 312.56
-8.00 124.00 86.06 10.06 417.08
-8.00 125.00 81.07 10.88 202.82
-9.00 67.00 124.23 6.66 491.01
-9.00 74.00 66.92 2.33 667.22
-9.00 77.00 99.47 1.43 494.06
-9.00 82.00 289.29 4.05 168.37
-9.00 84.00 282.92 4.90 571.45
-9.00 89.00 323.53 1.38 318.53
-9.00 90.00 286.71 4.23 299.33
-9.00 91.00 286.48 4.79 404.93
-9.00 103.00 22.70 3.15 745.45
-9.00 107.00 190.09 0.29 598.25
-9.00 113.00 80.52 8.43 668.88
-9.00 115.00 88.41 9.61 586.76
-9.00 117.00 72.68 7.32 697.63
-9.00 118.00 89.04 11.61 486.51
-9.00 119.00 80.82 7.87 220.80
-9.00 120.00 77.52 10.36 600.75
-9.00 121.00 87.00 8.07 203.27
-9.00 122.00 79.74 8.35 273.05
-9.00 123.00 91.71 15.45 376.05
-9.00 124.00 99.25 13.95 530.06
-9.00 125.00 94.48 14.38 298.18
-9.00 126.00 101.61 14.40 289.66
-10.00 63.00 83.11 7.79 622.71
-10.00 64.00 89.29 11.23 624.10
-10.00 66.00 124.85 12.58 394.48
-10.00 67.00 145.35 6.30 220.93
-10.00 76.00 124.19 3.09 444.17
-10.00 77.00 41.80 0.94 373.10
-10.00 83.00 298.92 4.13 754.86
-10.00 86.00 288.30 5.62 615.89
-10.00 87.00 300.08 3.53 394.61
-10.00 89.00 324.33 2.34 573.46
-10.00 90.00 292.70 5.21 700.31
-10.00 91.00 291.30 5.98 533.62
-10.00 92.00 302.87 4.37 624.97
-10.00 118.00 90.84 11.18 681.08
-10.00 119.00 86.51 14.42 689.03
-10.00 120.00 77.17 9.48 681.99
-10.00 121.00 88.25 10.76 473.76
-10.00 122.00 81.98 10.85 276.97
-10.00 123.00 91.03 10.01 318.75
-10.00 124.00 114.80 18.77 706.37
-10.00 126.00 115.84 19.08 576.42
-11.00 51.00 106.41 2.73 686.62
-11.00 64.00 74.56 7.82 487.27
-11.00 65.00 81.77 8.40 321.07
-11.00 66.00 87.21 6.62 152.48
-11.00 72.00 12.30 1.68 482.51
-11.00 84.00 198.78 2.86 664.81
-11.00 85.00 270.77 4.47 492.10
-11.00 86.00 270.23 5.22 692.77
-11.00 87.00 270.43 3.16 484.28
-11.00 88.00 271.01 3.91 496.69
-11.00 89.00 274.56 1.92 463.07
-11.00 90.00 272.97 5.60 651.15
-11.00 117.00 95.26 16.75 561.02
-11.00 118.00 91.27 13.53 560.06
-11.00 119.00 98.49 13.48 530.69
-11.00 120.00 94.67 7.94 555.65
-11.00 122.00 96.51 9.01 644.83
-11.00 124.00 124.75 12.63 546.11
-11.00 125.00 128.62 14.11 504.76
-11.00 126.00 108.62 14.06 203.41
-12.00 63.00 59.65 4.96 418.31
-12.00 65.00 83.55 4.71 442.60
-12.00 66.00 50.26 8.43 189.01
-12.00 67.00 36.45 9.19 156.05
-12.00 72.00 63.46 1.28 519.81
-12.00 73.00 149.07 0.09 441.83
-12.00 74.00 105.75 2.36 703.29
-12.00 75.00 121.31 2.30 634.67
-12.00 90.00 294.82 4.10 588.16
-12.00 91.00 291.04 5.33 464.45
-12.00 92.00 288.68 6.72 523.72
-12.00 93.00 247.48 8.42 741.63
-12.00 116.00 89.59 20.34 677.19
-12.00 118.00 101.05 15.80 690.07
-12.00 119.00 106.98 15.84 427.11
-12.00 120.00 122.63 16.94 502.15
-12.00 121.00 138.03 18.38 663.95
-12.00 122.00 135.95 17.04 639.00
-12.00 123.00 141.97 17.50 586.68
-12.00 124.00 129.66 14.62 260.30
-12.00 126.00 114.90 15.11 655.31
-13.00 63.00 113.43 1.41 355.78
-13.00 65.00 58.06 5.95 348.86
-13.00 66.00 39.62 10.39 307.72
-13.00 67.00 35.56 8.62 199.42
-13.00 68.00 7.07 12.03 197.47
-13.00 72.00 42.10 3.74 485.16
-13.00 91.00 284.68 3.50 647.70
-13.00 92.00 278.37 7.94 630.62
-13.00 112.00 47.94 11.02 707.33
-13.00 118.00 98.76 16.41 598.32
-13.00 119.00 108.08 12.60 186.63
-13.00 120.00 126.93 18.93 516.26
-13.00 121.00 135.98 17.85 508.63
-13.00 122.00 149.47 16.57 664.12
-13.00 123.00 145.09 19.19 317.85
-13.00 124.00 151.22 16.10 437.99
-13.00 125.00 137.72 8.67 522.93
-13.00 126.00 131.54 11.80 515.73
-14.00 63.00 30.19 6.49 569.61
-14.00 64.00 74.33 5.50 662.36
-14.00 65.00 85.98 5.27 699.54
-14.00 66.00 52.16 8.35 611.29
-14.00 67.00 35.69 8.64 512.48
-14.00 69.00 69.73 6.12 703.36
-14.00 71.00 132.98 3.72 724.71
-14.00 72.00 96.28 3.76 646.44
-14.00 74.00 44.24 1.41 676.62
-14.00 82.00 144.73 3.23 731.47
-14.00 101.00 39.34 3.12 601.51
-14.00 117.00 90.54 15.98 489.23
-14.00 118.00 95.65 16.15 195.18
-14.00 119.00 133.83 12.67 368.14
-14.00 120.00 133.30 14.90 117.38
-14.00 121.00 150.21 16.83 -2.33
-14.00 122.00 150.78 14.83 -2.74
-14.00 123.00 158.75 15.32 -2.91
-14.00 124.00 151.16 10.87 292.91
-14.00 125.00 150.94 8.86 306.69
-14.00 126.00 142.15 11.43 306.92
-15.00 63.00 23.08 3.60 658.71
-15.00 68.00 21.27 0.45 679.28
-15.00 72.00 92.96 5.55 736.06
-15.00 87.00 96.62 4.69 786.36
-15.00 116.00 68.97 15.11 700.57
-15.00 117.00 98.12 12.43 494.50
-15.00 118.00 115.52 14.09 293.30
-15.00 119.00 122.66 13.70 129.60
-15.00 120.00 110.02 17.03 -2.59
-15.00 121.00 113.33 17.95 -2.93
-15.00 122.00 208.99 2.25 -3.47
-15.00 123.00 181.40 0.19 -3.93
-15.00 124.00 250.32 3.64 -2.94
-15.00 125.00 138.54 7.54 259.25
-15.00 126.00 147.46 4.39 247.87
-16.00 51.00 70.79 0.67 647.21
-16.00 97.00 141.26 3.67 773.95
-16.00 117.00 78.66 14.03 445.36
-16.00 118.00 95.91 13.87 178.15
-16.00 120.00 93.94 12.73 -3.91
-16.00 124.00 237.40 3.43 158.16
-16.00 125.00 174.54 3.07 173.63
-17.00 97.00 147.48 2.37 749.63
-17.00 98.00 103.35 5.64 719.09
-17.00 117.00 66.51 12.42 425.88
-17.00 118.00 85.69 11.06 280.72
-17.00 119.00 91.59 12.76 310.90
-17.00 120.00 83.37 12.90 -3.94
-17.00 121.00 48.76 5.66 -5.24
-17.00 126.00 171.05 0.97 420.97
-18.00 47.00 50.88 4.35 708.97
-18.00 85.00 105.73 4.66 795.38
-18.00 93.00 120.43 5.69 747.86
-18.00 94.00 120.78 4.71 756.03
-18.00 117.00 46.39 11.30 595.50
-18.00 118.00 72.28 11.53 245.79
-18.00 119.00 65.05 12.85 294.37
-18.00 120.00 80.40 9.09 140.46
-18.00 121.00 73.07 11.81 109.32
-18.00 122.00 42.33 11.88 246.55
-18.00 123.00 31.23 9.44 124.05
-18.00 124.00 32.29 8.52 284.30
-18.00 126.00 359.16 5.83 300.59
-19.00 91.00 75.15 4.19 751.10
-19.00 92.00 65.40 3.45 763.01
-19.00 118.00 42.58 9.56 347.82
-19.00 119.00 50.79 9.45 553.43
-19.00 120.00 38.23 10.44 261.42
-19.00 121.00 51.94 11.53 292.37
-19.00 122.00 23.37 7.26 477.69
-19.00 123.00 14.73 9.33 207.08
-19.00 124.00 10.75 8.44 158.95
-19.00 125.00 6.90 4.47 282.30
-19.00 126.00 22.05 3.95 480.12
-20.00 82.00 124.40 4.21 761.04
-20.00 84.00 126.07 4.94 752.80
-20.00 85.00 92.20 2.91 677.76
-20.00 117.00 29.40 13.79 628.18
-20.00 118.00 21.73 12.07 610.02
-20.00 119.00 5.62 10.55 359.69
-20.00 120.00 24.64 10.35 624.74
-20.00 121.00 7.88 12.04 534.71
-20.00 122.00 45.85 10.78 460.06
-20.00 123.00 28.44 8.05 454.79
-20.00 124.00 22.51 7.00 675.20
-20.00 125.00 1.61 5.97 468.32
-20.00 126.00 7.42 5.37 487.16
-21.00 83.00 124.94 4.68 775.53
-21.00 118.00 129.84 9.57 691.56
-21.00 119.00 10.06 12.21 468.67
-21.00 122.00 20.28 10.32 654.35
-21.00 123.00 19.28 9.59 428.12
-21.00 124.00 9.99 8.70 519.22
-21.00 125.00 41.43 6.09 575.30
-21.00 126.00 46.10 5.80 379.45
-22.00 48.00 272.44 11.80 528.75
-22.00 49.00 273.23 14.75 497.17
-22.00 50.00 274.40 16.45 696.14
-22.00 54.00 295.26 9.60 648.40
-22.00 90.00 172.43 2.18 846.76
-22.00 98.00 127.32 5.48 751.68
-22.00 118.00 117.54 9.09 554.17
-22.00 123.00 15.95 8.78 627.16
-22.00 124.00 30.53 8.96 677.95
-22.00 125.00 71.42 11.27 481.56
-22.00 126.00 87.84 7.50 297.82
-23.00 47.00 295.46 8.12 616.42
-23.00 48.00 295.40 8.84 322.87
-23.00 49.00 299.51 8.55 661.24
-23.00 89.00 104.32 4.02 801.82
-23.00 90.00 100.15 4.28 821.53
-23.00 95.00 137.96 1.75 770.09
-23.00 96.00 169.03 3.79 774.51
-23.00 117.00 115.04 9.49 588.39
-23.00 124.00 101.66 9.95 758.12
-23.00 125.00 80.25 5.05 593.04
-23.00 126.00 82.59 4.33 657.13
-24.00 48.00 298.49 9.37 250.09
-24.00 49.00 318.34 15.00 323.34
-24.00 56.00 297.73 11.01 626.67
-24.00 57.00 285.38 10.32 490.19
-24.00 88.00 121.08 10.11 803.64
-24.00 89.00 109.88 5.89 781.21
-24.00 95.00 150.77 6.28 818.20
-24.00 102.00 140.52 5.62 753.46
-24.00 124.00 101.41 6.59 639.98
-24.00 126.00 82.57 8.41 612.07
-25.00 48.00 309.19 9.42 373.94
-25.00 49.00 287.72 9.30 545.46
-25.00 51.00 282.61 14.43 602.72
-25.00 53.00 290.30 11.88 692.66
-25.00 55.00 293.36 12.95 604.63
-25.00 56.00 285.36 10.32 641.32
-25.00 58.00 287.85 13.08 709.15
-25.00 85.00 176.28 12.45 569.51
-25.00 91.00 129.25 7.65 826.61
-25.00 94.00 92.91 2.31 873.66
-25.00 98.00 142.46 7.76 768.05
-25.00 99.00 134.79 7.11 768.97
-25.00 100.00 127.32 6.27 719.21
-25.00 101.00 160.97 6.22 712.31
-25.00 102.00 165.56 4.64 722.49
-25.00 103.00 150.26 7.16 940.84
-25.00 117.00 40.93 0.17 721.04
-25.00 118.00 35.88 3.27 708.41
-26.00 49.00 303.88 8.83 641.02
-26.00 50.00 282.70 8.47 675.67
-26.00 51.00 313.33 8.09 628.05
-26.00 52.00 295.68 12.49 535.42
-26.00 53.00 296.13 13.08 721.07
-26.00 54.00 298.96 12.88 527.41
-26.00 55.00 304.69 12.04 557.44
-26.00 56.00 288.53 12.74 542.81
-26.00 58.00 293.91 13.25 564.98
-26.00 79.00 142.28 7.43 681.22
-26.00 85.00 168.68 8.96 687.49
-26.00 89.00 130.00 7.85 770.71
-26.00 92.00 128.96 6.26 744.29
-26.00 95.00 132.82 7.59 737.10
-26.00 97.00 132.71 4.98 863.60
-26.00 102.00 129.01 5.83 751.99
-26.00 103.00 130.33 8.35 719.72
-26.00 118.00 38.42 1.32 532.00
-27.00 48.00 296.52 9.45 720.10
-27.00 52.00 308.07 13.10 646.43
-27.00 55.00 296.81 12.89 305.11
-27.00 56.00 303.40 11.74 450.40
-27.00 58.00 298.58 9.48 654.69
-27.00 59.00 294.47 12.23 725.73
-27.00 79.00 180.94 4.85 770.31
-27.00 80.00 174.66 5.58 792.13
-27.00 84.00 130.65 5.83 795.21
-27.00 85.00 125.47 6.82 757.00
-27.00 89.00 130.13 5.95 831.71
-27.00 94.00 104.13 5.81 852.79
-27.00 100.00 135.67 6.98 858.46
-27.00 101.00 119.83 7.24 730.98
-27.00 102.00 137.52 7.39 715.98
-27.00 103.00 124.60 6.78 781.42
-27.00 118.00 89.70 2.52 504.87
-27.00 119.00 235.61 0.48 472.81
-28.00 54.00 319.13 16.15 706.20
-28.00 55.00 320.81 16.33 414.44
-28.00 56.00 299.12 12.67 416.26
-28.00 57.00 300.18 7.47 609.04
-28.00 58.00 300.83 8.40 737.44
-28.00 60.00 312.12 8.72 597.25
-28.00 73.00 237.12 22.79 778.82
-28.00 76.00 156.57 6.98 696.19
-28.00 77.00 126.27 6.47 760.47
-28.00 78.00 135.23 6.78 806.84
-28.00 80.00 167.77 6.87 737.09
-28.00 90.00 142.21 6.05 715.01
-28.00 94.00 119.53 4.98 739.63
-28.00 95.00 112.53 4.35 907.25
-28.00 96.00 135.40 5.69 805.08
-28.00 97.00 133.36 9.16 852.34
-28.00 98.00 132.85 7.64 827.35
-28.00 99.00 133.66 5.80 817.41
-28.00 101.00 123.41 8.21 874.51
-28.00 102.00 142.11 8.16 904.75
-28.00 103.00 133.45 6.94 704.96
-28.00 104.00 140.21 8.39 707.25
-28.00 105.00 136.21 6.40 710.88
-28.00 106.00 131.04 9.18 735.18
-28.00 119.00 193.33 0.43 431.55
-28.00 120.00 231.81 1.08 632.14
-29.00 54.00 324.68 12.27 558.23
-29.00 55.00 324.15 12.73 440.56
-29.00 56.00 311.87 10.69 370.68
-29.00 57.00 299.56 8.59 737.35
-29.00 58.00 298.13 9.96 435.49
-29.00 59.00 313.57 8.17 645.43
-29.00 60.00 267.97 7.34 716.43
-29.00 73.00 241.28 26.11 798.98
-29.00 85.00 140.27 7.20 867.44
-29.00 94.00 134.50 3.90 908.90
-29.00 97.00 136.34 9.04 827.88
-29.00 98.00 140.00 7.10 833.82
-29.00 102.00 145.19 8.01 753.32
-29.00 103.00 124.24 8.50 706.97
-29.00 105.00 130.97 6.99 728.20
-29.00 106.00 129.71 9.37 741.43
-30.00 50.00 305.49 7.32 757.08
-30.00 53.00 328.23 13.60 762.70
-30.00 54.00 336.96 13.14 377.90
-30.00 55.00 318.55 11.25 480.30
-30.00 56.00 319.60 11.57 392.45
-30.00 57.00 306.46 9.56 478.55
-30.00 58.00 292.31 7.54 559.71
-30.00 59.00 271.18 8.98 433.75
-30.00 60.00 274.87 9.30 477.06
-30.00 64.00 242.05 11.32 680.90
-30.00 66.00 234.83 28.59 738.27
-30.00 67.00 235.78 26.90 693.68
-30.00 68.00 242.26 22.24 535.04
-30.00 85.00 152.86 5.72 805.72
-30.00 91.00 231.31 6.13 601.51
-30.00 92.00 219.61 4.44 856.37
-30.00 95.00 102.95 5.27 794.48
-30.00 96.00 94.52 3.38 831.51
-30.00 97.00 136.97 8.03 711.05
-30.00 99.00 117.62 7.21 712.04
-30.00 100.00 126.84 8.87 716.76
-30.00 101.00 119.82 7.71 753.91
-30.00 102.00 119.97 11.19 771.52
-30.00 103.00 114.91 9.34 734.52
-30.00 104.00 140.48 7.29 913.52
-30.00 106.00 116.87 11.16 757.24
-30.00 126.00 281.41 11.49 743.52
-31.00 50.00 271.18 7.33 741.26
-31.00 52.00 312.27 5.53 767.54
-31.00 53.00 316.39 5.37 690.47
-31.00 54.00 326.90 9.03 529.22
-31.00 55.00 335.64 12.59 592.31
-31.00 56.00 317.36 10.62 354.60
-31.00 57.00 319.69 10.84 529.96
-31.00 58.00 306.31 8.70 454.74
-31.00 59.00 291.02 6.59 613.09
-31.00 60.00 249.62 9.96 694.55
-31.00 62.00 257.32 9.04 713.72
-31.00 63.00 261.80 7.72 760.79
-31.00 64.00 239.45 13.29 611.27
-31.00 65.00 229.61 24.67 736.43
-31.00 77.00 120.14 9.68 821.07
-31.00 85.00 171.88 3.63 844.06
-31.00 91.00 196.37 6.29 865.66
-31.00 92.00 182.69 5.53 908.04
-31.00 100.00 132.62 5.42 711.50
-31.00 101.00 119.39 11.12 703.79
-31.00 102.00 115.09 9.11 721.20
-31.00 103.00 118.17 11.70 686.84
-31.00 104.00 115.00 8.82 694.40
-31.00 105.00 130.11 13.41 758.37
-31.00 106.00 132.20 14.97 763.90
-31.00 107.00 127.26 13.02 764.33
-31.00 126.00 278.12 13.25 504.90
-32.00 54.00 319.74 9.64 747.70
-32.00 55.00 327.41 13.27 488.46
-32.00 56.00 322.92 9.94 480.05
-32.00 57.00 321.88 10.47 426.06
-32.00 58.00 304.69 8.67 310.41
-32.00 59.00 286.64 7.19 453.44
-32.00 60.00 266.18 9.51 587.20
-32.00 61.00 249.28 8.74 388.42
-32.00 62.00 254.08 8.53 562.20
-32.00 63.00 258.89 7.78 555.91
-32.00 64.00 250.32 11.59 586.33
-32.00 65.00 230.67 26.26 718.21
-32.00 70.00 106.13 8.30 783.55
-32.00 71.00 98.18 6.04 864.56
-32.00 72.00 108.79 7.41 937.72
-32.00 73.00 94.17 8.76 860.45
-32.00 76.00 127.18 7.72 854.90
-32.00 77.00 134.90 8.35 861.35
-32.00 78.00 119.82 6.84 889.17
-32.00 79.00 125.10 7.52 831.16
-32.00 80.00 116.73 4.05 847.15
-32.00 81.00 120.83 4.85 826.96
-32.00 82.00 122.10 5.71 787.35
-32.00 84.00 137.32 5.42 824.29
-32.00 85.00 159.95 4.74 804.90
-32.00 87.00 139.63 5.72 773.87
-32.00 90.00 216.83 4.63 912.19
-32.00 91.00 194.54 7.21 616.57
-32.00 92.00 189.06 6.50 560.97
-32.00 93.00 184.05 5.74 548.46
-32.00 94.00 251.90 3.41 439.51
-32.00 95.00 294.59 7.20 528.42
-32.00 96.00 276.98 6.22 835.17
-32.00 97.00 304.81 9.06 685.86
-32.00 101.00 123.69 11.15 723.76
-32.00 102.00 114.06 11.12 778.09
-32.00 103.00 125.77 10.64 742.71
-32.00 104.00 116.63 9.69 703.95
-32.00 105.00 131.97 13.96 727.22
-32.00 106.00 127.19 11.93 771.90
-32.00 108.00 130.92 9.52 734.44
-32.00 126.00 266.36 14.34 720.62
-33.00 49.00 291.53 4.33 741.91
-33.00 52.00 328.11 5.91 462.32
-33.00 53.00 320.14 6.33 498.53
-33.00 54.00 322.07 10.58 718.25
-33.00 55.00 327.41 10.32 528.28
-33.00 56.00 318.67 11.47 503.61
-33.00 57.00 315.37 12.35 348.68
-33.00 58.00 315.65 12.86 421.05
-33.00 59.00 291.41 7.41 650.82
-33.00 60.00 269.36 10.11 284.99
-33.00 61.00 254.57 9.78 337.93
-33.00 62.00 259.30 10.27 647.41
-33.00 63.00 249.04 12.27 640.16
-33.00 64.00 238.23 19.67 650.33
-33.00 70.00 81.71 7.95 968.55
-33.00 72.00 104.46 8.22 903.11
-33.00 78.00 130.42 15.28 897.90
-33.00 83.00 164.59 18.89 899.85
-33.00 85.00 146.86 5.00 904.75
-33.00 86.00 144.48 5.27 820.01
-33.00 87.00 141.49 5.44 862.78
-33.00 88.00 138.04 5.52 663.04
-33.00 89.00 168.32 4.22 767.64
-33.00 90.00 211.83 4.24 829.28
-33.00 92.00 197.53 6.53 780.00
-33.00 93.00 201.31 5.85 653.09
-33.00 94.00 261.44 5.44 659.98
-33.00 95.00 296.51 7.32 508.54
-33.00 96.00 278.43 6.88 484.09
-33.00 97.00 284.69 8.26 425.51
-33.00 98.00 289.26 10.07 664.10
-33.00 99.00 280.20 7.72 549.72
-33.00 101.00 138.67 8.12 740.72
-33.00 103.00 122.11 11.10 737.52
-33.00 104.00 114.60 9.62 723.23
-33.00 105.00 132.43 13.41 722.04
-33.00 106.00 129.47 16.34 724.72
-33.00 107.00 127.68 13.31 799.26
-33.00 108.00 127.16 15.41 808.45
-33.00 109.00 127.54 17.08 788.31
-33.00 126.00 270.69 14.54 697.60
-34.00 49.00 270.88 5.62 722.22
-34.00 54.00 315.97 13.79 486.66
-34.00 55.00 314.33 9.57 491.07
-34.00 56.00 304.88 11.43 432.01
-34.00 57.00 301.06 12.88 258.96
-34.00 58.00 291.35 10.09 265.23
-34.00 59.00 293.35 10.42 385.47
-34.00 60.00 277.69 10.03 396.83
-34.00 61.00 278.65 12.20 490.50
-34.00 62.00 267.03 11.23 665.19
-34.00 63.00 246.32 15.97 691.74
-34.00 67.00 73.09 5.66 756.76
-34.00 68.00 54.47 5.06 791.03
-34.00 77.00 130.47 17.08 915.84
-34.00 78.00 136.69 17.06 740.92
-34.00 79.00 135.35 23.44 542.44
-34.00 80.00 152.79 20.82 751.54
-34.00 81.00 164.51 20.49 788.65
-34.00 83.00 168.20 21.46 720.98
-34.00 87.00 136.32 8.96 954.56
-34.00 89.00 160.50 6.93 889.37
-34.00 90.00 163.98 6.44 824.62
-34.00 91.00 168.91 5.83 820.98
-34.00 92.00 176.59 5.12 890.30
-34.00 93.00 189.23 4.37 688.14
-34.00 94.00 238.21 5.63 537.80
-34.00 95.00 235.16 3.71 458.01
-34.00 96.00 285.81 8.10 420.40
-34.00 97.00 296.17 7.60 540.84
-34.00 98.00 279.07 8.31 530.15
-34.00 99.00 288.59 8.19 548.20
-34.00 100.00 291.06 11.44 720.28
-34.00 101.00 288.10 7.40 721.47
-34.00 102.00 131.06 9.90 734.59
-34.00 103.00 115.57 10.61 729.69
-34.00 104.00 123.25 11.22 752.89
-34.00 105.00 122.73 14.08 748.38
-34.00 106.00 140.45 11.97 743.34
-34.00 108.00 134.35 6.29 772.91
-34.00 109.00 166.31 5.88 790.35
-34.00 126.00 267.52 18.49 501.45
-35.00 49.00 306.18 5.26 605.11
-35.00 50.00 307.70 9.90 580.25
-35.00 51.00 306.15 9.86 573.54
-35.00 52.00 314.01 13.35 590.39
-35.00 53.00 311.00 18.77 499.55
-35.00 54.00 315.40 13.09 391.05
-35.00 55.00 314.37 13.41 369.73
-35.00 56.00 316.53 13.33 285.51
-35.00 57.00 322.08 12.95 288.19
-35.00 58.00 283.32 11.93 267.74
-35.00 59.00 284.19 12.77 305.79
-35.00 60.00 286.29 13.00 343.94
-35.00 61.00 272.86 16.28 563.92
-35.00 67.00 80.07 3.84 957.55
-35.00 77.00 131.73 18.62 927.06
-35.00 78.00 146.60 21.33 940.22
-35.00 79.00 138.48 19.76 757.71
-35.00 80.00 150.31 22.91 642.88
-35.00 81.00 162.93 22.29 446.15
-35.00 82.00 166.95 22.70 484.17
-35.00 83.00 178.37 19.06 515.82
-35.00 84.00 171.80 19.58 901.12
-35.00 91.00 172.83 7.19 921.27
-35.00 92.00 240.26 4.59 831.00
-35.00 93.00 204.89 6.07 756.34
-35.00 94.00 193.82 4.87 714.76
-35.00 95.00 223.61 4.69 542.07
-35.00 96.00 248.20 5.63 553.78
-35.00 97.00 285.69 8.45 537.60
-35.00 98.00 272.13 7.33 604.56
-35.00 99.00 293.51 12.47 575.40
-35.00 100.00 290.51 8.71 702.40
-35.00 101.00 277.25 11.29 713.64
-35.00 102.00 283.81 12.95 705.74
-35.00 103.00 174.47 6.23 703.69
-35.00 104.00 153.68 4.44 715.17
-35.00 108.00 175.47 1.93 736.50
-35.00 109.00 172.08 6.92 737.62
-35.00 111.00 117.55 17.90 779.07
-35.00 112.00 244.50 3.33 782.08
-35.00 126.00 275.77 21.89 713.57
-36.00 47.00 284.29 13.73 704.15
-36.00 49.00 283.65 11.82 831.90
-36.00 50.00 280.30 13.37 571.31
-36.00 51.00 306.25 21.21 507.57
-36.00 52.00 306.30 20.98 520.16
-36.00 53.00 308.36 20.20 594.56
-36.00 54.00 304.74 21.50 438.82
-36.00 55.00 303.20 22.29 352.12
-36.00 56.00 306.34 15.92 340.52
-36.00 57.00 293.95 14.56 416.95
-36.00 58.00 287.86 10.06 395.94
-36.00 59.00 282.35 14.83 425.02
-36.00 60.00 283.41 15.65 488.89
-36.00 61.00 290.34 12.81 511.40
-36.00 66.00 39.41 8.89 749.30
-36.00 67.00 44.08 6.03 944.19
-36.00 68.00 59.32 3.83 954.29
-36.00 77.00 137.12 17.68 915.09
-36.00 78.00 139.05 18.74 902.83
-36.00 79.00 148.29 18.41 771.40
-36.00 80.00 153.68 22.93 581.86
-36.00 81.00 198.05 19.06 402.57
-36.00 82.00 174.89 22.93 440.94
-36.00 83.00 179.86 19.56 356.15
-36.00 84.00 175.78 19.98 399.80
-36.00 85.00 165.04 24.62 754.71
-36.00 87.00 239.45 8.22 934.03
-36.00 89.00 204.62 4.74 970.99
-36.00 93.00 249.30 4.66 992.11
-36.00 94.00 187.43 5.01 904.13
-36.00 95.00 270.67 3.57 743.17
-36.00 96.00 184.64 2.74 656.19
-36.00 97.00 252.45 3.59 521.23
-36.00 98.00 271.80 6.83 734.37
-36.00 99.00 281.33 7.90 768.81
-36.00 100.00 288.53 9.61 932.22
-36.00 101.00 277.94 9.93 953.40
-36.00 102.00 281.97 15.33 725.72
-36.00 103.00 206.87 6.72 734.75
-36.00 104.00 239.06 6.52 708.32
-36.00 105.00 225.05 7.05 711.03
-36.00 112.00 260.06 6.34 797.54
-36.00 113.00 239.02 3.71 764.35
-36.00 114.00 188.24 2.97 657.50
-36.00 115.00 245.60 6.26 704.49
-36.00 116.00 236.14 5.50 773.52
-36.00 117.00 268.68 1.69 767.92
-36.00 118.00 294.16 8.53 756.30
-36.00 119.00 291.04 9.70 735.81
-36.00 120.00 294.81 8.17 809.32
-36.00 126.00 277.28 20.00 694.99
-37.00 49.00 286.59 14.01 727.16
-37.00 50.00 288.15 12.37 563.56
-37.00 51.00 299.72 20.57 457.82
-37.00 52.00 306.02 17.93 353.80
-37.00 53.00 299.09 20.44 433.42
-37.00 54.00 301.32 19.47 543.49
-37.00 55.00 298.62 20.81 716.10
-37.00 56.00 297.78 21.57 585.38
-37.00 57.00 292.41 18.10 532.61
-37.00 58.00 294.38 17.70 489.07
-37.00 59.00 297.92 16.85 552.96
-37.00 60.00 289.46 14.72 697.03
-37.00 61.00 290.30 15.70 623.86
-37.00 66.00 16.34 4.74 735.88
-37.00 67.00 34.90 6.96 956.38
-37.00 78.00 143.61 21.41 954.30
-37.00 79.00 170.31 15.94 971.98
-37.00 80.00 195.65 17.27 747.26
-37.00 81.00 204.98 18.91 517.26
-37.00 82.00 203.45 19.45 423.73
-37.00 83.00 190.29 23.05 348.61
-37.00 84.00 188.70 23.38 309.63
-37.00 85.00 187.00 23.58 509.31
-37.00 86.00 177.09 27.55 636.50
-37.00 87.00 168.15 27.93 957.58
-37.00 89.00 184.94 7.39 954.70
-37.00 96.00 254.55 4.67 805.42
-37.00 97.00 269.02 5.40 636.64
-37.00 98.00 235.82 4.10 720.36
-37.00 99.00 282.86 11.73 660.68
-37.00 100.00 274.72 9.63 574.55
-37.00 101.00 279.45 15.27 659.41
-37.00 104.00 204.56 7.27 786.12
-37.00 105.00 270.32 13.67 722.17
-37.00 106.00 236.22 8.84 716.56
-37.00 107.00 273.55 25.90 707.10
-37.00 111.00 186.20 7.60 714.60
-37.00 113.00 261.96 4.54 749.37
-37.00 114.00 245.54 2.97 724.55
-37.00 115.00 219.45 2.41 721.08
-37.00 116.00 201.51 2.53 704.56
-37.00 117.00 203.92 2.81 735.44
-37.00 118.00 280.48 7.70 727.45
-37.00 119.00 278.71 9.63 598.97
-37.00 120.00 284.21 4.82 732.05
-37.00 121.00 280.27 8.62 717.99
-37.00 122.00 285.88 5.52 723.05
-37.00 123.00 280.87 11.45 730.86
-37.00 124.00 283.43 10.30 722.78
-37.00 125.00 282.29 14.50 711.77
-37.00 126.00 281.34 20.00 707.84
-38.00 46.00 288.54 13.78 809.63
-38.00 49.00 284.64 12.26 721.31
-38.00 50.00 295.18 14.58 690.33
-38.00 51.00 291.95 23.12 575.17
-38.00 52.00 306.81 21.56 344.12
-38.00 53.00 305.93 21.71 354.83
-38.00 54.00 306.85 21.35 441.73
-38.00 55.00 302.69 23.10 544.23
-38.00 56.00 306.68 21.75 669.89
-38.00 57.00 288.68 17.84 527.93
-38.00 58.00 289.52 18.01 601.72
-38.00 59.00 291.62 17.64 488.20
-38.00 60.00 295.14 16.82 428.80
-38.00 61.00 286.57 14.92 579.07
-38.00 64.00 324.50 14.38 931.69
-38.00 79.00 196.14 18.31 985.43
-38.00 80.00 187.29 22.93 817.15
-38.00 81.00 188.84 23.82 818.08
-38.00 82.00 200.59 21.22 783.56
-38.00 83.00 192.07 21.17 430.68
-38.00 84.00 183.18 21.28 397.25
-38.00 85.00 196.02 17.97 337.90
-38.00 86.00 196.81 18.15 477.59
-38.00 87.00 175.49 21.72 525.50
-38.00 90.00 180.82 4.69 965.82
-38.00 91.00 191.20 4.17 964.41
-38.00 94.00 179.49 5.65 924.05
-38.00 97.00 252.21 4.63 1000.00
-38.00 99.00 276.71 11.78 761.37
-38.00 100.00 283.84 11.90 723.47
-38.00 101.00 276.07 10.79 648.34
-38.00 102.00 281.58 14.67 762.70
-38.00 103.00 259.60 10.51 911.50
-38.00 104.00 270.12 11.45 955.77
-38.00 105.00 199.88 6.35 961.49
-38.00 106.00 262.62 16.78 921.03
-38.00 107.00 269.97 16.10 709.69
-38.00 108.00 267.34 18.35 697.33
-38.00 112.00 37.08 98.94 711.71
-38.00 113.00 279.65 10.62 706.02
-38.00 114.00 277.82 9.47 692.86
-38.00 115.00 182.97 3.56 640.03
-38.00 116.00 233.84 5.32 672.93
-38.00 117.00 272.97 6.65 513.96
-38.00 118.00 289.60 11.37 566.63
-38.00 119.00 283.57 17.82 684.25
-38.00 120.00 286.64 13.97 678.36
-38.00 121.00 291.20 10.97 689.95
-38.00 122.00 226.01 4.73 695.16
-38.00 123.00 245.58 6.25 705.96
-38.00 124.00 277.58 11.53 691.55
-38.00 125.00 282.17 7.81 684.54
-38.00 126.00 280.50 13.83 676.37
-39.00 46.00 290.01 13.06 749.12
-39.00 47.00 290.69 11.52 761.63
-39.00 48.00 280.31 16.98 751.66
-39.00 49.00 282.46 13.53 782.88
-39.00 50.00 292.79 23.09 763.51
-39.00 51.00 293.56 21.94 639.06
-39.00 52.00 301.24 23.89 603.11
-39.00 53.00 305.82 21.79 374.17
-39.00 54.00 305.39 21.92 365.81
-39.00 55.00 306.62 21.58 508.98
-39.00 56.00 302.76 23.32 679.24
-39.00 57.00 300.87 24.63 673.99
-39.00 58.00 285.25 21.30 736.20
-39.00 59.00 290.11 18.33 741.54
-39.00 60.00 292.29 18.09 555.96
-39.00 61.00 287.54 13.87 777.56
-39.00 62.00 287.67 15.63 934.71
-39.00 63.00 294.17 14.03 930.38
-39.00 64.00 281.99 14.43 942.43
-39.00 65.00 285.62 14.72 906.87
-39.00 79.00 196.45 19.03 979.12
-39.00 82.00 198.71 21.82 954.12
-39.00 83.00 201.64 22.68 976.92
-39.00 84.00 208.53 19.51 603.50
-39.00 85.00 211.28 20.18 416.55
-39.00 86.00 205.21 19.55 470.13
-39.00 87.00 198.65 18.96 428.04
-39.00 88.00 180.14 18.20 680.60
-39.00 89.00 195.88 18.31 720.43
-39.00 90.00 189.05 17.60 700.21
-39.00 91.00 229.43 6.05 689.95
-39.00 92.00 220.72 9.46 699.65
-39.00 93.00 241.25 11.96 631.12
-39.00 94.00 210.51 6.62 791.03
-39.00 95.00 231.68 6.74 948.12
-39.00 96.00 248.91 7.75 875.30
-39.00 97.00 256.37 6.77 976.88
-39.00 98.00 266.87 6.28 973.87
-39.00 102.00 266.42 10.30 740.77
-39.00 103.00 259.30 11.26 622.25
-39.00 104.00 268.57 9.81 610.57
-39.00 105.00 264.85 14.54 536.98
-39.00 106.00 259.26 13.57 502.70
-39.00 107.00 269.43 16.72 618.91
-39.00 108.00 266.08 16.47 634.62
-39.00 109.00 263.24 16.79 711.32
-39.00 110.00 271.85 18.68 689.29
-39.00 113.00 279.90 8.99 707.25
-39.00 114.00 233.38 4.53 694.10
-39.00 115.00 231.69 4.98 568.92
-39.00 116.00 273.46 6.21 575.08
-39.00 117.00 270.95 4.25 612.87
-39.00 118.00 286.63 13.45 540.54
-39.00 119.00 283.85 16.98 558.66
-39.00 120.00 286.48 13.82 526.11
-39.00 121.00 298.64 7.87 618.26
-39.00 122.00 274.42 6.51 655.16
-39.00 123.00 230.09 4.73 683.20
-39.00 124.00 233.75 4.42 689.99
-39.00 125.00 279.53 11.49 645.06
-39.00 126.00 280.59 14.02 660.67
-40.00 46.00 297.03 25.90 844.17
-40.00 47.00 296.94 24.90 809.36
-40.00 48.00 292.34 19.63 771.29
-40.00 49.00 289.42 20.66 752.20
-40.00 50.00 300.08 20.98 776.54
-40.00 51.00 294.26 23.65 784.35
-40.00 52.00 300.54 26.17 476.90
-40.00 53.00 298.50 20.68 473.04
-40.00 54.00 297.08 28.08 420.27
-40.00 55.00 292.27 24.55 510.60
-40.00 56.00 293.35 24.04 603.70
-40.00 57.00 295.58 23.02 538.99
-40.00 58.00 288.47 20.95 676.91
-40.00 59.00 288.65 21.84 714.92
-40.00 60.00 289.72 22.21 801.71
-40.00 61.00 291.64 22.12 785.96
-40.00 62.00 292.64 15.12 742.98
-40.00 63.00 288.03 20.02 733.53
-40.00 65.00 287.26 16.21 966.88
-40.00 76.00 224.24 17.73 972.76
-40.00 77.00 221.66 18.93 959.13
-40.00 78.00 218.94 19.90 974.88
-40.00 79.00 222.45 16.87 976.62
-40.00 80.00 201.25 24.19 989.04
-40.00 81.00 198.38 24.78 987.24
-40.00 82.00 195.31 25.25 732.78
-40.00 83.00 192.09 25.60 595.39
-40.00 84.00 212.78 19.32 708.52
-40.00 85.00 208.97 19.11 517.53
-40.00 86.00 205.05 18.80 408.38
-40.00 87.00 218.24 15.74 411.82
-40.00 88.00 214.75 15.07 563.72
-40.00 89.00 222.00 15.77 777.98
-40.00 90.00 211.34 18.46 732.47
-40.00 91.00 218.07 13.89 728.95
-40.00 92.00 231.57 9.66 709.12
-40.00 93.00 214.69 6.92 726.31
-40.00 94.00 216.30 5.84 712.71
-40.00 95.00 199.52 8.44 682.16
-40.00 96.00 202.85 7.16 691.49
-40.00 97.00 233.38 7.55 698.68
-40.00 98.00 253.29 9.62 699.44
-40.00 99.00 264.59 12.95 968.41
-40.00 100.00 271.21 14.11 964.88
-40.00 101.00 263.06 12.00 914.71
-40.00 102.00 271.29 13.83 940.28
-40.00 103.00 264.35 12.29 876.06
-40.00 104.00 272.84 21.37 766.68
-40.00 105.00 268.03 14.15 702.10
-40.00 106.00 275.20 21.36 595.87
-40.00 107.00 272.35 18.04 539.81
-40.00 108.00 269.43 18.50 396.23
-40.00 109.00 265.91 16.23 388.71
-40.00 110.00 264.06 17.81 783.74
-40.00 111.00 272.42 17.83 712.72
-40.00 112.00 279.38 22.59 674.77
-40.00 113.00 267.57 13.47 679.41
-40.00 114.00 280.26 12.39 685.95
-40.00 115.00 280.06 9.88 686.65
-40.00 116.00 277.83 11.67 680.36
-40.00 117.00 277.39 10.56 693.20
-40.00 118.00 277.01 10.20 666.26
-40.00 119.00 276.87 10.66 701.41
-40.00 120.00 276.90 11.99 761.99
-40.00 121.00 278.19 10.23 720.74
-40.00 122.00 284.46 5.30 676.35
-40.00 123.00 263.59 10.92 700.43
-40.00 124.00 261.40 7.60 785.31
-40.00 125.00 266.57 9.41 798.50
-40.00 126.00 270.75 12.47 793.48
