26,0.77333,1.45911,0.652812,1,0.946667,1,0.48
时间1,(8046,4104),(7416,1116),(5634,4860),(9162,7992),(11574,7164),(9954,4230),(13050,2088),(13068,2430),(13266,5292),(7740,2340),(7740,2340),(6858,2664),(6390,4086),(8064,7146),(6408,4860),(4104,5868),(4626,5814),(1692,5832),(4194,5238),(1854,1008),(432,2106),(3132,2916),(6642,270),(4068,1386),(6408,1278),(5166,2934)
时间2,(8379.29,4098.71),(7084.43,1081.7),(5562,4608),(9495.34,7992),(11905.5,7129.46),(10287.3,4230),(13032.9,1755.1),(13050.5,2097.12),(13243,4959.46),(8073.14,2351.49),(8073.14,2351.49),(6840.48,2331.12),(6408,3852),(8086.17,6813.4),(6390,4662),(4104,5688),(4554,5634),(1728,5652),(4525.57,5203.7),(2158.61,872.619),(764.464,2081.91),(2798.7,2911.43),(6975.34,270),(4013.2,1057.2),(6531.8,968.505),(5158.59,2600.75)
时间3,(8712.59,4093.42),(6894,1062),(5634,4860),(9630,7992),(12237.1,7094.93),(10422,4230),(13015.9,1422.2),(13050,2088),(13220,4626.92),(8262,2358),(8262,2358),(6840,2322),(6390,4086),(8100,6606),(6408,4860),(3850.91,5904.93),(4258.26,5787.79),(1692,5832),(4716,5184),(2178,864),(1096.93,2057.82),(2465.39,2906.87),(7308.67,270),(3960,738),(6624,738),(5151.19,2267.49)
时间4,(9045.88,4088.13),(6876,1350),(5508,4878),(9963.32,7994.95),(12568.6,7060.39),(10088.7,4230),(12998.8,1089.3),(12717.1,2104.37),(13197,4294.38),(8595.27,2351.59),(7928.86,2346.51),(7171.97,2352.18),(6408,3852),(8118,6282),(6374.83,5191.68),(3726,6012),(4104,5868),(1728,5652),(4384.43,5218.3),(1873.39,999.381),(1429.39,2033.73),(2132.09,2902.3),(7434,270),(4293.34,738),(6546.21,413.868),(5148,2124)
时间5,(9180,4086),(6844.4,1681.83),(5634,4860),(10296.6,7997.9),(12900.2,7025.86),(9954,4230),(12981.7,756.406),(12384.1,2120.75),(13174,3961.84),(8928.55,2345.18),(7740,2340),(7434,2376),(6728,3758.67),(8118,5948.66),(6372,5220),(3661.66,6339.07),(4104,5688),(1692,5832),(4194,5238),(1854,1008),(1674,2016),(1818,2898),(7100.66,270),(4626.67,738),(6516,288),(5155.41,2457.25)
时间6,(9198,4392),(6840,1728),(5562,4608),(10630,8000.85),(13231.7,6991.32),(10287.3,4230),(12978,684),(12051.2,2137.12),(13151,3629.29),(9198,2340),(8073.14,2351.49),(7443.8,2709.19),(6840,3726),(8118,5615.33),(6372,5553.34),(3597.32,6666.13),(4067.19,5356.7),(1728,5652),(4050,5202),(1748.59,1324.23),(1341.54,2040.09),(2151.3,2902.57),(6767.33,270),(4960.01,738),(6642,270),(5162.81,2790.51)
时间7,(9180,4086),(6871.6,1396.17),(5775.4,4351.92),(10963.3,8003.8),(13302,6984),(10422,4230),(12966.5,350.862),(11952,2142),(13128,3296.75),(9198,2006.66),(8262,2358),(7452,2988),(6520,3819.33),(8118,5281.99),(6372,5886.67),(3532.98,6993.2),(4050,5202),(2059.35,5615.69),(4194,5238),(1643.18,1640.46),(1009.07,2064.18),(2484.61,2907.13),(6642,270),(5293.34,738),(6725.65,592.668),(5166,2934)
时间8,(8846.71,4091.29),(6876,1350),(5832,4284),(11296.6,8006.75),(13629.2,6920.16),(10433.9,4563.12),(12960,162),(11618.8,2151.26),(13105,2964.21),(9198,1673.33),(8595.27,2351.59),(7147.39,2852.62),(6408,3852),(8118,5220),(6372,6210),(3510,7110),(4086.81,5533.3),(2390.7,5579.37),(4104,5004),(1638,1656),(676.607,2088.27),(2817.91,2911.7),(6725.65,592.668),(5626.68,738),(6768,756),(5148,3168)
时间9,(8513.41,4096.58),(6894,1062),(5922,4050),(11629.9,8009.7),(13956.3,6856.33),(10445.8,4896.25),(12626.8,173.105),(11304,2160),(13082,2631.67),(9198,1494),(8928.55,2345.18),(7128,2844),(6642,3852),(7785.12,5237.52),(6039.01,6225.14),(3517.57,7443.25),(4104,5688),(2722.06,5543.06),(4194,5238),(1671.17,1987.68),(432,2106),(3132,2916),(6768,756),(5832,738),(6684.35,433.332),(5166,2934)
时间10,(8180.12,4101.87),(6768,756),(5616,4050),(11664,8010),(14040,6840),(10457.7,5229.37),(12293.7,184.21),(11376,2448),(13068,2430),(9084.45,1180.6),(9198,2340),(7432.61,2979.38),(6408,3852),(7452.25,5255.04),(5706.02,6240.27),(3525.15,7776.5),(4104,5868),(3042,5508),(4050,5202),(1674,2016),(374.539,1777.65),(2798.7,2911.43),(6684.35,433.332),(5498.66,738),(6642,270),(5148,3168)
时间11,(8046,4104),(7100.82,737.51),(5508,4068),(11628.7,7678.53),(14373.3,6840),(10458,5238),(11960.5,195.315),(11304,2160),(13091,2762.54),(8970.9,867.201),(9180,2664),(7452,2988),(6112.72,4006.67),(7434,5256),(5580,6246),(3528,7902),(3888,6066),(3042,5220),(3717.31,5222.79),(1727.71,2344.98),(317.079,1449.31),(2465.39,2906.87),(6642,270),(5165.33,738),(6516,288),(4950,3186)
时间12,(8379.29,4098.71),(7416,720),(5292,4284),(11593.5,7347.07),(14418,6840),(10790.9,5255.52),(11880,198),(11231.7,1834.6),(13114,3095.08),(8857.35,553.802),(8847.43,2686.55),(7442.2,2654.81),(6030,4050),(7766.88,5238.48),(5593.88,6579.05),(3520.43,7568.75),(4158,6084),(2709.18,5201.51),(3474,5238),(1781.42,2673.96),(306,1386),(2132.09,2902.3),(6975.34,270),(4831.99,738),(6182.66,288),(5148,3168)
时间13,(8712.59,4093.42),(7429.32,386.93),(5472,4356),(11574,7164),(14084.7,6840),(11123.8,5273.04),(11880,531.336),(11159.4,1509.2),(13137,3427.62),(8748,252),(8514.85,2709.09),(7434,2376),(5994,4356),(8099.75,5220.96),(5607.75,6912.09),(3512.85,7235.5),(4104,5868),(2394,5184),(3140.95,5224.12),(1818,2898),(275.267,1054.08),(1818,2898),(7308.67,270),(4498.66,738),(5849.33,288),(5166,3330)
时间14,(9045.88,4088.13),(7434,270),(5346,4572),(11240.7,7168.69),(14040,6840),(11142,5274),(11880,702),(11087.1,1183.81),(13160,3760.16),(8415.57,276.624),(8182.28,2731.64),(7102.03,2345.82),(5886,4554),(8118,5220),(5616,7110),(3510,7110),(4399.74,5714.21),(2196,5166),(3042,5220),(2151.3,2902.57),(244.534,722.168),(1764.29,2569.02),(7434,270),(4165.32,738),(5832,288),(5166,3663.34)
时间15,(9180,4086),(7420.68,603.07),(5562,4608),(10907.4,7173.39),(14373.3,6840),(11475.1,5286.57),(12213.3,696.536),(11014.8,858.407),(13183,4092.71),(8262,288),(8118,2736),(6840,2322),(5994,4356),(8096.54,4887.36),(5598,7254),(3843.34,7110),(4554,5634),(1862.79,5175.26),(3042,5508),(2484.61,2907.13),(216,414),(1710.58,2240.04),(7100.66,270),(3960,738),(5832,621.336),(5166,3780)
时间16,(9512.35,4060.43),(7416,720),(5279.33,4784.67),(10574.1,7178.08),(14418,6840),(11808.2,5299.14),(12546.6,691.072),(10942.4,533.009),(13206,4425.25),(8594.43,263.376),(8118,2952),(7171.97,2352.18),(6030,4050),(8082,4662),(5931.09,7266.81),(4176.67,7110),(4626,5814),(1548,5184),(2710.65,5544.31),(2817.91,2911.7),(246.733,745.916),(1674,2016),(6767.33,270),(3828.69,431.616),(5832,738),(5166,3446.66)
时间17,(9844.71,4034.87),(7416,1053.34),(5274,4788),(10296,7182),(14544,7020),(12141.3,5311.71),(12879.9,685.609),(10872,216),(13229,4757.79),(8748,252),(8352,2970),(7434,2376),(6361.68,4083.17),(8103.46,4994.64),(6264.18,7279.62),(4510.01,7110),(4534.43,6134.51),(1881.21,5174.74),(2379.3,5580.63),(3132,2916),(277.466,1077.83),(1640.83,1684.32),(6642,270),(3798,360),(5832,404.664),(5166,3330)
时间18,(9882,4032),(7416,1116),(4968,4680),(9962.83,7171.42),(14418,6840),(12474.4,5324.28),(12978,684),(10538.7,221.649),(13252,5090.33),(8861.55,565.399),(8677.4,2897.69),(7102.03,2345.82),(6390,4086),(8118,5220),(6534,7290),(4644,7110),(4518,6192),(2196,5166),(2047.94,5616.94),(2798.7,2911.43),(306,1386),(1638,1656),(6516,288),(4131.13,348.208),(5832,288),(5148,3168)
时间19,(9954,4230),(7452,1368),(4986,4896),(9629.66,7160.85),(14219,6572.59),(12807.5,5336.85),(12966.5,350.862),(10205.4,227.298),(13266,5292),(8975.1,878.799),(9002.8,2825.38),(6840,2322),(6678,4050),(8118,5553.34),(6200.91,7277.19),(4672.27,7442.14),(4198.72,6096.22),(1862.79,5175.26),(1728,5652),(2465.39,2906.87),(275.267,1054.08),(1743.41,1339.77),(6642,270),(4464.25,336.416),(6165.34,288),(5166,2934)
时间20,(9882,4032),(7452,1701.34),(4662,4878),(9296.5,7150.27),(14020,6305.17),(13050,5346),(12960,162),(9872.14,232.947),(13243,4959.46),(9088.65,1192.2),(9162,2790),(6840,1988.66),(6984,4050),(8118,5886.67),(5867.82,7264.38),(4700.53,7774.27),(4158,6084),(1548,5184),(1692,5832),(2132.09,2902.3),(244.534,722.168),(1848.82,1023.54),(6975.34,270),(4797.38,324.624),(6498.67,288),(5148,3168)
时间21,(9549.65,4057.57),(7452,1908),(4616.45,4547.79),(9162,7146),(13821,6037.76),(13234.1,5623.87),(12971.5,495.138),(9538.85,238.596),(13220,4626.92),(9198,1494),(9491.26,2738.01),(6840,1728),(7314.76,4091.35),(8118,6220.01),(5598,7254),(4716,7956),(4477.28,6179.78),(1214.91,5196.81),(1728,5652),(1818,2898),(216,414),(1854,1008),(7308.67,270),(5130.51,312.832),(6516,288),(5166,3330)
时间22,(9217.29,4083.13),(7439.19,2241.09),(4590,4356),(9169.24,6812.74),(13622,5770.35),(13418.3,5901.73),(12978,684),(9205.56,244.245),(13197,4294.38),(9198,1827.34),(9820.51,2686.02),(6840,2061.34),(7416,4104),(8118,6282),(5616,7110),(5049.07,7942.68),(4518,6192),(1080,5202),(2059.35,5615.69),(1486.52,2933.16),(549.298,408.975),(2158.61,872.619),(7434,270),(5463.64,301.039),(6593.79,612.132),(5166,3663.34)
时间23,(9180,4086),(7434,2376),(4920.54,4312.89),(9176.49,6479.49),(13423,5502.93),(13602.4,6179.6),(12995.1,1016.9),(8872.27,249.894),(13174,3961.84),(9198,2160.67),(10149.8,2634.04),(6840,2322),(7405.25,4437.16),(7784.76,6273.87),(5949.26,7116.94),(5382.14,7929.35),(4609.57,5871.49),(1156.35,5526.47),(2390.7,5579.37),(1155.05,2968.31),(882.596,403.951),(2178,864),(7100.66,270),(5796.76,289.247),(6624,738),(5166,3780)
时间24,(8846.71,4091.29),(7740,2340),(5004,4302),(9180,6318),(13266,5292),(13786.5,6457.47),(13012.1,1349.8),(8748,252),(13151,3629.29),(9198,2340),(10188,2628),(7171.97,2352.18),(7398,4662),(7451.53,6265.74),(6282.53,7123.89),(5616,7920),(4626,5814),(1224,5814),(2722.06,5543.06),(823.569,3003.47),(1215.89,398.926),(2510.51,840.489),(6767.33,270),(5832,288),(6500.2,1047.49),(4832.86,3768.51)
时间25,(8513.41,4096.58),(7434,2376),(5292,4284),(9172.76,6651.26),(13050,5346),(13970.6,6735.33),(13029.2,1682.7),(9081.29,246.351),(13128,3296.75),(9180,2664),(9858.74,2679.99),(7434,2376),(7408.75,4328.84),(7380,6264),(6480,7128),(5282.93,7933.32),(4554,5634),(1147.65,5489.53),(3042,5508),(630,3024),(1549.19,393.902),(2843.01,816.979),(6642,270),(5832,621.336),(6408,1278),(4644,3762)
时间26,(8180.12,4101.87),(7740,2340),(5508,4068),(9165.51,6984.51),(12716.9,5333.43),(14040,6840),(13046.3,2015.59),(9414.58,240.702),(13105,2964.21),(8847.43,2686.55),(9529.49,2731.98),(7102.03,2345.82),(7416,4104),(7397.83,5931.14),(6534,7290),(4949.86,7946.65),(4626,5814),(1080,5202),(3042,5220),(708.986,3347.84),(1882.49,388.877),(3175.52,793.468),(6975.34,270),(5832,738),(6074.66,1278),(4310.88,3750.1)
时间27,(8046,4104),(7726.68,2006.93),(5616,4050),(9162,7146),(12383.8,5320.86),(13855.9,6562.13),(13050,2088),(9747.86,235.053),(13082,2631.67),(8514.85,2709.09),(9200.23,2783.96),(6840,2322),(7405.25,4437.16),(7415.66,5598.28),(6480,7128),(4716,7956),(4534.43,6134.51),(1014.63,4875.14),(3375.05,5233.88),(787.972,3671.69),(2215.79,383.852),(3508.02,769.958),(7308.67,270),(5832,404.664),(6066,1278),(4140,3744)
时间28,(8379.29,4098.71),(7722,1890),(5598,4356),(9150.1,7479.12),(12050.7,5308.29),(13671.7,6284.27),(12717.1,2104.37),(10081.2,229.404),(13068,2430),(8182.28,2731.64),(9162,2790),(6857.52,2654.88),(7398,4662),(7433.5,5265.42),(6750,7146),(4687.73,7623.86),(4518,6192),(990,4752),(3474,5238),(810,3762),(2549.09,378.828),(3840.53,746.447),(7434,270),(5832,288),(5859.45,1016.37),(3806.72,3749.85)
时间29,(8712.59,4093.42),(7452,1908),(5472,4356),(9144,7650),(11717.6,5295.72),(13487.6,6006.4),(12384.1,2120.75),(10414.4,223.755),(13091,2762.54),(8118,2736),(9491.26,2738.01),(6858,2664),(7408.75,4328.84),(7434,5256),(7083.2,7136.48),(4659.47,7291.73),(4848.21,6237.55),(1322.69,4772.79),(3577.2,5554.96),(731.014,3438.16),(2882.39,373.803),(3960,738),(7100.66,270),(5498.87,299.792),(5796,936),(3473.43,3755.69)
时间30,(9045.88,4088.13),(7452,1574.66),(5598,4356),(9477.34,7650),(11384.5,5283.15),(13303.5,5728.53),(12051.2,2137.12),(10747.7,218.106),(13114,3095.08),(8082,2628),(9820.51,2686.02),(6696,2754),(7416,4104),(7405.12,4923.92),(7380,7128),(4644,7110),(5040,6264),(1566,4788),(3680.39,5871.92),(652.028,3114.31),(3215.68,368.779),(3627.49,761.511),(6767.33,270),(5165.75,311.584),(6002.55,1197.63),(3140.15,3761.54)
时间31,(9180,4086),(7452,1368),(5616,4050),(9594,7650),(11142,5274),(13119.4,5450.67),(11952,2142),(10872,216),(13137,3427.62),(8118,2736),(10149.8,2634.04),(6516,2718),(7452,3888),(7398,4842),(7380,6794.66),(4598.67,6779.76),(5238,6210),(1891.15,4714.58),(3726,6012),(630,3024),(3548.98,363.754),(3294.99,785.021),(6642,270),(4832.62,323.376),(6066,1278),(3114,3762)
时间32,(9198,4392),(7416,1116),(5580,3780),(9260.66,7650),(10809.1,5256.48),(13050,5346),(11935.4,1809.08),(11205.3,210.049),(13160,3760.16),(8118,2952),(10188,2628),(6282,2538),(7785.34,3888),(7398,4662),(7380,6461.33),(4553.35,6449.52),(5569.5,6244.9),(2124,4662),(3622.8,5695.04),(708.986,3347.84),(3798,360),(2962.48,808.532),(6725.65,592.668),(4499.49,335.168),(6399.34,1278),(3173.63,3434.04)
时间33,(9530.6,4414.17),(7084.43,1081.7),(5616,4050),(9144,7650),(10476.2,5238.96),(13234.1,5623.87),(11918.7,1476.16),(11538.6,204.097),(13183,4092.71),(8352,2970),(9858.74,2679.99),(6180.93,2220.36),(8118.67,3888),(7064.66,4662),(7380,6264),(4518,6192),(5580,6246),(2160,4950),(3519.61,5378.08),(787.972,3671.69),(3464.7,365.025),(2629.98,832.042),(6768,756),(4166.36,346.961),(6408,1278),(3186,3366)
时间34,(9863.2,4436.35),(6894,1062),(5922,4050),(9161.52,7982.88),(10458,5238),(13418.3,5901.73),(11902.1,1143.24),(11871.8,198.146),(13206,4425.25),(8677.4,2897.69),(9529.49,2731.98),(6156,2142),(8316,3888),(6731.33,4662),(7046.79,6273.26),(4848.21,6237.55),(5248.5,6211.1),(2196,5166),(3474,5238),(810,3762),(3131.4,370.049),(2297.47,855.553),(6684.35,433.332),(3833.24,358.753),(6531.8,968.505),(3168,3186)
时间35,(10008,4446),(6768,756),(5832,4284),(9162,7992),(10124.9,5250.34),(13602.4,6179.6),(11885.4,810.32),(11880,198),(13229,4757.79),(9002.8,2825.38),(9200.23,2783.96),(6257.07,2459.64),(8262,3654),(6397.99,4662),(6732,6282),(5040,6264),(5238,6210),(1862.79,5175.26),(3806.69,5217.21),(731.014,3438.16),(2798.11,375.074),(2178,864),(6642,270),(3798,360),(6624,738),(3132,2916)
时间36,(9675.4,4423.83),(6687.15,1079.38),(5618.6,4540.08),(9144.48,7659.12),(9972,5256),(13786.5,6457.47),(11880,702),(11546.7,203.951),(13252,5090.33),(9162,2790),(9162,2790),(6282,2538),(8316,3888),(6390,4662),(6405.14,6216.63),(5238,6210),(5569.5,6244.9),(1548,5184),(4050,5202),(652.028,3114.31),(2464.81,380.098),(2510.51,840.489),(6975.34,270),(4131.13,348.208),(6500.2,1047.49),(3132,2772)
时间37,(9342.8,4401.65),(6624,1332),(5562,4608),(9144,7650),(9986.8,4922.99),(13970.6,6735.33),(11880,368.664),(11213.4,209.903),(13266,5292),(8836.6,2862.31),(9166.63,3123.3),(6516,2718),(7982.66,3888),(6723.34,4662),(6372,6210),(5569.5,6244.9),(5580,6246),(1563.14,4851.01),(3717.31,5222.79),(630,3024),(2131.51,385.123),(2843.01,816.979),(7308.67,270),(4464.25,336.416),(6408,1278),(3456,2808)
时间38,(9198,4392),(6390,1404),(5346,4572),(9477.34,7650),(10001.6,4589.99),(14040,6840),(11880,198),(10880.2,215.854),(13243,4959.46),(8511.2,2934.62),(9171.26,3456.61),(6696,2754),(7649.33,3888),(7056.67,4662),(6372,5876.66),(5580,6246),(5248.5,6211.1),(1566,4788),(3474,5238),(961.477,2988.84),(1798.21,390.148),(3175.52,793.468),(7434,270),(4797.38,324.624),(6531.8,968.505),(3456,2502)
时间39,(9162,4662),(6624,1332),(5472,4356),(9594,7650),(10008,4446),(13712.8,6903.84),(11546.7,203.951),(10872,216),(13220,4626.92),(8352,2970),(9175.89,3789.91),(7022.33,2821.99),(7452,3888),(7390.01,4662),(6372,5543.33),(5248.5,6211.1),(5238,6210),(1233.31,4767.21),(3140.95,5224.12),(1292.95,2953.69),(1464.91,395.172),(3508.02,769.958),(7100.66,270),(5130.51,312.832),(6624,738),(3789.21,2492.74)
时间40,(9162,4995.34),(6876,1350),(5292,4284),(9927.34,7650),(9993.2,4779.01),(13385.7,6967.67),(11213.4,209.903),(10944.3,541.398),(13197,4294.38),(8677.4,2897.69),(9180,4086),(7128,2844),(7119.82,3860.32),(7398,4662),(6372,5220),(5238,6210),(5238,5886),(990,4752),(3042,5220),(1624.43,2918.53),(1131.61,400.197),(3840.53,746.447),(6767.33,270),(5463.64,301.039),(6546.21,413.868),(4104,2484)
时间41,(9162,5256),(7209.17,1360.41),(5508,4068),(10260.7,7650),(9978.4,5112.01),(13302,6984),(10880.2,215.854),(11016.6,866.797),(13174,3961.84),(9002.8,2825.38),(9175.37,3752.7),(6801.67,2776.01),(7020,3852),(7064.66,4662),(6038.66,5220),(5040,6264),(5094,5634),(1322.69,4772.79),(3042,5508),(1818,2898),(798.317,405.221),(3960,738),(6642,270),(5796.76,289.247),(6516,288),(4104,2808)
时间42,(9162,4922.66),(7452,1368),(5616,4050),(10332,7650),(9972,5256),(12970.5,7018.54),(10872,216),(11088.9,1192.19),(13151,3629.29),(9162,2790),(9170.74,3419.39),(6696,2754),(6984,4050),(6731.33,4662),(5705.33,5220),(5032.91,6597.26),(5238,5886),(1566,4788),(2710.65,5544.31),(1486.52,2933.16),(465.019,410.246),(3627.49,761.511),(6516,288),(5832,288),(6593.79,612.132),(4104,2916)
时间43,(9162,4662),(7118.83,1357.59),(5598,4356),(9998.66,7650),(10305.1,5243.66),(12638.9,7053.07),(10538.7,221.649),(11161.2,1517.59),(13128,3296.75),(9491.26,2738.01),(9166.11,3086.09),(6858,2664),(6678,4050),(6397.99,4662),(5616,5220),(5025.82,6930.52),(5238,6210),(1891.15,4714.58),(2379.3,5580.63),(1155.05,2968.31),(216,414),(3294.99,785.021),(6182.66,288),(5832,621.336),(6624,738),(3798,2952)
时间44,(9198,4392),(6876,1350),(5616,4050),(9665.33,7650),(10458,5238),(12307.4,7087.61),(10205.4,227.298),(11233.6,1842.99),(13105,2964.21),(9820.51,2686.02),(9162,2790),(7074,2718),(6642,3852),(6390,4662),(5604.31,5553.13),(5022,7110),(5238,5886),(2124,4662),(2047.94,5616.94),(823.569,3003.47),(549.298,408.975),(2962.48,808.532),(5849.33,288),(5832,738),(6546.21,413.868),(3466.5,2986.9)
时间45,(9530.6,4414.17),(6624,1332),(5598,4356),(9594,7650),(10446.1,4904.88),(11975.8,7122.14),(9872.14,232.947),(11304,2160),(13082,2631.67),(10149.8,2634.04),(9166.63,3123.3),(7308,2844),(6975.34,3852),(6408,4860),(5592.62,5886.26),(5355.34,7110),(5094,5634),(2093.82,4330.03),(1728,5652),(630,3024),(882.596,403.951),(2629.98,832.042),(5832,288),(5796,936),(6516,288),(3456,2988)
时间46,(9863.2,4436.35),(6704.85,1008.62),(5562,4608),(9628.9,7981.5),(10434.2,4571.75),(11644.3,7156.68),(9538.85,238.596),(10996.6,2288.91),(13068,2430),(10188,2628),(9171.26,3456.61),(7452,2988),(7020,3852),(6741.28,4853.94),(5580.93,6219.39),(5616,7110),(5238,5886),(2088,4266),(2059.35,5615.69),(559.72,2698.16),(1215.89,398.926),(2297.47,855.553),(6165.34,288),(6002.55,1197.63),(6593.79,612.132),(3474,3186)
时间47,(10008,4446),(6768,756),(5279.33,4784.67),(9630,7992),(10422.3,4238.63),(11574,7164),(9205.56,244.245),(10689.2,2417.82),(13091,2762.54),(9858.74,2679.99),(9175.89,3789.91),(7480.47,3320.12),(7352.18,3879.68),(7074.56,4847.88),(5580,6246),(5282.66,7110),(5094,5634),(2421.32,4268.92),(2390.7,5579.37),(489.44,2372.31),(1549.19,393.902),(2178,864),(6498.67,288),(6066,1278),(6624,738),(3438,3330)
时间48,(9675.4,4423.83),(6894,1062),(5274,4788),(9595.1,7660.5),(10422,4230),(11498,6839.43),(8872.27,249.894),(10381.8,2546.73),(13114,3095.08),(9529.49,2731.98),(9180,4086),(7506,3618),(7452,3888),(7398,4842),(5593.88,6579.05),(5022,7110),(5238,5886),(2754.65,4271.85),(2722.06,5543.06),(432,2106),(1882.49,388.877),(1873.39,999.381),(6516,288),(6399.34,1278),(6500.2,1047.49),(3312,3348)
时间49,(9342.8,4401.65),(7225.57,1096.3),(5130,4968),(9594,7650),(10088.7,4230),(11422.1,6514.87),(8748,252),(10188,2628),(13137,3427.62),(9200.23,2783.96),(9175.37,3752.7),(7722,3636),(7785.34,3888),(7064.72,4848.06),(5607.75,6912.09),(4688.66,7110),(5238,6210),(3087.97,4274.77),(3042,5508),(502.28,2431.84),(2215.79,383.852),(1854,1008),(6642,270),(6408,1278),(6408,1278),(3438,3330)
时间50,(9198,4392),(7416,1116),(5292,5058),(9927.34,7650),(9954,4230),(11376,6318),(9081.29,246.351),(10495.4,2499.09),(13160,3760.16),(9162,2790),(9170.74,3419.39),(7506,3618),(8118.67,3888),(6731.44,4854.12),(5616,7110),(4644,7110),(5238,5886),(3421.29,4277.7),(3042,5220),(572.56,2757.69),(2549.09,378.828),(1748.59,1324.23),(6516,288),(6074.66,1278),(6074.66,1278),(3474,3186)
时间51,(9180,4086),(7416,782.664),(5508,4878),(10260.7,7650),(10287.3,4230),(11042.7,6318),(9414.58,240.702),(10802.8,2370.18),(13183,4092.71),(9166.63,3123.3),(9166.11,3086.09),(7452,3888),(8316,3888),(6408,4860),(5949.26,7116.94),(4672.27,7442.14),(5238,6210),(3754.62,4280.62),(2709.18,5201.51),(630,3024),(2882.39,373.803),(1643.18,1640.46),(6182.66,288),(6066,1278),(6066,1278),(3456,2988)
时间52,(9512.35,4060.43),(7416,720),(5292,5058),(10332,7650),(10422,4230),(10709.3,6318),(9747.86,235.053),(11110.2,2241.27),(13206,4425.25),(9171.26,3456.61),(9162,2790),(7416,4104),(8262,3654),(6074.66,4860),(6282.53,7123.89),(4700.53,7774.27),(5040,6264),(4087.94,4283.54),(2394,5184),(961.477,2988.84),(3215.68,368.779),(1638,1656),(5849.33,288),(6399.34,1278),(5859.45,1016.37),(3787.5,2953.1)
时间53,(9844.71,4034.87),(7429.32,386.93),(5130,4968),(10306.4,7317.65),(10088.7,4230),(10376,6318),(10081.2,229.404),(11304,2160),(13229,4757.79),(9175.89,3789.91),(8836.6,2862.31),(7749.34,4104),(7942,3560.67),(5741.33,4860),(6480,7128),(4716,7956),(4709.79,6218.45),(4140,4284),(2726.82,5202.49),(1292.95,2953.69),(3548.98,363.754),(1743.41,1339.77),(5832,288),(6408,1278),(5796,936),(3798,2952)
时间54,(9882,4032),(7434,270),(4986,4896),(10296,7182),(9954,4230),(10242,6318),(10414.4,223.755),(11376,2448),(13252,5090.33),(9180,4086),(8511.2,2934.62),(8046,4104),(7830,3528),(5634,4860),(6534,7290),(5049.07,7942.68),(4518,6192),(3806.68,4281.08),(3042,5220),(1624.43,2918.53),(3798,360),(1848.82,1023.54),(5498.87,299.792),(6074.66,1278),(5832,738),(4104,2916)
时间55,(9954,4230),(7420.68,603.07),(4968,4680),(10275.2,6849.31),(10287.3,4230),(10242,5984.66),(10747.7,218.106),(11709.2,2458.1),(13266,5292),(9175.37,3752.7),(8352,2970),(8067.46,4436.64),(8150,3621.33),(5967.34,4860),(6200.91,7277.19),(5382.14,7929.35),(4563.33,6522.24),(3473.35,4278.15),(2709.18,5201.51),(1818,2898),(3464.7,365.025),(1854,1008),(5165.75,311.584),(6066,1278),(5796,936),(4104,2808)
时间56,(9882,4032),(7416,720),(4986,4572),(10254.4,6516.63),(10422,4230),(10242,5922),(10872,216),(11970,2466),(13243,4959.46),(9170.74,3419.39),(8118,2952),(8082,4662),(8262,3654),(6300.67,4860),(5867.82,7264.38),(5616,7920),(4608.65,6852.48),(3140.03,4275.23),(2394,5184),(1764.29,2569.02),(3131.4,370.049),(2158.61,872.619),(4832.62,323.376),(5859.45,1016.37),(6002.55,1197.63),(4104,2916)
时间57,(9549.65,4057.57),(7416,1053.34),(5004,4302),(10242,6318),(10433.9,4563.12),(9911.72,5967.04),(11205.3,210.049),(11636.8,2455.9),(13220,4626.92),(9166.11,3086.09),(8118,2736),(8060.54,4329.36),(8316,3888),(6408,4860),(5598,7254),(5282.93,7933.32),(4644,7110),(2806.71,4272.3),(2726.82,5202.49),(1710.58,2240.04),(2798.11,375.074),(2178,864),(4499.49,335.168),(5796,936),(6066,1278),(4437.02,2930.48)
时间58,(9217.29,4083.13),(7416,1116),(5292,4284),(9908.95,6304.12),(10445.8,4896.25),(9846,5976),(11538.6,204.097),(11376,2448),(13197,4294.38),(9162,2790),(8082,2628),(8046,4104),(7982.66,3888),(6390,4662),(5607.01,7587.21),(4949.86,7946.65),(4977.34,7110),(2473.38,4269.38),(3042,5220),(1674,2016),(2464.81,380.098),(2510.51,840.489),(4166.36,346.961),(5832,738),(5859.45,1016.37),(4518,2934)
时间59,(9180,4086),(7452,1368),(5472,4356),(9810,6300),(10457.7,5229.37),(9846,5642.66),(11871.8,198.146),(11709.2,2458.1),(13174,3961.84),(9491.26,2738.01),(7748.66,2628),(7712.66,4104),(7649.33,3888),(6723.34,4662),(5616,7920),(4716,7956),(5022,7110),(2140.06,4266.46),(3375.05,5233.88),(1640.83,1684.32),(2131.51,385.123),(2843.01,816.979),(3833.24,358.753),(5796,936),(5796,936),(4500,3150)
时间60,(9512.35,4060.43),(7452,1701.34),(5598,4356),(9846,5976),(10458,5238),(9846,5309.33),(11880,198),(11970,2466),(13151,3629.29),(9820.51,2686.02),(7740,2628),(7416,4104),(7452,3888),(7056.67,4662),(5949.17,7930.58),(4383.01,7940.86),(5029.09,6776.74),(2088,4266),(3474,5238),(1638,1656),(1798.21,390.148),(3175.52,793.468),(3798,360),(6002.55,1197.63),(5832,738),(4356,3348)
时间61,(9844.71,4034.87),(7452,1908),(5562,4608),(9810,6300),(10446.1,4904.88),(9846,5292),(12213.2,186.895),(12303.2,2455.08),(13128,3296.75),(10149.8,2634.04),(7812,2898),(7749.34,4104),(7119.82,3860.32),(7390.01,4662),(6282.34,7941.15),(4050.02,7925.73),(5036.18,6443.48),(1754.66,4266),(3577.2,5554.96),(1671.17,1987.68),(1464.91,395.172),(3508.02,769.958),(3929.31,666.384),(6066,1278),(5498.66,738),(4500,3150)
时间62,(9882,4032),(7439.19,2241.09),(5634,4860),(10143,6313.88),(10434.2,4571.75),(9972,5256),(12546.3,175.79),(12636.3,2444.15),(13105,2964.21),(10188,2628),(8118,2952),(8046,4104),(7020,3852),(7398,4662),(6615.5,7951.73),(3717.02,7910.59),(5040,6264),(1421.33,4266),(3680.39,5871.92),(1674,2016),(1131.61,400.197),(3840.53,746.447),(3960,738),(6399.34,1278),(5165.33,738),(4167.08,3133.35)
时间63,(9549.65,4057.57),(7434,2376),(5508,4878),(10242,6318),(10422.3,4238.63),(9846,5292),(12879.5,164.685),(12969.5,2433.23),(13082,2631.67),(9858.74,2679.99),(7812,2898),(8067.46,4436.64),(7110,3582),(7731.34,4662),(6750,7956),(3528,7902),(5032.91,6597.26),(1278,4266),(3726,6012),(1341.54,2040.09),(798.317,405.221),(3960,738),(3828.69,431.616),(6408,1278),(4831.99,738),(4140,3132)
时间64,(9217.29,4083.13),(7446.81,2042.91),(5634,4860),(9908.95,6304.12),(10422,4230),(9513.12,5274.48),(12960,162),(13068,2430),(13068,2430),(9529.49,2731.98),(7740,2628),(8082,4662),(7259.07,3283.86),(8064.67,4662),(7083.34,7956),(3860.99,7917.14),(5025.82,6930.52),(1611.34,4266),(3622.8,5695.04),(1009.07,2064.18),(465.019,410.246),(3627.49,761.511),(3798,360),(6531.8,968.505),(4498.66,738),(4472.92,3148.65)
时间65,(9180,4086),(7452,1908),(5617.35,5192.92),(9810,6300),(10433.9,4563.12),(9180.25,5256.96),(12626.8,173.105),(12734.8,2440.92),(13091,2762.54),(9200.23,2783.96),(8073.34,2628),(8060.54,4329.36),(7308,3186),(8082,4662),(7398,7956),(4193.98,7932.27),(5022,7110),(1944.67,4266),(3519.61,5378.08),(676.607,2088.27),(216,414),(3294.99,785.021),(3929.31,666.384),(6624,738),(4165.32,738),(4500,3150)
时间66,(8846.71,4091.29),(7722,1890),(5616,5220),(9476.8,6309.52),(10445.8,4896.25),(9162,5256),(12293.7,184.21),(12401.7,2451.85),(13114,3095.08),(9162,2790),(8082,2628),(8046,4104),(7158.93,3484.14),(8103.46,4994.64),(7731.23,7964.33),(4526.98,7947.41),(5029.09,6776.74),(2088,4266),(3474,5238),(432,2106),(246.733,745.916),(2962.48,808.532),(3960,738),(6500.2,1047.49),(3960,738),(4356,3348)
时间67,(8513.41,4096.58),(7735.32,2223.07),(5283.12,5202.48),(9180,6318),(10457.7,5229.37),(9167.65,5589.29),(11960.5,195.315),(12068.5,2462.77),(13137,3427.62),(9491.26,2738.01),(8118,2736),(8067.46,4436.64),(7110,3582),(8118,5220),(8064.46,7972.66),(4716,7956),(5036.18,6443.48),(2421.32,4268.92),(3806.69,5217.21),(374.539,1777.65),(277.466,1077.83),(2629.98,832.042),(4014.8,1066.8),(6408,1278),(4014.8,1066.8),(4644,3330)
时间68,(8180.12,4101.87),(7740,2340),(5274,5202),(9174.35,5984.71),(10458,5238),(9173.3,5922.58),(11880,198),(11970,2466),(13160,3760.16),(9820.51,2686.02),(8450.57,2713.45),(8082,4662),(6840,3546),(7785.12,5237.52),(8118,7974),(5049.07,7942.68),(5040,6264),(2754.65,4271.85),(4050,5202),(317.079,1449.31),(306,1386),(2297.47,855.553),(4068,1386),(6074.66,1278),(4068,1386),(4628.86,2997.01)
时间69,(8046,4104),(7726.68,2006.93),(5606.88,5219.52),(9168.7,5651.42),(10446.1,4904.88),(9178.95,6255.86),(11546.7,203.951),(12303.2,2455.08),(13183,4092.71),(10149.8,2634.04),(8783.15,2690.91),(8060.54,4329.36),(7075.7,3310.3),(7452.25,5255.04),(8451.29,7979.75),(5382.14,7929.35),(5238,6210),(3087.97,4274.77),(4104,5004),(306,1386),(363.461,1714.35),(2178,864),(4398.24,1340.67),(6066,1278),(4076.77,1719.22),(4626,2934)
时间70,(8379.29,4098.71),(7722,1890),(5616,5220),(9163.05,5318.14),(10434.2,4571.75),(9180,6318),(11213.4,209.903),(12636.3,2444.15),(13206,4425.25),(10188,2628),(9115.72,2668.36),(8046,4104),(7110,3276),(7434,5256),(8784.57,7985.49),(5616,7920),(5238,5886),(3421.29,4277.7),(4050,5202),(363.461,1714.35),(420.921,2042.69),(1873.39,999.381),(4728.48,1295.35),(5859.45,1016.37),(4085.54,2052.44),(4959.05,2920.12)
时间71,(8712.59,4093.42),(7452,1908),(5632.65,4887.08),(9162,5256),(10422.3,4238.63),(9172.76,6651.26),(10880.2,215.854),(12969.5,2433.23),(13229,4757.79),(9858.74,2679.99),(9180,2664),(7712.66,4104),(6874.3,3511.7),(7405.12,4923.92),(9117.86,7991.24),(5282.93,7933.32),(5238,6210),(3754.62,4280.62),(4194,5238),(420.921,2042.69),(432,2106),(1854,1008),(4986,1260),(5796,936),(4086,2070),(5058,2916)
时间72,(9045.88,4088.13),(7439.19,2241.09),(5634,4860),(9494.88,5273.52),(10422,4230),(9165.51,6984.51),(10872,216),(13068,2430),(13252,5090.33),(9529.49,2731.98),(8847.43,2686.55),(7416,4104),(6840,3546),(7398,4842),(9162,7992),(4949.86,7946.65),(5569.5,6244.9),(4087.94,4283.54),(4525.57,5203.7),(432,2106),(502.28,2431.84),(2158.61,872.619),(5030.05,1590.41),(6002.55,1197.63),(4077.23,1736.78),(5364,2952)
时间73,(9180,4086),(7434,2376),(5617.35,5192.92),(9827.75,5291.04),(10088.7,4230),(9162,7146),(11205.3,210.049),(13050.5,2097.12),(13266,5292),(9200.23,2783.96),(8514.85,2709.09),(7452,3888),(7075.7,3310.3),(7398,4662),(8828.71,7986.25),(4716,7956),(5580,6246),(4140,4284),(4716,5184),(764.464,2081.91),(572.56,2757.69),(2178,864),(5058,1800),(6066,1278),(4068.46,1403.56),(5058,2916)
时间74,(9198,4392),(7740,2340),(5616,5220),(9846,5292),(9954,4230),(9495.17,7156.58),(11538.6,204.097),(13050,2088),(13243,4959.46),(9162,2790),(8182.28,2731.64),(7416,4104),(7110,3276),(7731.34,4662),(8495.43,7980.51),(4383.01,7940.86),(5248.5,6211.1),(4140,3950.66),(4384.43,5218.3),(1096.93,2057.82),(630,3024),(2510.51,840.489),(5184,1908),(5859.45,1016.37),(4068,1386),(5022,2736)
时间75,(9162,4662),(7726.68,2006.93),(5283.12,5202.48),(9846,5625.34),(10287.3,4230),(9828.34,7167.15),(11871.8,198.146),(13067.5,2420.88),(13220,4626.92),(8836.6,2862.31),(8118,2736),(7749.34,4104),(7123.88,2942.95),(8064.67,4662),(8162.14,7974.76),(4050.02,7925.73),(5238,6210),(4140,3744),(4194,5238),(1429.39,2033.73),(708.986,3347.84),(2843.01,816.979),(5508,1908),(5796,936),(4398.24,1340.67),(4688.66,2736)
时间76,(8828.66,4662),(7722,1890),(5274,5202),(9846,5958.67),(10422,4230),(10161.5,7177.73),(11880,198),(13068,2430),(13197,4294.38),(8511.2,2934.62),(8118,2952),(8046,4104),(7128,2844),(8082,4662),(8118,7974),(3717.02,7910.59),(5238,5886),(4140,4077.34),(4050,5202),(1674,2016),(787.972,3671.69),(3175.52,793.468),(5184,1908),(5832,738),(4728.48,1295.35),(4608,2736)
时间77,(8495.33,4662),(7452,1908),(4941.12,5184.48),(9846,5976),(10088.7,4230),(10296,7182),(12213.2,186.895),(13050.5,2097.12),(13174,3961.84),(8352,2970),(8118,2736),(7712.66,4104),(6801.67,2776.01),(8103.46,4994.64),(8118,7668),(3528,7902),(5094,5634),(4140,4284),(4104,5004),(1727.71,2344.98),(810,3762),(3508.02,769.958),(5508,1908),(5498.66,738),(4986,1260),(4626,2934)
时间78,(8161.99,4662),(7452,1574.66),(4932,5184),(10176.3,5930.96),(9954,4230),(10629.3,7177.31),(12546.3,175.79),(13050,2088),(13151,3629.29),(8118,2952),(8118,2952),(7416,4104),(6696,2754),(8118,5220),(8118,7974),(3860.99,7917.14),(5238,5886),(4123.35,4616.92),(4194,5238),(1781.42,2673.96),(1143.05,3748.12),(3840.53,746.447),(5184,1908),(5165.33,738),(5030.05,1590.41),(4959.05,2920.12)
时间79,(8082,4662),(7452,1368),(4716,5184),(10242,5922),(10287.3,4230),(10962.6,7172.61),(12879.5,164.685),(13032.9,1755.1),(13128,3296.75),(7812,2898),(7812,2898),(7085.24,4062.65),(6516,2718),(8118,5553.34),(8118,7668),(4193.98,7932.27),(5238,6210),(4106.71,4949.84),(4104,5004),(1818,2898),(1242,3744),(3960,738),(5508,1908),(4831.99,738),(5058,1800),(5058,2916)
时间80,(8415.34,4662),(7784.6,1345.83),(4662,4878),(9911.72,5967.04),(10422,4230),(11295.9,7167.92),(12960,162),(13015.9,1422.2),(13105,2964.21),(7488.62,2978.85),(7488.62,2978.85),(6984,4050),(6696,2754),(8118,5886.67),(7786.59,7632.17),(4526.98,7947.41),(5040,6264),(4104,5004),(4120.65,4671.08),(1881.84,3225.17),(1571.65,3694.55),(3627.49,761.511),(5184,1908),(4498.66,738),(5184,1908),(4724.95,2929.88)
时间81,(8748.67,4662),(8117.2,1323.65),(4616.45,4547.79),(9846,5976),(10433.9,4563.12),(11574,7164),(12971.5,495.138),(12998.8,1089.3),(13082,2631.67),(7452,2988),(7452,2988),(7020,3852),(7022.33,2821.99),(8118,6220.01),(7455.19,7596.34),(4716,7956),(4709.79,6218.45),(4050,5202),(4137.29,4338.16),(1945.67,3552.33),(1901.3,3645.11),(3294.99,785.021),(5508,1908),(4165.32,738),(5058,1800),(4626,2934)
时间82,(9082.01,4662),(8262,1314),(4590,4356),(9810,6300),(10445.8,4896.25),(11498,6839.43),(12978,684),(12981.7,756.406),(13068,2430),(7775.38,2907.15),(7775.38,2907.15),(7110,3582),(7128,2844),(8118,6282),(7452,7596),(5049.07,7942.68),(4518,6192),(4104,5004),(4140,4284),(1962,3636),(1962,3636),(2962.48,808.532),(5184,1908),(3960,738),(5013.95,1469.59),(4518,2934)
时间83,(9162,4662),(7929.4,1336.17),(4920.54,4312.89),(10143,6313.88),(10457.7,5229.37),(11422.1,6514.87),(12995.1,1016.9),(12978,684),(13091,2762.54),(7812,2898),(7812,2898),(7259.07,3283.86),(6808.72,2939.78),(8450.92,6298.65),(7401.31,7266.54),(5382.14,7929.35),(4609.57,5871.49),(4120.65,4671.08),(4140,3950.66),(1632.35,3685.45),(1632.35,3685.45),(2629.98,832.042),(5058,1800),(4014.8,1066.8),(4986,1260),(4184.98,2919.52)
时间84,(9198,4392),(7596.8,1358.35),(5004,4302),(10242,6318),(10458,5238),(11376,6318),(13012.1,1349.8),(12966.5,350.862),(13114,3095.08),(8118,2952),(7488.62,2978.85),(7308,3186),(6768,2952),(8478,6300),(7380,7128),(5616,7920),(4626,5814),(4137.29,4338.16),(4140,3744),(1302.7,3734.89),(1302.7,3734.89),(2297.47,855.553),(5013.95,1469.59),(4068,1386),(5030.05,1590.41),(4104,2916)
时间85,(9180,4086),(7452,1368),(4986,4572),(10262.8,6650.69),(10124.9,5250.34),(11452,6642.57),(13029.2,1682.7),(12960,162),(13137,3427.62),(8352,2970),(7452,2988),(7452,2988),(6696,2754),(8460.48,6632.88),(7380,6794.66),(5282.93,7933.32),(4554,5634),(4140,4284),(4140,4077.34),(1242,3744),(1242,3744),(2178,864),(4986,1260),(4013.2,1057.2),(5058,1800),(4104,2808)
时间86,(9198,4392),(7416,1116),(5319.34,4572),(10283.6,6983.37),(9972,5256),(11527.9,6967.13),(13046.3,2015.59),(12971.5,495.138),(13160,3760.16),(8118,2952),(7775.38,2907.15),(7308,2844),(7022.33,2821.99),(8460,6642),(7380,6461.33),(4949.86,7946.65),(4867.92,5521.89),(3806.68,4281.08),(4140,4284),(908.953,3757.88),(1571.65,3694.55),(1873.39,999.381),(4655.76,1305.33),(3960,738),(5184,1908),(4104,2484)
时间87,(9530.6,4414.17),(7084.43,1081.7),(5346,4572),(10296,7182),(9986.8,4922.99),(11574,7164),(13050,2088),(12978,684),(13183,4092.71),(8118,2736),(7812,2898),(7074,2718),(7128,2844),(8477.52,6309.12),(7380,6264),(4716,7956),(5058,5454),(3473.35,4278.15),(4123.35,4616.92),(810,3762),(1901.3,3645.11),(1854,1008),(4325.52,1350.65),(3828.69,431.616),(5058,1800),(4122,2250)
时间88,(9863.2,4436.35),(6894,1062),(5472,4356),(10275.2,6849.31),(10001.6,4589.99),(11240.7,7168.69),(13067.5,2420.88),(12644.7,689.464),(13206,4425.25),(8118,2952),(7740,2628),(7308,2844),(6808.72,2939.78),(8478,6300),(7713.24,6272.13),(4687.73,7623.86),(4744.08,5566.11),(3140.03,4275.23),(4106.71,4949.84),(1143.05,3748.12),(1962,3636),(1748.59,1324.23),(4068,1386),(3798,360),(5013.95,1469.59),(4455.34,2250)
时间89,(10008,4446),(6876,1350),(5292,4284),(10254.4,6516.63),(10008,4446),(10907.4,7173.39),(13068,2430),(12311.4,694.928),(13229,4757.79),(7812,2898),(7812,2898),(7074,2718),(6768,2952),(8460.48,6632.88),(8046.47,6280.26),(4659.47,7291.73),(4554,5634),(2806.71,4272.3),(4104,5004),(1242,3744),(1632.35,3685.45),(1643.18,1640.46),(4076.77,1719.22),(4131.13,348.208),(4986,1260),(4590,2250)
时间90,(9675.4,4423.83),(7209.17,1360.41),(5508,4068),(10242,6318),(9993.2,4779.01),(10574.1,7178.08),(12734.8,2440.92),(11978.1,700.391),(13252,5090.33),(7740,2628),(7740,2628),(6858,2664),(7087.28,2856.22),(8460,6642),(8118,6282),(4644,7110),(4258.26,5787.79),(2473.38,4269.38),(4194,5238),(908.953,3757.88),(1302.7,3734.89),(1638,1656),(4085.54,2052.44),(4464.25,336.416),(4655.76,1305.33),(4256.66,2250)
时间91,(9342.8,4401.65),(7452,1368),(5616,4050),(10262.8,6650.69),(9978.4,5112.01),(10296,7182),(12401.7,2451.85),(11880,702),(13266,5292),(8073.34,2628),(8073.34,2628),(7074,2718),(7128,2844),(8477.52,6309.12),(8450.92,6298.65),(4310.66,7110),(4104,5868),(2140.06,4266.46),(4525.57,5203.7),(810,3762),(1242,3744),(1743.41,1339.77),(4086,2070),(4797.38,324.624),(4325.52,1350.65),(4122,2250)
时间92,(9198,4392),(7416,1116),(5598,4356),(10283.6,6983.37),(9972,5256),(10321.6,7514.35),(12068.5,2462.77),(11896.6,1034.92),(13243,4959.46),(8082,2628),(8082,2628),(6858,2664),(7114.12,3177.05),(8478,6300),(8478,6300),(3977.33,7110),(3888,6066),(2088,4266),(4716,5184),(1143.05,3748.12),(1571.65,3694.55),(1848.82,1023.54),(4077.23,1736.78),(5130.51,312.832),(4068,1386),(4086,2070)
时间93,(9162,4662),(7416,782.664),(5562,4608),(10296,7182),(10305.1,5243.66),(10332,7650),(11970,2466),(11913.3,1367.84),(13220,4626.92),(7748.66,2628),(7748.66,2628),(6696,2754),(7110,3276),(8145.08,6283.35),(8811.23,6308.54),(3643.99,7110),(3726,6012),(1754.66,4266),(4384.43,5218.3),(1242,3744),(1901.3,3645.11),(1854,1008),(4068.46,1403.56),(5463.64,301.039),(4076.77,1719.22),(4418.91,2086.93)
时间94,(8828.66,4662),(7416,720),(5279.33,4784.67),(9962.83,7171.42),(10458,5238),(10306.4,7317.65),(12303.2,2455.08),(11929.9,1700.76),(13197,4294.38),(7740,2628),(7740,2628),(6516,2718),(6874.3,3511.7),(8118,6282),(9144.45,6317.09),(3510,7110),(3393.88,5983.53),(1421.33,4266),(4194,5238),(1571.65,3694.55),(1962,3636),(1748.59,1324.23),(4068,1386),(5796.76,289.247),(4085.54,2052.44),(4751.81,2103.85)
时间95,(8495.33,4662),(7429.32,386.93),(5274,4788),(9629.66,7160.85),(10124.9,5250.34),(10296,7182),(12636.3,2444.15),(11946.6,2033.68),(13174,3961.84),(8073.34,2628),(8073.34,2628),(6282,2538),(6840,3546),(8100,6606),(9180,6318),(3176.66,7110),(3096,5958),(1278,4266),(4050,5202),(1901.3,3645.11),(1898.16,3308.83),(1643.18,1640.46),(4013.2,1057.2),(5832,288),(4086,2070),(5084.72,2120.78)
时间96,(8161.99,4662),(7434,270),(4968,4680),(9296.5,7150.27),(9972,5256),(10629.3,7177.31),(12969.5,2433.23),(11952,2142),(13151,3629.29),(8082,2628),(8082,2628),(6516,2718),(6552,3690),(8118,6282),(8846.77,6309.46),(2843.33,7110),(3428.12,5986.47),(1255.07,3933.45),(4104,5004),(1962,3636),(1834.33,2981.67),(1638,1656),(3960,738),(6165.34,288),(4077.23,1736.78),(5148,2124)
时间97,(8082,4662),(7420.68,603.07),(5274,4788),(9162,7146),(9846,5292),(10962.6,7172.61),(13068,2430),(11618.8,2151.26),(13128,3296.75),(8118,2736),(8118,2736),(6696,2754),(6220.17,3721.6),(8100,6606),(8513.55,6300.91),(2509.99,7110),(3726,6012),(1242,3744),(4120.65,4671.08),(1898.16,3308.83),(1818,2898),(1743.41,1339.77),(4293.34,738),(6498.67,288),(4068.46,1403.56),(5155.41,2457.25)
时间98,(8415.34,4662),(7416,720),(5556.67,4611.33),(9150.1,7479.12),(9972,5256),(11295.9,7167.92),(13050.5,2097.12),(11304,2160),(13105,2964.21),(8082,2628),(8082,2628),(7022.33,2821.99),(6174,3726),(8431.68,6639.17),(8478,6300),(2484,7110),(3888,6066),(1264.93,4076.55),(4137.29,4338.16),(1834.33,2981.67),(1486.52,2933.16),(1848.82,1023.54),(4626.67,738),(6516,288),(4068,1386),(5162.81,2790.51)
时间99,(8748.67,4662),(7083.18,738.49),(5562,4608),(9144,7650),(10305.1,5243.66),(11574,7164),(13050,2088),(10996.6,2288.91),(13082,2631.67),(8118,2736),(7748.66,2628),(7128,2844),(6505.83,3694.4),(8460,6642),(8811.23,6308.54),(2491.57,7443.25),(3726,6012),(1278,4266),(4140,4284),(1818,2898),(1155.05,2968.31),(1854,1008),(4960.01,738),(6182.66,288),(4398.24,1340.67),(5166,2934)
时间100,(9082.01,4662),(6768,756),(5346,4572),(9155.9,7316.88),(10458,5238),(11240.7,7168.69),(13032.9,1755.1),(10689.2,2417.82),(13068,2430),(8450.57,2713.45),(7740,2628),(7114.12,3177.05),(6552,3690),(8128.32,6608.83),(9144.45,6317.09),(2499.15,7776.5),(3661.66,6339.07),(950.551,4328.37),(4338,4248),(1764.29,2569.02),(823.569,3003.47),(2158.61,872.619),(5293.34,738),(5849.33,288),(4728.48,1295.35),(5158.59,2600.75)
时间101,(9162,4662),(6894,1062),(5012.66,4572),(9162,7146),(10790.9,5255.52),(10907.4,7173.39),(13015.9,1422.2),(10381.8,2546.73),(13091,2762.54),(8783.15,2690.91),(7812,2898),(7110,3276),(6220.17,3721.6),(8100,6606),(9180,6318),(2502,7902),(3597.32,6666.13),(900,4338),(4140,4284),(1710.58,2240.04),(630,3024),(2178,864),(5626.68,738),(5832,288),(4986,1260),(5151.19,2267.49)
时间102,(8828.66,4662),(7225.57,1096.3),(4986,4572),(9150.1,7479.12),(11123.8,5273.04),(10574.1,7178.08),(12998.8,1089.3),(10188,2628),(13114,3095.08),(9115.72,2668.36),(8118,2952),(7123.88,2942.95),(6174,3726),(8431.68,6639.17),(8846.77,6309.46),(2835.34,7902),(3532.98,6993.2),(970.81,4663.73),(4140,3950.66),(1674,2016),(559.72,2698.16),(2510.51,840.489),(5832,738),(5498.87,299.792),(5030.05,1590.41),(5148,2124)
时间103,(8495.33,4662),(7416,1116),(5319.34,4572),(9144,7650),(11142,5274),(10296,7182),(12981.7,756.406),(10495.4,2499.09),(13137,3427.62),(9180,2664),(7812,2898),(7128,2844),(5868,3834),(8460,6642),(8513.55,6300.91),(3168.67,7902),(3510,7110),(990,4752),(4140,3744),(1727.71,2344.98),(489.44,2372.31),(2843.01,816.979),(5498.66,738),(5165.75,311.584),(5058,1800),(5155.41,2457.25)
时间104,(8161.99,4662),(7452,1368),(5346,4572),(9161.52,7982.88),(10809.1,5256.48),(10321.6,7514.35),(12978,684),(10802.8,2370.18),(13160,3760.16),(8847.43,2686.55),(7740,2628),(7114.12,3177.05),(5908.51,3503.14),(8128.32,6608.83),(8478,6300),(3502.01,7902),(3517.57,7443.25),(919.19,4426.27),(4140,4077.34),(1781.42,2673.96),(432,2106),(3175.52,793.468),(5165.33,738),(4832.62,323.376),(5013.95,1469.59),(5162.81,2790.51)
时间105,(8082,4662),(7784.6,1345.83),(5562,4608),(9162,7992),(10476.2,5238.96),(10332,7650),(12995.1,1016.9),(11110.2,2241.27),(13183,4092.71),(8514.85,2709.09),(7812,2898),(7110,3276),(5949.03,3172.27),(8100,6606),(8460.48,6632.88),(3528,7902),(3525.15,7776.5),(900,4338),(4140,4284),(1818,2898),(502.28,2431.84),(3508.02,769.958),(4831.99,738),(4499.49,335.168),(4986,1260),(5166,2934)
时间106,(8415.34,4662),(8117.2,1323.65),(5775.4,4351.92),(9495.34,7992),(10458,5238),(10306.4,7317.65),(13012.1,1349.8),(11304,2160),(13206,4425.25),(8182.28,2731.64),(7488.62,2978.85),(7123.88,2942.95),(5976,2952),(8077.83,6938.6),(8460,6642),(3194.66,7902),(3528,7902),(1227.45,4275.63),(4123.35,4616.92),(2151.3,2902.57),(572.56,2757.69),(3840.53,746.447),(4498.66,738),(4166.36,346.961),(4655.76,1305.33),(5148,3168)
时间107,(8748.67,4662),(8262,1314),(5832,4284),(9630,7992),(10790.9,5255.52),(10296,7182),(13029.2,1682.7),(11376,2448),(13229,4757.79),(8118,2736),(7452,2988),(7128,2844),(6309.15,2940.89),(8064,7146),(8477.52,6309.12),(2861.33,7902),(3194.66,7902),(1278,4266),(4106.71,4949.84),(2484.61,2907.13),(630,3024),(3960,738),(4165.32,738),(3833.24,358.753),(4325.52,1350.65),(4950,3186)
时间108,(9082.01,4662),(7929.4,1336.17),(5618.6,4540.08),(9296.66,7992),(11123.8,5273.04),(10629.3,7177.31),(13046.3,2015.59),(11304,2160),(13252,5090.33),(8450.57,2713.45),(7775.38,2907.15),(6808.72,2939.78),(6516,2934),(8098.3,7477.57),(8478,6300),(2527.99,7902),(2861.33,7902),(1255.07,3933.45),(4104,5004),(2817.91,2911.7),(961.477,2988.84),(3627.49,761.511),(3960,738),(3798,360),(4068,1386),(4932,3348)
时间109,(9162,4662),(7596.8,1358.35),(5562,4608),(9162,7992),(11142,5274),(10962.6,7172.61),(13050,2088),(11637.2,2150.74),(13266,5292),(8783.15,2690.91),(7812,2898),(6768,2952),(6768,2952),(8118,7668),(8811.23,6308.54),(2502,7902),(2527.99,7902),(1242,3744),(4194,5238),(3132,2916),(1292.95,2953.69),(3294.99,785.021),(4014.8,1066.8),(3929.31,666.384),(4398.24,1340.67),(5166,3330)
时间110,(9162,4995.34),(7452,1368),(5598,4356),(9495.34,7992),(11475.1,5286.57),(11295.9,7167.92),(13032.9,1755.1),(11952,2142),(13243,4959.46),(9115.72,2668.36),(8118,2952),(6516,2934),(6516,2934),(8118,7974),(9144.45,6317.09),(2168.93,7915.32),(2502,7902),(1264.93,4076.55),(4525.57,5203.7),(2798.7,2911.43),(1624.43,2918.53),(2962.48,808.532),(4068,1386),(3960,738),(4728.48,1295.35),(4932,3348)
时间111,(9162,5256),(7118.83,1357.59),(5616,4050),(9630,7992),(11808.2,5299.14),(11574,7164),(13015.9,1422.2),(11618.8,2151.26),(13220,4626.92),(9180,2664),(8352,2970),(6768,2952),(6182.85,2945.11),(8451.29,7979.75),(9180,6318),(1835.86,7928.65),(2168.93,7915.32),(1278,4266),(4716,5184),(2465.39,2906.87),(1818,2898),(2629.98,832.042),(4398.24,1340.67),(4014.8,1066.8),(4986,1260),(4950,3186)
时间112,(9162,4922.66),(6876,1350),(5922,4050),(9963.32,7994.95),(12141.3,5311.71),(11609.3,7495.47),(12998.8,1089.3),(11304,2160),(13197,4294.38),(9198,2340),(8118,2952),(6696,2754),(5976,2952),(8784.57,7985.49),(8846.77,6309.46),(1602,7938),(1835.86,7928.65),(950.551,4328.37),(4384.43,5218.3),(2132.09,2902.3),(1881.84,3225.17),(2297.47,855.553),(4728.48,1295.35),(4068,1386),(5030.05,1590.41),(5148,3168)
时间113,(9162,4662),(6624,1332),(5832,4284),(10296.6,7997.9),(12474.4,5324.28),(11644.5,7826.93),(12981.7,756.406),(11376,2448),(13174,3961.84),(8864.73,2346.41),(8118,2736),(6768,2952),(5643.82,2924.32),(9117.86,7991.24),(8513.55,6300.91),(1935.07,7924.68),(1602,7938),(900,4338),(4194,5238),(1818,2898),(1945.67,3552.33),(2178,864),(4986,1260),(4013.2,1057.2),(5058,1800),(4950,3186)
时间114,(8828.66,4662),(6704.85,1008.62),(5922,4050),(10630,8000.85),(12807.5,5336.85),(11664,8010),(12978,684),(11709.2,2458.1),(13151,3629.29),(8531.45,2352.82),(8450.57,2713.45),(6696,2754),(5544,2916),(9162,7992),(8478,6300),(2268.14,7911.35),(1935.07,7924.68),(848.541,4008.66),(4104,5004),(1881.84,3225.17),(1962,3636),(1873.39,999.381),(4655.76,1305.33),(3960,738),(5184,1908),(4932,3348)
时间115,(8495.33,4662),(6768,756),(5832,4284),(10963.3,8003.8),(13050,5346),(11997.3,8014.36),(12644.7,689.464),(11970,2466),(13128,3296.75),(8262,2358),(8783.15,2690.91),(7022.33,2821.99),(5533.59,2582.83),(8828.71,7986.25),(8145.08,6283.35),(2502,7902),(2268.14,7911.35),(810,3762),(4194,5238),(1945.67,3552.33),(1898.16,3308.83),(1854,1008),(4325.52,1350.65),(3828.69,431.616),(5058,1800),(4644,3330)
时间116,(8161.99,4662),(6687.15,1079.38),(5618.6,4540.08),(11296.6,8006.75),(12716.9,5333.43),(12330.6,8018.71),(12311.4,694.928),(12303.2,2455.08),(13105,2964.21),(7928.86,2346.51),(9115.72,2668.36),(7128,2844),(5526,2340),(8495.43,7980.51),(8118,6282),(2168.93,7915.32),(2502,7902),(861.459,4091.34),(4525.57,5203.7),(1962,3636),(1834.33,2981.67),(1748.59,1324.23),(4068,1386),(3798,360),(5013.95,1469.59),(4932,3348)
时间117,(8082,4662),(6624,1332),(5562,4608),(11629.9,8009.7),(12383.8,5320.86),(12663.9,8023.07),(11978.1,700.391),(12636.3,2444.15),(13082,2631.67),(7740,2340),(9180,2664),(7432.61,2979.38),(5512.12,2006.95),(8162.14,7974.76),(7784.76,6273.87),(1835.86,7928.65),(2494.43,7568.75),(900,4338),(4716,5184),(1898.16,3308.83),(1818,2898),(1643.18,1640.46),(4076.77,1719.22),(4131.13,348.208),(4986,1260),(5166,3330)
时间118,(8415.34,4662),(6390,1404),(5775.4,4351.92),(11664,8010),(12050.7,5308.29),(12997.2,8027.43),(11880,702),(12969.5,2433.23),(13068,2430),(8073.14,2351.49),(9198,2340),(7452,2988),(5508,1908),(8118,7974),(7451.53,6265.74),(1602,7938),(2486.85,7235.5),(970.81,4663.73),(4384.43,5218.3),(1834.33,2981.67),(1486.52,2933.16),(1638,1656),(4085.54,2052.44),(4464.25,336.416),(4655.76,1305.33),(5166,3663.34)
时间119,(8748.67,4662),(6624,1332),(5832,4284),(11997.3,8014.36),(11717.6,5295.72),(13330.5,8031.78),(11880,368.664),(13068,2430),(13091,2762.54),(8262,2358),(9198,2006.66),(7308,3186),(5521.88,2241.05),(7784.77,7965.67),(7380,6264),(1566,7650),(2484,7110),(990,4752),(4194,5238),(1818,2898),(1155.05,2968.31),(1671.17,1987.68),(4086,2070),(4797.38,324.624),(4325.52,1350.65),(5166,3780)
时间120,(9082.01,4662),(6876,1350),(5922,4050),(12330.6,8018.71),(11384.5,5283.15),(13663.8,8036.14),(11880,198),(12734.8,2440.92),(13114,3095.08),(8595.27,2351.59),(9198,1673.33),(7158.93,3484.14),(5526,2340),(7451.54,7957.34),(7046.79,6273.26),(1793.98,7406.82),(2152.17,7078.4),(919.19,4426.27),(4050,5202),(2151.3,2902.57),(823.569,3003.47),(1674,2016),(4077.23,1736.78),(5130.51,312.832),(4068,1386),(5499.34,3780)
时间121,(9162,4662),(6844.4,1681.83),(5616,4050),(12663.9,8023.07),(11142,5274),(13997.2,8040.5),(11880,531.336),(12401.7,2451.85),(13137,3427.62),(8928.55,2345.18),(9198,1494),(7110,3582),(5512.12,2006.95),(7398,7956),(6732,6282),(2021.96,7163.64),(2106,7074),(900,4338),(3717.31,5222.79),(2484.61,2907.13),(630,3024),(1341.54,2040.09),(4068.46,1403.56),(5463.64,301.039),(4013.2,1057.2),(5580,3780)
时间122,(8828.66,4662),(6840,1728),(5508,4068),(12997.2,8027.43),(11214.9,5599.27),(14330.5,8044.86),(11880,702),(12068.5,2462.77),(13160,3760.16),(9198,2340),(9084.45,1180.6),(6840,3546),(5508,1908),(7447.45,7626.35),(6738.94,6615.26),(2106,7074),(1772.79,7083.26),(1227.45,4275.63),(3474,5238),(2817.91,2911.7),(708.986,3347.84),(1009.07,2064.18),(4068,1386),(5796.76,289.247),(3960,738),(5246.66,3780)
时间123,(8495.33,4662),(6871.6,1396.17),(5292,4284),(13330.5,8031.78),(11287.8,5924.53),(14418,8046),(11896.6,1034.92),(11970,2466),(13183,4092.71),(9198,2006.66),(8970.9,867.201),(6552,3690),(5521.88,2241.05),(7452,7596),(6745.89,6948.53),(2268,6858),(1458,7092),(1278,4266),(3140.95,5224.12),(3132,2916),(787.972,3671.69),(676.607,2088.27),(4076.77,1719.22),(5832,288),(4293.34,738),(5166,3780)
时间124,(8161.99,4662),(6876,1350),(5004,4302),(13663.8,8036.14),(11360.7,6249.8),(14458.6,7715.15),(11913.3,1367.84),(11636.8,2455.9),(13206,4425.25),(9198,1673.33),(8857.35,553.802),(6840,3546),(5526,2340),(7401.31,7266.54),(6750,7146),(1938.15,6906.1),(1521.34,7419.26),(1611.34,4266),(3042,5220),(2798.7,2911.43),(810,3762),(432,2106),(4085.54,2052.44),(5832,621.336),(4626.67,738),(4832.86,3768.51)
时间125,(8082,4662),(6894,1062),(4986,4572),(13997.2,8040.5),(11376,6318),(14499.3,7384.3),(11929.9,1700.76),(11376,2448),(13229,4757.79),(9198,1494),(8748,252),(7110,3582),(5848.67,2256.35),(7380,7128),(7083.2,7136.48),(1608.31,6954.21),(1566,7650),(1944.67,4266),(2709.18,5201.51),(2465.39,2906.87),(731.014,3438.16),(502.28,2431.84),(4086,2070),(5832,738),(4960.01,738),(4644,3762)
时间126,(8415.34,4662),(7225.57,1096.3),(5319.34,4572),(14330.5,8044.86),(11303.1,5992.73),(14539.9,7053.45),(11946.6,2033.68),(11709.2,2458.1),(13252,5090.33),(9198,1827.34),(8415.57,276.624),(6840,3726),(6012,2214),(7713.22,7136.77),(7380,7128),(1404,6984),(1793.98,7406.82),(2088,4266),(2394,5184),(2132.09,2902.3),(652.028,3114.31),(572.56,2757.69),(4077.23,1736.78),(5832,404.664),(5293.34,738),(4310.88,3750.1)
时间127,(8748.67,4662),(7416,1116),(5346,4572),(14418,8046),(11230.2,5667.47),(14544,7020),(11952,2142),(11970,2466),(13266,5292),(9198,2160.67),(8262,288),(7110,3582),(6156,2142),(8046.44,7145.54),(7046.8,7137.52),(1733.85,6935.9),(2021.96,7163.64),(2022.63,3939.14),(2196,5166),(1818,2898),(630,3024),(630,3024),(4068.46,1403.56),(5832,288),(5626.68,738),(4140,3744)
时间128,(9082.01,4662),(7452,1368),(5472,4356),(14458.6,7715.15),(11157.3,5342.2),(14418,6840),(11935.4,1809.08),(11636.8,2455.9),(13243,4959.46),(9198,2340),(8262,621.336),(6840,3546),(6030,1890),(8064,7146),(6750,7146),(2063.69,6887.79),(2106,7074),(1962,3636),(2394,5184),(1486.52,2933.16),(708.986,3347.84),(708.986,3347.84),(4068,1386),(5498.87,299.792),(5832,738),(3806.72,3749.85)
时间129,(9162,4662),(7784.6,1345.83),(5346,4572),(14499.3,7384.3),(11142,5274),(14219,6572.59),(11918.7,1476.16),(11376,2448),(13220,4626.92),(9180,2664),(8262,954.672),(6552,3690),(5782.82,1666.36),(8098.3,7477.57),(6750,7479.34),(2268,6858),(1878.02,7317.18),(2027.37,3962.86),(2196,5166),(1155.05,2968.31),(787.972,3671.69),(787.972,3671.69),(4013.2,1057.2),(5165.75,311.584),(5498.66,738),(3473.43,3755.69)
时间130,(9162,4995.34),(8117.2,1323.65),(5562,4608),(14539.9,7053.45),(11475.1,5286.57),(14020,6305.17),(11902.1,1143.24),(11304,2160),(13197,4294.38),(8847.43,2686.55),(8262,1288.01),(6220.17,3721.6),(5652,1548),(8118,7668),(6750,7812.67),(2487.5,6607.14),(1650.04,7560.36),(2088,4266),(2160,4950),(823.569,3003.47),(810,3762),(810,3762),(3960,738),(4832.62,323.376),(5165.33,738),(3140.15,3761.54)
时间131,(9162,5256),(8262,1314),(5346,4572),(14544,7020),(11808.2,5299.14),(13821,6037.76),(11885.4,810.32),(11637.2,2150.74),(13174,3961.84),(8514.85,2709.09),(8262,1314),(6174,3726),(5899.18,1771.64),(7786.59,7632.17),(6750,7956),(2707.01,6356.28),(1566,7650),(2118.18,4597.97),(2394,5184),(630,3024),(1143.05,3748.12),(1143.05,3748.12),(3828.69,431.616),(4499.49,335.168),(4831.99,738),(3114,3762)
时间132,(9162,4922.66),(7929.4,1336.17),(5562,4608),(14503.4,7350.85),(12141.3,5311.71),(13622,5770.35),(11880,702),(11952,2142),(13151,3629.29),(8182.28,2731.64),(8282.17,1646.73),(5868,3834),(6030,1890),(7455.19,7596.34),(6416.83,7945.42),(2772,6282),(1502.66,7322.74),(2124,4662),(2726.82,5202.49),(559.72,2698.16),(1242,3744),(1242,3744),(3798,360),(4166.36,346.961),(4498.66,738),(3447.28,3756.15)
时间133,(9162,4662),(7596.8,1358.35),(5279.33,4784.67),(14462.7,7681.7),(12474.4,5324.28),(13423,5502.93),(11896.6,1034.92),(12284.9,2125.63),(13128,3296.75),(8118,2736),(8298,1908),(5908.51,3503.14),(5782.82,1666.36),(7452,7596),(6083.66,7934.85),(2441.7,6326.86),(1458,7092),(2160,4950),(3042,5220),(489.44,2372.31),(1571.65,3694.55),(1571.65,3694.55),(4131.13,348.208),(3833.24,358.753),(4165.32,738),(3780.57,3750.31)
时间134,(9162,4995.34),(7452,1368),(5274,4788),(14422.1,8012.55),(12807.5,5336.85),(13266,5292),(11913.3,1367.84),(12617.9,2109.25),(13105,2964.21),(8082,2628),(7964.83,1897.59),(5949.03,3172.27),(5652,1548),(7783.41,7631.83),(5750.5,7924.27),(2111.39,6371.71),(1791.21,7082.74),(2196,5166),(3375.05,5233.88),(432,2106),(1901.3,3645.11),(1901.3,3645.11),(4464.25,336.416),(3798,360),(3960,738),(4113.85,3744.46)
时间135,(9162,5256),(7452,1701.34),(5130,4968),(14418,8046),(13050,5346),(13050,5346),(11929.9,1700.76),(12950.8,2092.88),(13082,2631.67),(8118,2736),(7722,1890),(5976,2952),(5899.18,1771.64),(8114.81,7667.66),(5616,7920),(1781.09,6416.57),(2106,7074),(2394,5184),(3474,5238),(764.464,2081.91),(1962,3636),(1962,3636),(4797.38,324.624),(3929.31,666.384),(4014.8,1066.8),(4140,3744)
时间136,(9162,4922.66),(7452,1908),(5274,4788),(14084.7,8041.64),(13266,5292),(13234.1,5623.87),(11946.6,2033.68),(13050,2088),(13068,2430),(8450.57,2713.45),(8055.17,1900.41),(5935.49,3282.86),(6030,1890),(8118,7668),(5606.99,7586.79),(1450.78,6461.42),(2437.83,7105.6),(2160,4950),(3577.2,5554.96),(1096.93,2057.82),(1898.16,3308.83),(1898.16,3308.83),(5130.51,312.832),(3960,738),(4068,1386),(4473.12,3755.9)
时间137,(9162,4662),(7439.19,2241.09),(5130,4968),(13751.4,8037.29),(13465,5559.41),(13418.3,5901.73),(11952,2142),(12717.1,2104.37),(13091,2762.54),(8783.15,2690.91),(8298,1908),(5894.97,3613.73),(6156,2142),(8083.7,7336.43),(5598,7254),(1314,6480),(2484,7110),(2196,5166),(3680.39,5871.92),(1429.39,2033.73),(1834.33,2981.67),(1834.33,2981.67),(5463.64,301.039),(4293.34,738),(4076.77,1719.22),(4644,3762)
时间138,(9198,4392),(7434,2376),(4932,5184),(13418.1,8032.93),(13664,5826.83),(13602.4,6179.6),(11935.4,1809.08),(12384.1,2120.75),(13114,3095.08),(9115.72,2668.36),(7964.83,1897.59),(5868,3834),(6257.07,2459.64),(8064,7146),(5607.01,7587.21),(1269.36,6149.67),(2817.34,7110),(2160,4950),(3726,6012),(1674,2016),(1818,2898),(1818,2898),(5796.76,289.247),(4626.67,738),(4085.54,2052.44),(4977.14,3773.49)
时间139,(9162,4662),(7740,2340),(5130,4968),(13084.8,8028.57),(13863,6094.24),(13786.5,6457.47),(11918.7,1476.16),(12051.2,2137.12),(13137,3427.62),(9180,2664),(7722,1890),(5922,4050),(6282,2538),(8397.34,7146),(5616,7920),(1224.72,5819.33),(3150.67,7110),(2394,5184),(3622.8,5695.04),(1640.83,1684.32),(1764.29,2569.02),(1764.29,2569.02),(5832,288),(4960.01,738),(4086,2070),(5166,3780)
时间140,(9162,4995.34),(7726.68,2006.93),(4932,5184),(12751.5,8024.22),(14062,6361.65),(13970.6,6735.33),(11902.1,1143.24),(11952,2142),(13160,3760.16),(8847.43,2686.55),(8055.17,1900.41),(5868,3834),(6180.93,2220.36),(8730.67,7146),(5949.17,7930.58),(1224,5814),(3484.01,7110),(2160,4950),(3519.61,5378.08),(1638,1656),(1710.58,2240.04),(1710.58,2240.04),(5832,621.336),(5293.34,738),(4077.23,1736.78),(5166,3446.66)
时间141,(9162,5256),(7722,1890),(4914,5346),(12418.2,8019.86),(14261,6629.07),(14040,6840),(11885.4,810.32),(11935.4,1809.08),(13183,4092.71),(8514.85,2709.09),(8298,1908),(5908.51,3503.14),(6156,2142),(9064.01,7146),(6282.34,7941.15),(1557.09,5826.81),(3510,7110),(2394,5184),(3474,5238),(1671.17,1987.68),(1674,2016),(1674,2016),(5832,738),(5626.68,738),(4068.46,1403.56),(5166,3330)
时间142,(9162,4922.66),(7452,1908),(4603.58,5467.47),(12084.8,8015.5),(14418,6840),(13712.8,6903.84),(11880,702),(11918.7,1476.16),(13206,4425.25),(8182.28,2731.64),(7964.83,1897.59),(5949.03,3172.27),(6012,2214),(9162,7146),(6615.5,7951.73),(1692,5832),(3574.34,6782.93),(2196,5166),(3806.69,5217.21),(1674,2016),(1341.54,2040.09),(1341.54,2040.09),(5796,936),(5832,738),(4068,1386),(4932,3348)
时间143,(9162,4662),(7452,1574.66),(4500,5508),(11751.5,8011.14),(14219,6572.59),(13385.7,6967.67),(11880,368.664),(11902.1,1143.24),(13229,4757.79),(8118,2736),(7722,1890),(5976,2952),(6156,2142),(8828.66,7146),(6750,7956),(1358.91,5819.19),(3638.68,6455.87),(2160,4950),(4050,5202),(1640.83,1684.32),(1009.07,2064.18),(1009.07,2064.18),(5832,738),(5796,936),(4013.2,1057.2),(4644,3330)
时间144,(9198,4392),(7452,1368),(4810.42,5386.53),(11664,8010),(14020,6305.17),(13302,6984),(11880,198),(11885.4,810.32),(13252,5090.33),(8450.57,2713.45),(8055.17,1900.41),(5643.82,2924.32),(6282,2142),(8495.33,7146),(7083.34,7956),(1224,5814),(3703.02,6128.8),(2196,5166),(4104,5004),(1638,1656),(676.607,2088.27),(676.607,2088.27),(5498.66,738),(5832,738),(3960,738),(4356,3348)
时间145,(9530.6,4414.17),(7784.6,1345.83),(4914,5346),(11628.7,7678.53),(13821,6037.76),(12970.5,7018.54),(11880,531.336),(11880,702),(13266,5292),(8783.15,2690.91),(8298,1908),(5544,2916),(6164.96,1829.89),(8161.99,7146),(7398,7956),(1268.64,6144.33),(3726,6012),(1862.79,5175.26),(4050,5202),(1671.17,1987.68),(432,2106),(432,2106),(5165.33,738),(5498.66,738),(3828.69,431.616),(4104,3348)
时间146,(9863.2,4436.35),(8117.2,1323.65),(4932,5184),(11593.5,7347.07),(13622,5770.35),(12638.9,7053.07),(11880,702),(12213.3,696.536),(13243,4959.46),(9115.72,2668.36),(8277.83,1575.27),(5364,2952),(6120,1710),(8064,7146),(7447.45,7626.35),(1313.28,6474.67),(3979.09,5795.07),(1548,5184),(4194,5238),(1674,2016),(374.539,1777.65),(764.464,2081.91),(4831.99,738),(5165.33,738),(3798,360),(3852,3330)
时间147,(10008,4446),(8262,1314),(4716,5184),(11574,7164),(13423,5502.93),(12307.4,7087.61),(12213.3,696.536),(12546.6,691.072),(13220,4626.92),(9180,2664),(8262,1314),(5535.5,3237.83),(6237.04,2022.11),(8086.17,6813.4),(7452,7596),(1314,6480),(4104,5688),(1214.91,5196.81),(4050,5202),(1640.83,1684.32),(317.079,1449.31),(1096.93,2057.82),(4498.66,738),(4831.99,738),(4131.13,348.208),(3518.66,3330)
时间148,(9675.4,4423.83),(7929.4,1336.17),(4662,4878),(11609.3,7495.47),(13266,5292),(11975.8,7122.14),(12546.6,691.072),(12879.9,685.609),(13197,4294.38),(8847.43,2686.55),(8262,980.664),(5580,3312),(6282,2142),(8100,6606),(7402.55,7925.65),(1372.6,6808.15),(4407.46,5550.06),(1080,5202),(3717.31,5222.79),(1638,1656),(306,1386),(1429.39,2033.73),(4165.32,738),(4498.66,738),(4464.25,336.416),(3438,3330)
时间149,(9342.8,4401.65),(7596.8,1358.35),(4716,5184),(11644.5,7826.93),(13465,5559.41),(11644.3,7156.68),(12879.9,685.609),(12978,684),(13174,3961.84),(8514.85,2709.09),(8262,647.328),(5408.5,3026.17),(6336,2358),(8431.68,6639.17),(7398,7956),(1404,6984),(4500,5508),(1014.63,4875.14),(3474,5238),(1743.41,1339.77),(363.461,1714.35),(1674,2016),(3960,738),(4165.32,738),(4797.38,324.624),(3312,3348)
时间150,(9198,4392),(7452,1368),(4662,4878),(11664,8010),(13664,5826.83),(11574,7164),(12978,684),(12644.7,689.464),(13151,3629.29),(8182.28,2731.64),(8262,313.992),(5364,2952),(6282,2142),(8460,6642),(7731.23,7964.33),(1733.85,6935.9),(4196.54,5645.94),(990,4752),(3140.95,5224.12),(1848.82,1023.54),(420.921,2042.69),(1727.71,2344.98),(3828.69,431.616),(3960,738),(5130.51,312.832),(3186,3366)
时间151,(9530.6,4414.17),(7416,1116),(4986,4896),(11330.7,8007.05),(13863,6094.24),(11240.7,7168.69),(12966.5,350.862),(12311.4,694.928),(13128,3296.75),(8118,2736),(8262,288),(5544,2916),(6156,2142),(8477.52,6309.12),(8064.46,7972.66),(2063.69,6887.79),(4104,5688),(1055.37,5078.86),(3042,5220),(1854,1008),(432,2106),(1781.42,2673.96),(3798,360),(4293.34,738),(5463.64,301.039),(3168,3186)
时间152,(9863.2,4436.35),(7084.43,1081.7),(5130,4968),(10997.4,8004.1),(14062,6361.65),(10907.4,7173.39),(12960,162),(11978.1,700.391),(13105,2964.21),(8118,2952),(8594.43,263.376),(5364,2952),(6257.07,2459.64),(8478,6300),(8118,7974),(2268,6858),(4104,5868),(1080,5202),(3042,5508),(1748.59,1324.23),(374.539,1777.65),(1818,2898),(3929.31,666.384),(4626.67,738),(5796.76,289.247),(3474,3186)
时间153,(10008,4446),(6894,1062),(5274,4788),(10664,8001.15),(14261,6629.07),(10574.1,7178.08),(12971.5,495.138),(11880,702),(13082,2631.67),(8352,2970),(8748,252),(5535.5,3237.83),(6282,2538),(8460.48,6632.88),(7784.77,7965.67),(2106,7074),(4399.74,5714.21),(1413.09,5189.19),(3042,5220),(1643.18,1640.46),(317.079,1449.31),(2151.3,2902.57),(3960,738),(4960.01,738),(5832,288),(3438,3330)
时间154,(9675.4,4423.83),(6876,1350),(5130,4968),(10330.7,7998.2),(14418,6840),(10296,7182),(12978,684),(12213.3,696.536),(13068,2430),(8677.4,2897.69),(8861.55,565.399),(5580,3312),(6180.93,2220.36),(8460,6642),(7451.54,7957.34),(2268,6858),(4554,5634),(1548,5184),(2709.18,5201.51),(1638,1656),(306,1386),(2484.61,2907.13),(3828.69,431.616),(5293.34,738),(5498.87,299.792),(3771.34,3330)
时间155,(9342.8,4401.65),(6624,1332),(5292,5058),(9997.39,7995.25),(14544,7020),(10321.6,7514.35),(12995.1,1016.9),(12546.6,691.072),(13091,2762.54),(9002.8,2825.38),(8975.1,878.799),(5580,3645.34),(6156,2142),(8128.32,6608.83),(7398,7956),(2106,7074),(4867.92,5521.89),(1563.14,4851.01),(2394,5184),(1743.41,1339.77),(275.267,1054.08),(2817.91,2911.7),(3798,360),(5626.68,738),(5165.75,311.584),(3852,3330)
时间156,(9198,4392),(6704.85,1008.62),(5508,4878),(9664.06,7992.3),(14503.4,7350.85),(10332,7650),(13012.1,1349.8),(12879.9,685.609),(13114,3095.08),(9162,2790),(9088.65,1192.2),(5580,3780),(6257.07,2459.64),(8100,6606),(7064.66,7956),(1772.79,7083.26),(5058,5454),(1566,4788),(2160,4950),(1848.82,1023.54),(244.534,722.168),(3132,2916),(4131.13,348.208),(5832,738),(4832.62,323.376),(3518.66,3330)
时间157,(9180,4086),(6768,756),(5292,5058),(9630,7992),(14462.7,7681.7),(9998.66,7650),(13029.2,1682.7),(12978,684),(13137,3427.62),(9166.63,3123.3),(9198,1494),(5580,3446.66),(6282,2538),(8077.83,6938.6),(6750,7956),(1458,7092),(4744.08,5566.11),(1550.86,5120.99),(2124,4662),(1854,1008),(216,414),(2798.7,2911.43),(4464.25,336.416),(5832,404.664),(4499.49,335.168),(3438,3330)
时间158,(9512.35,4060.43),(7100.82,737.51),(5274,5202),(9963.32,7994.95),(14422.1,8012.55),(9665.33,7650),(13046.3,2015.59),(12966.5,350.862),(13160,3760.16),(9171.26,3456.61),(9084.45,1180.6),(5580,3312),(6180.93,2220.36),(8064,7146),(6750,7622.66),(1791.21,7082.74),(4554,5634),(1548,5184),(2093.82,4330.03),(2158.61,872.619),(549.298,408.975),(2465.39,2906.87),(4797.38,324.624),(5832,288),(4166.36,346.961),(3312,3348)
时间159,(9844.71,4034.87),(7416,720),(5292,5058),(10296.6,7997.9),(14418,8046),(9594,7650),(13050,2088),(12960,162),(13183,4092.71),(9175.89,3789.91),(8970.9,867.201),(5580,3645.34),(6156,2142),(7730.78,7137.23),(6750,7289.33),(2106,7074),(4867.92,5521.89),(1563.14,4851.01),(2088,4266),(2178,864),(882.596,403.951),(2132.09,2902.3),(5130.51,312.832),(5832,621.336),(3833.24,358.753),(3186,3366)
时间160,(9882,4032),(7083.18,738.49),(5130,4968),(10630,8000.85),(14084.7,8041.64),(9628.9,7981.5),(13032.9,1755.1),(12626.8,173.105),(13206,4425.25),(9180,4086),(8857.35,553.802),(5580,3780),(6030,1890),(7397.56,7128.46),(6750,7146),(2437.83,7105.6),(5058,5454),(1566,4788),(2118.18,4597.97),(1873.39,999.381),(1215.89,398.926),(1818,2898),(5463.64,301.039),(5832,738),(3798,360),(3312,3348)
时间161,(9549.65,4057.57),(6768,756),(5274,4788),(10963.3,8003.8),(13751.4,8037.29),(9630,7992),(13015.9,1422.2),(12293.7,184.21),(13229,4757.79),(9175.37,3752.7),(8748,252),(5580,3446.66),(5782.82,1666.36),(7380,7128),(6743.06,6812.74),(2484,7110),(4744.08,5566.11),(1891.15,4714.58),(2124,4662),(1854,1008),(1549.19,393.902),(1486.52,2933.16),(5796.76,289.247),(5498.66,738),(4131.13,348.208),(3186,3366)
时间162,(9217.29,4083.13),(7100.82,737.51),(5130,4968),(11296.6,8006.75),(13418.1,8032.93),(9963.32,7994.95),(12998.8,1089.3),(11960.5,195.315),(13252,5090.33),(9170.74,3419.39),(8415.57,276.624),(5580,3312),(5652,1548),(7380,6794.66),(6736.11,6479.47),(2491.57,7443.25),(4554,5634),(2124,4662),(1798.85,4735.42),(2158.61,872.619),(1882.49,388.877),(1155.05,2968.31),(5832,288),(5165.33,738),(4464.25,336.416),(3168,3186)
时间163,(9180,4086),(7416,720),(4932,5184),(11629.9,8009.7),(13084.8,8028.57),(10296.6,7997.9),(12981.7,756.406),(11880,198),(13266,5292),(9166.11,3086.09),(8262,288),(5580,3645.34),(5616,1278),(7380,6461.33),(6732,6282),(2499.15,7776.5),(4626,5814),(1798.85,4735.42),(1566,4788),(2178,864),(2215.79,383.852),(823.569,3003.47),(6165.34,288),(4831.99,738),(4797.38,324.624),(3474,3186)
时间164,(8846.71,4091.29),(7416,1053.34),(4716,5184),(11664,8010),(12751.5,8024.22),(10630,8000.85),(12978,684),(12213.2,186.895),(13243,4959.46),(9162,2790),(7928.74,280.755),(5580,3780),(5949.34,1278),(7380,6264),(6405.14,6216.63),(2502,7902),(4554,5634),(1566,4788),(1233.31,4767.21),(1873.39,999.381),(2549.09,378.828),(630,3024),(6498.67,288),(4498.66,738),(5130.51,312.832),(3168,3186)
时间165,(8513.41,4096.58),(7416,1116),(4932,5184),(11330.7,8007.05),(12418.2,8019.86),(10963.3,8003.8),(12644.7,689.464),(12546.3,175.79),(13220,4626.92),(8836.6,2862.31),(7595.49,273.511),(5580,3446.66),(6066,1278),(7397.83,5931.14),(6372,6210),(2494.43,7568.75),(4867.92,5521.89),(1550.86,5120.99),(990,4752),(1854,1008),(2882.39,373.803),(559.72,2698.16),(6516,288),(4165.32,738),(5463.64,301.039),(3186,3366)
时间166,(8180.12,4101.87),(7416,782.664),(4914,5346),(10997.4,8004.1),(12084.8,8015.5),(11296.6,8006.75),(12311.4,694.928),(12879.5,164.685),(13197,4294.38),(8511.2,2934.62),(7434,270),(5580,3312),(5732.66,1278),(7415.66,5598.28),(6372,5876.66),(2486.85,7235.5),(5058,5454),(1548,5184),(1055.37,5078.86),(1748.59,1324.23),(3215.68,368.779),(489.44,2372.31),(6593.79,612.132),(3960,738),(5796.76,289.247),(3312,3348)
时间167,(8046,4104),(7416,720),(4603.58,5467.47),(10664,8001.15),(11751.5,8011.14),(11629.9,8009.7),(11978.1,700.391),(12960,162),(13174,3961.84),(8352,2970),(7767.26,277.245),(5408.5,3026.17),(5616,1278),(7433.5,5265.42),(6372,5543.33),(2484,7110),(4744.08,5566.11),(1214.91,5196.81),(1080,5202),(1643.18,1640.46),(3548.98,363.754),(432,2106),(6624,738),(3828.69,431.616),(5832,288),(3438,3330)
时间168,(8379.29,4098.71),(7083.18,738.49),(4500,5508),(10330.7,7998.2),(11664,8010),(11664,8010),(11880,702),(12626.8,173.105),(13151,3629.29),(8677.4,2897.69),(8100.51,284.489),(5364,2952),(5652,1548),(7434,5256),(6372,5220),(2817.34,7110),(4554,5634),(1080,5202),(1156.35,5526.47),(1638,1656),(3798,360),(764.464,2081.91),(6546.21,413.868),(3798,360),(6165.34,288),(3312,3348)
时间169,(8712.59,4093.42),(6768,756),(4810.42,5386.53),(9997.39,7995.25),(11628.7,7678.53),(11997.3,8014.36),(11896.6,1034.92),(12293.7,184.21),(13128,3296.75),(9002.8,2825.38),(8262,288),(5544,2916),(5899.18,1771.64),(7766.88,5238.48),(6705.14,5231.29),(3150.67,7110),(4867.92,5521.89),(1014.63,4875.14),(1224,5814),(1671.17,1987.68),(3464.7,365.025),(1096.93,2057.82),(6516,288),(4131.13,348.208),(6498.67,288),(3186,3366)
时间170,(9045.88,4088.13),(6894,1062),(4914,5346),(9664.06,7992.3),(11593.5,7347.07),(12330.6,8018.71),(11913.3,1367.84),(11960.5,195.315),(13105,2964.21),(9162,2790),(7928.74,280.755),(5876.18,2943.68),(6030,1890),(8099.75,5220.96),(7038.29,5242.59),(3484.01,7110),(5058,5454),(990,4752),(1147.65,5489.53),(1674,2016),(3131.4,370.049),(1429.39,2033.73),(6593.79,612.132),(4464.25,336.416),(6516,288),(3126.37,3693.96)
时间171,(9180,4086),(6768,756),(4932,5184),(9630,7992),(11574,7164),(12663.9,8023.07),(11929.9,1700.76),(11880,198),(13082,2631.67),(9166.63,3123.3),(7595.49,273.511),(5976,2952),(6156,2142),(8118,5220),(7371.43,5253.88),(3510,7110),(4744.08,5566.11),(919.19,4426.27),(1080,5202),(1727.71,2344.98),(2798.11,375.074),(1674,2016),(6624,738),(4797.38,324.624),(6642,270),(3114,3762)
时间172,(9512.35,4060.43),(6687.15,1079.38),(5264.88,5201.52),(9595.1,7660.5),(11609.3,7495.47),(12997.2,8027.43),(11946.6,2033.68),(11546.7,203.951),(13068,2430),(9171.26,3456.61),(7434,270),(5643.82,2924.32),(6282,2142),(8118,5553.34),(7434,5256),(3843.34,7110),(4554,5634),(900,4338),(1156.35,5526.47),(1781.42,2673.96),(2464.81,380.098),(1727.71,2344.98),(6500.2,1047.49),(5130.51,312.832),(6516,288),(3173.63,3434.04)
时间173,(9844.71,4034.87),(6624,1332),(5274,5202),(9594,7650),(11644.5,7826.93),(13330.5,8031.78),(11952,2142),(11213.4,209.903),(13091,2762.54),(9175.89,3789.91),(7767.26,277.245),(5544,2916),(6164.96,1829.89),(8118,5886.67),(7405.12,4923.92),(4176.67,7110),(4258.26,5787.79),(1227.45,4275.63),(1224,5814),(1818,2898),(2131.51,385.123),(1781.42,2673.96),(6408,1278),(5463.64,301.039),(6593.79,612.132),(3186,3366)
时间174,(9882,4032),(6876,1350),(4941.12,5184.48),(9927.34,7650),(11664,8010),(13663.8,8036.14),(11618.8,2151.26),(10880.2,215.854),(13114,3095.08),(9180,4086),(8100.51,284.489),(5533.59,2582.83),(6120,1710),(8118,6220.01),(7398,4842),(4510.01,7110),(4104,5868),(1278,4266),(1147.65,5489.53),(2151.3,2902.57),(1798.21,390.148),(1818,2898),(6531.8,968.505),(5796.76,289.247),(6624,738),(3168,3186)
时间175,(9954,4230),(6624,1332),(4932,5184),(10260.7,7650),(11997.3,8014.36),(13997.2,8040.5),(11304,2160),(10872,216),(13137,3427.62),(9175.37,3752.7),(8262,288),(5526,2340),(6453.23,1718.33),(8118,6282),(7064.72,4848.06),(4644,7110),(3888,6066),(950.551,4328.37),(1080,5202),(2484.61,2907.13),(1464.91,395.172),(1764.29,2569.02),(6624,738),(5832,288),(6500.2,1047.49),(3474,3186)
时间176,(9882,4032),(6876,1350),(5264.88,5201.52),(10332,7650),(12330.6,8018.71),(14330.5,8044.86),(11637.2,2150.74),(10944.3,541.398),(13160,3760.16),(9170.74,3419.39),(8262,621.336),(5536.41,2673.17),(6786.46,1726.66),(8100,6606),(6731.44,4854.12),(4977.34,7110),(4104,5868),(900,4338),(1014.63,4875.14),(2817.91,2911.7),(1131.61,400.197),(1710.58,2240.04),(6546.21,413.868),(5832,621.336),(6408,1278),(3438,3330)
时间177,(9954,4230),(6844.4,1681.83),(5274,5202),(10306.4,7317.65),(12663.9,8023.07),(14418,8046),(11952,2142),(11016.6,866.797),(13183,4092.71),(9166.11,3086.09),(8262,954.672),(5544,2916),(6840,1728),(8077.83,6938.6),(6408,4860),(5022,7110),(4158,6084),(848.541,4008.66),(990,4752),(3132,2916),(798.317,405.221),(1674,2016),(6516,288),(5832,738),(6074.66,1278),(3312,3348)
时间178,(9882,4032),(6840,1728),(4941.12,5184.48),(10296,7182),(12997.2,8027.43),(14458.6,7715.15),(12284.9,2125.63),(11088.9,1192.19),(13206,4425.25),(9162,2790),(8262,1288.01),(5533.59,2582.83),(6506.77,1719.67),(8064,7146),(6741.28,4853.94),(4688.66,7110),(3888,6066),(810,3762),(1322.69,4772.79),(2798.7,2911.43),(465.019,410.246),(1727.71,2344.98),(6593.79,612.132),(5832,404.664),(6066,1278),(3186,3366)
时间179,(9549.65,4057.57),(6871.6,1396.17),(4932,5184),(10275.2,6849.31),(13330.5,8031.78),(14499.3,7384.3),(12617.9,2109.25),(11161.2,1517.59),(13229,4757.79),(9166.63,3123.3),(8262,1314),(5526,2340),(6173.54,1711.34),(8397.34,7146),(7074.56,4847.88),(4644,7110),(4158,6084),(861.459,4091.34),(1566,4788),(2465.39,2906.87),(216,414),(1781.42,2673.96),(6624,738),(5832,288),(6399.34,1278),(3168,3186)
时间180,(9217.29,4083.13),(6876,1350),(5130,4968),(10254.4,6516.63),(13663.8,8036.14),(14539.9,7053.45),(12950.8,2092.88),(11233.6,1842.99),(13252,5090.33),(9171.26,3456.61),(8282.17,1646.73),(5848.67,2256.35),(6120,1710),(8730.67,7146),(7398,4842),(4672.27,7442.14),(3888,6066),(900,4338),(1891.15,4714.58),(2132.09,2902.3),(246.733,745.916),(1818,2898),(6546.21,413.868),(6165.34,288),(6408,1278),(3132,2916)
时间181,(9180,4086),(6844.4,1681.83),(5292,5058),(10242,6318),(13997.2,8040.5),(14544,7020),(13050,2088),(11304,2160),(13266,5292),(9175.89,3789.91),(8298,1908),(6012,2214),(6453.23,1718.33),(9064.01,7146),(7426.88,5174.08),(4700.53,7774.27),(4158,6084),(848.541,4008.66),(2124,4662),(1818,2898),(277.466,1077.83),(1881.84,3225.17),(6516,288),(6498.67,288),(6074.66,1278),(3456,2988)
时间182,(9198,4392),(6840,1728),(5274,5202),(10242,5984.66),(14330.5,8044.86),(14418,6840),(12717.1,2104.37),(10996.6,2288.91),(13243,4959.46),(9180,4086),(7964.83,1897.59),(5689.33,2297.65),(6786.46,1726.66),(9162,7146),(7434,5256),(4716,7956),(4477.28,6179.78),(810,3762),(2160,4950),(1881.84,3225.17),(306,1386),(1945.67,3552.33),(6182.66,288),(6516,288),(6066,1278),(3132,2916)
时间183,(9162,4662),(6871.6,1396.17),(5292,5058),(10242,5922),(14418,8046),(14544,7020),(12384.1,2120.75),(10689.2,2417.82),(13220,4626.92),(9175.37,3752.7),(7722,1890),(5526,2340),(6840,1728),(8828.66,7146),(7405.12,4923.92),(4383.01,7940.86),(4518,6192),(861.459,4091.34),(2124,4662),(1945.67,3552.33),(275.267,1054.08),(1962,3636),(5849.33,288),(6182.66,288),(5859.45,1016.37),(3132,2772)
时间184,(9162,4995.34),(6876,1350),(5274,5202),(9911.72,5967.04),(14084.7,8041.64),(14503.4,7350.85),(12051.2,2137.12),(10381.8,2546.73),(13197,4294.38),(9170.74,3419.39),(8055.17,1900.41),(5536.41,2673.17),(6840,2061.34),(8495.33,7146),(7398,4842),(4050.02,7925.73),(4609.57,5871.49),(900,4338),(2093.82,4330.03),(1962,3636),(244.534,722.168),(1898.16,3308.83),(5832,288),(5849.33,288),(5796,936),(3114,2502)
时间185,(9162,5256),(6624,1332),(5058,5454),(9846,5976),(13751.4,8037.29),(14462.7,7681.7),(11952,2142),(10188,2628),(13174,3961.84),(9166.11,3086.09),(8298,1908),(5544,2916),(6840,2322),(8161.99,7146),(7398,4662),(3717.02,7910.59),(4626,5814),(970.81,4663.73),(2088,4266),(1632.35,3685.45),(216,414),(1834.33,2981.67),(6165.34,288),(5832,288),(5832,738),(3132,2772)
时间186,(9162,4922.66),(6704.85,1008.62),(5094,5634),(9810,6300),(13418.1,8032.93),(14422.1,8012.55),(12284.9,2125.63),(10495.4,2499.09),(13151,3629.29),(9162,2790),(8277.83,1575.27),(5876.18,2943.68),(6840,1988.66),(8064,7146),(7731.34,4662),(3528,7902),(4554,5634),(990,4752),(1754.66,4266),(1302.7,3734.89),(549.298,408.975),(1818,2898),(6498.67,288),(5832,621.336),(5832,404.664),(3114,2502)
时间187,(9162,4662),(6768,756),(5058,5454),(9476.8,6309.52),(13084.8,8028.57),(14418,8046),(12617.9,2109.25),(10802.8,2370.18),(13128,3296.75),(8836.6,2862.31),(8262,1314),(5976,2952),(6840,1728),(8098.3,7477.57),(8064.67,4662),(3520.43,7568.75),(4867.92,5521.89),(1055.37,5078.86),(1421.33,4266),(1242,3744),(882.596,403.951),(1486.52,2933.16),(6516,288),(5832,738),(5832,288),(3447.34,2502)
时间188,(9198,4392),(7100.82,737.51),(5094,5634),(9180,6318),(12751.5,8024.22),(14458.6,7715.15),(12950.8,2092.88),(11110.2,2241.27),(13105,2964.21),(8511.2,2934.62),(8262,980.664),(6309.15,2940.89),(6506.77,1719.67),(8118,7668),(8082,4662),(3512.85,7235.5),(5058,5454),(1080,5202),(1278,4266),(908.953,3757.88),(1215.89,398.926),(1155.05,2968.31),(6642,270),(5832,404.664),(6165.34,288),(3456,2502)
时间189,(9180,4086),(7416,720),(5058,5454),(9172.76,6651.26),(12418.2,8019.86),(14499.3,7384.3),(13050,2088),(11304,2160),(13082,2631.67),(8352,2970),(8262,647.328),(6516,2934),(6173.54,1711.34),(7786.59,7632.17),(7748.66,4662),(3510,7110),(4744.08,5566.11),(1413.09,5189.19),(1255.07,3933.45),(810,3762),(1549.19,393.902),(823.569,3003.47),(6975.34,270),(5832,288),(6498.67,288),(3474,2250)
时间190,(8846.71,4091.29),(7083.18,738.49),(5274,5202),(9165.51,6984.51),(12084.8,8015.5),(14539.9,7053.45),(13032.9,1755.1),(11231.7,1834.6),(13068,2430),(8677.4,2897.69),(8262,313.992),(6182.85,2945.11),(6120,1710),(7455.19,7596.34),(7415.33,4662),(3574.34,6782.93),(4554,5634),(1548,5184),(1242,3744),(1143.05,3748.12),(1882.49,388.877),(630,3024),(7308.67,270),(6165.34,288),(6516,288),(3807.34,2250)
时间191,(8513.41,4096.58),(6768,756),(5606.88,5219.52),(9162,7146),(11751.5,8011.14),(14544,7020),(13015.9,1422.2),(11159.4,1509.2),(13091,2762.54),(9002.8,2825.38),(8262,288),(5976,2952),(6237.04,2022.11),(7452,7596),(7398,4662),(3638.68,6455.87),(4258.26,5787.79),(1881.21,5174.74),(1264.93,4076.55),(1242,3744),(2215.79,383.852),(559.72,2698.16),(7434,270),(6498.67,288),(6593.79,612.132),(4122,2250)
时间192,(8180.12,4101.87),(6894,1062),(5616,5220),(9495.17,7156.58),(11664,8010),(14418,6840),(12998.8,1089.3),(11087.1,1183.81),(13114,3095.08),(9162,2790),(8594.43,263.376),(5935.49,3282.86),(6282,2142),(7783.41,7631.83),(7064.66,4662),(3703.02,6128.8),(4104,5868),(2196,5166),(1278,4266),(908.953,3757.88),(2549.09,378.828),(489.44,2372.31),(7100.66,270),(6516,288),(6624,738),(3788.66,2250)
时间193,(8046,4104),(6876,1350),(5632.65,4887.08),(9828.34,7167.15),(11330.7,8007.05),(14084.7,6840),(12981.7,756.406),(11014.8,858.407),(13137,3427.62),(9491.26,2738.01),(8748,252),(5894.97,3613.73),(6156,2142),(8114.81,7667.66),(6731.33,4662),(3726,6012),(4104,5688),(2394,5184),(1611.34,4266),(810,3762),(2882.39,373.803),(432,2106),(6767.33,270),(6642,270),(6546.21,413.868),(3474,2250)
时间194,(8379.29,4098.71),(7209.17,1360.41),(5634,4860),(10161.5,7177.73),(10997.4,8004.1),(14040,6840),(12978,684),(10942.4,533.009),(13160,3760.16),(9820.51,2686.02),(8415.57,276.624),(5868,3834),(6012,2214),(8118,7668),(6397.99,4662),(3888,6066),(4067.19,5356.7),(2160,4950),(1944.67,4266),(731.014,3438.16),(3215.68,368.779),(764.464,2081.91),(6642,270),(6725.65,592.668),(6516,288),(3294,2250)
时间195,(8712.59,4093.42),(7452,1368),(5845.9,4602.69),(10296,7182),(10664,8001.15),(13855.9,6562.13),(12644.7,689.464),(10872,216),(13183,4092.71),(10149.8,2634.04),(8262,288),(5908.51,3503.14),(5689.33,2297.65),(8083.7,7336.43),(6390,4662),(4104,5868),(4050,5202),(2124,4662),(2088,4266),(652.028,3114.31),(3548.98,363.754),(1096.93,2057.82),(6975.34,270),(6768,756),(6642,270),(3294,2070)
时间196,(9045.88,4088.13),(7416,1116),(5886,4554),(10275.2,6849.31),(10330.7,7998.2),(13671.7,6284.27),(12311.4,694.928),(10538.7,221.649),(13206,4425.25),(10188,2628),(7928.74,280.755),(5949.03,3172.27),(5526,2340),(8064,7146),(6408,4860),(4399.74,5714.21),(4086.81,5533.3),(2093.82,4330.03),(2421.32,4268.92),(630,3024),(3798,360),(1429.39,2033.73),(7308.67,270),(6684.35,433.332),(6725.65,592.668),(3096,2070)
时间197,(9180,4086),(7084.43,1081.7),(5674.1,4811.31),(10254.4,6516.63),(9997.39,7995.25),(13487.6,6006.4),(11978.1,700.391),(10205.4,227.298),(13229,4757.79),(9858.74,2679.99),(7595.49,273.511),(5976,2952),(5536.41,2673.17),(8397.34,7146),(6374.83,5191.68),(4554,5634),(4104,5688),(2088,4266),(2754.65,4271.85),(708.986,3347.84),(3464.7,365.025),(1674,2016),(7434,270),(6642,270),(6768,756),(3109.88,2403.05)
时间198,(8846.71,4091.29),(6894,1062),(5634,4860),(10242,6318),(9664.06,7992.3),(13303.5,5728.53),(11880,702),(9872.14,232.947),(13252,5090.33),(9529.49,2731.98),(7434,270),(5643.82,2924.32),(5544,2916),(8730.67,7146),(6372,5220),(4258.26,5787.79),(4104,5868),(2022.63,3939.14),(3087.97,4274.77),(787.972,3671.69),(3131.4,370.049),(1341.54,2040.09),(7100.66,270),(6516,288),(6684.35,433.332),(3114,2502)
时间199,(8513.41,4096.58),(6876,1350),(5845.9,4602.69),(9908.95,6304.12),(9630,7992),(13119.4,5450.67),(11896.6,1034.92),(9538.85,238.596),(13266,5292),(9200.23,2783.96),(7767.26,277.245),(5544,2916),(5533.59,2582.83),(9064.01,7146),(6038.66,5220),(4104,5868),(4104,5688),(1962,3636),(3421.29,4277.7),(810,3762),(2798.11,375.074),(1009.07,2064.18),(6767.33,270),(6642,270),(6642,270),(3447.34,2502)
时间200,(8180.12,4101.87),(6894,1062),(5886,4554),(9810,6300),(9595.1,7660.5),(13050,5346),(11913.3,1367.84),(9205.56,244.245),(13243,4959.46),(9162,2790),(8100.51,284.489),(5364,2952),(5526,2340),(9162,7146),(5705.33,5220),(4158,6084),(4067.19,5356.7),(2027.37,3962.86),(3754.62,4280.62),(1143.05,3748.12),(2464.81,380.098),(676.607,2088.27),(6642,270),(6725.65,592.668),(6725.65,592.668),(3456,2502)
时间201,(8046,4104),(6876,1350),(5674.1,4811.31),(9846,5976),(9594,7650),(12716.9,5333.43),(11929.9,1700.76),(8872.27,249.894),(13220,4626.92),(8836.6,2862.31),(8262,288),(5535.5,3237.83),(5848.67,2256.35),(8828.66,7146),(5616,5220),(4104,5868),(4050,5202),(2088,4266),(4087.94,4283.54),(1242,3744),(2131.51,385.123),(432,2106),(6725.65,592.668),(6768,756),(6768,756),(3789.21,2492.74)
时间202,(8379.29,4098.71),(7209.17,1360.41),(5634,4860),(10176.3,5930.96),(9628.9,7981.5),(12383.8,5320.86),(11946.6,2033.68),(8748,252),(13197,4294.38),(8511.2,2934.62),(8262,621.336),(5580,3312),(6012,2214),(8495.33,7146),(5604.31,5553.13),(4104,5688),(4086.81,5533.3),(2421.32,4268.92),(4140,4284),(908.953,3757.88),(1798.21,390.148),(374.539,1777.65),(6768,756),(6684.35,433.332),(6684.35,433.332),(4104,2484)
时间203,(8712.59,4093.42),(7452,1368),(5508,4878),(10242,5922),(9630,7992),(12050.7,5308.29),(11952,2142),(9081.29,246.351),(13174,3961.84),(8352,2970),(8262,954.672),(5580,3645.34),(6156,2142),(8161.99,7146),(5592.62,5886.26),(4407.46,5550.06),(4104,5688),(2754.65,4271.85),(4338,4248),(810,3762),(1464.91,395.172),(317.079,1449.31),(6684.35,433.332),(6642,270),(6642,270),(3770.79,2493.26)
时间204,(9045.88,4088.13),(7784.6,1345.83),(5634,4860),(9911.72,5967.04),(9296.66,7992),(11717.6,5295.72),(12284.9,2125.63),(9414.58,240.702),(13151,3629.29),(8118,2952),(8262,1288.01),(5580,3780),(6012,2214),(8064,7146),(5580.93,6219.39),(4500,5508),(4407.46,5550.06),(3087.97,4274.77),(4140,4284),(731.014,3438.16),(1131.61,400.197),(306,1386),(6642,270),(6975.34,270),(6725.65,592.668),(3456,2502)
时间205,(9180,4086),(8117.2,1323.65),(5508,4878),(9846,5976),(9162,7992),(11384.5,5283.15),(12617.9,2109.25),(9747.86,235.053),(13128,3296.75),(7812,2898),(8262,1314),(5580,3446.66),(5689.33,2297.65),(8086.17,6813.4),(5580,6246),(4196.54,5645.94),(4500,5508),(3421.29,4277.7),(4338,4248),(652.028,3114.31),(798.317,405.221),(363.461,1714.35),(6516,288),(7308.67,270),(6768,756),(3474,2250)
时间206,(9198,4392),(8262,1314),(5292,5058),(9810,6300),(9144.48,7659.12),(11142,5274),(12950.8,2092.88),(10081.2,229.404),(13105,2964.21),(7488.62,2978.85),(8282.17,1646.73),(5580,3312),(5526,2340),(8100,6606),(5593.88,6579.05),(4104,5688),(4196.54,5645.94),(3754.62,4280.62),(4140,4284),(630,3024),(465.019,410.246),(420.921,2042.69),(6182.66,288),(7434,270),(6684.35,433.332),(3294,2250)
时间207,(9530.6,4414.17),(7929.4,1336.17),(5130,4968),(9846,5976),(9144,7650),(11214.9,5599.27),(13050,2088),(10414.4,223.755),(13082,2631.67),(7452,2988),(8298,1908),(5408.5,3026.17),(5512.12,2006.95),(8118,6282),(5607.75,6912.09),(4407.46,5550.06),(4104,5688),(4087.94,4283.54),(4140,3950.66),(559.72,2698.16),(216,414),(432,2106),(5849.33,288),(7100.66,270),(6642,270),(3474,2250)
时间208,(9863.2,4436.35),(7596.8,1358.35),(4986,4896),(10176.3,5930.96),(9477.34,7650),(11287.8,5924.53),(12717.1,2104.37),(10747.7,218.106),(13068,2430),(7775.38,2907.15),(8277.83,1575.27),(5364,2952),(5508,1908),(7784.76,6273.87),(5616,7110),(4500,5508),(3850.91,5904.93),(4140,4284),(4140,3744),(489.44,2372.31),(246.733,745.916),(374.539,1777.65),(5832,288),(6767.33,270),(6975.34,270),(3456,2502)
时间209,(10008,4446),(7452,1368),(4662,4878),(10242,5922),(9594,7650),(11360.7,6249.8),(12384.1,2120.75),(10872,216),(13091,2762.54),(7812,2898),(8262,1314),(5544,2916),(5521.88,2241.05),(7451.53,6265.74),(5598,7254),(4196.54,5645.94),(3726,6012),(4123.35,4616.92),(4140,4077.34),(432,2106),(277.466,1077.83),(317.079,1449.31),(5832,621.336),(6642,270),(7308.67,270),(3474,2250)
时间210,(9675.4,4423.83),(7784.6,1345.83),(4986,4896),(10242,6255.34),(9927.34,7650),(11376,6318),(12051.2,2137.12),(10944.3,541.398),(13114,3095.08),(7488.62,2978.85),(8282.17,1646.73),(5364,2952),(5526,2340),(7380,6264),(5607.01,7587.21),(4104,5688),(3661.66,6339.07),(4106.71,4949.84),(4140,4284),(764.464,2081.91),(306,1386),(306,1386),(5832,738),(6975.34,270),(7434,270),(3807.34,2250)
时间211,(9342.8,4401.65),(8117.2,1323.65),(4968,4680),(10242,6318),(10260.7,7650),(11042.7,6318),(11952,2142),(11016.6,866.797),(13137,3427.62),(7452,2988),(8298,1908),(5535.5,3237.83),(5848.67,2256.35),(7380,6597.34),(5616,7920),(4104,5868),(3597.32,6666.13),(4104,5004),(4338,4248),(1096.93,2057.82),(275.267,1054.08),(275.267,1054.08),(5498.66,738),(7308.67,270),(7100.66,270),(4122,2250)
时间212,(9198,4392),(8262,1314),(4986,4572),(10242,5984.66),(10332,7650),(10709.3,6318),(11618.8,2151.26),(11088.9,1192.19),(13160,3760.16),(7775.38,2907.15),(7964.83,1897.59),(5580,3312),(6012,2214),(7380,6930.67),(5949.17,7930.58),(4158,6084),(3532.98,6993.2),(4194,5238),(4140,4284),(1429.39,2033.73),(244.534,722.168),(244.534,722.168),(5165.33,738),(7434,270),(6767.33,270),(4455.34,2250)
时间213,(9530.6,4414.17),(7929.4,1336.17),(4968,4680),(10242,5922),(10306.4,7317.65),(10376,6318),(11304,2160),(11161.2,1517.59),(13183,4092.71),(7812,2898),(7722,1890),(5408.5,3026.17),(6156,2142),(7380,7128),(6282.34,7941.15),(4477.28,6179.78),(3510,7110),(4525.57,5203.7),(4338,4248),(1674,2016),(216,414),(216,414),(4831.99,738),(7100.66,270),(6642,270),(4590,2250)
时间214,(9863.2,4436.35),(7596.8,1358.35),(4986,4572),(10242,6255.34),(10296,7182),(10242,6318),(11637.2,2150.74),(11233.6,1842.99),(13206,4425.25),(8118,2952),(8055.17,1900.41),(5364,2952),(6030,1890),(7713.22,7136.77),(6615.5,7951.73),(4518,6192),(3574.34,6782.93),(4716,5184),(4140,4284),(1727.71,2344.98),(549.298,408.975),(549.298,408.975),(4498.66,738),(6767.33,270),(6516,288),(4590,2502)
时间215,(10008,4446),(7452,1368),(4968,4680),(10242,6318),(9962.83,7171.42),(10575.3,6318),(11952,2142),(11304,2160),(13229,4757.79),(8118,2736),(8298,1908),(5544,2916),(6156,2142),(8046.44,7145.54),(6750,7956),(4609.57,5871.49),(3638.68,6455.87),(4384.43,5218.3),(3806.68,4281.08),(1781.42,2673.96),(882.596,403.951),(882.596,403.951),(4165.32,738),(6642,270),(6182.66,288),(4920.54,2545.11)
时间216,(9675.4,4423.83),(7784.6,1345.83),(5274,4788),(10575.3,6318),(9629.66,7160.85),(10908.7,6318),(11935.4,1809.08),(10996.6,2288.91),(13252,5090.33),(8082,2628),(8277.83,1575.27),(5876.18,2943.68),(6257.07,2459.64),(8064,7146),(6750,7622.66),(4626,5814),(3703.02,6128.8),(4194,5238),(3473.35,4278.15),(1818,2898),(1215.89,398.926),(1215.89,398.926),(3960,738),(6516,288),(5849.33,288),(5004,2556)
时间217,(9342.8,4401.65),(8117.2,1323.65),(4968,4680),(10908.7,6318),(9296.5,7150.27),(11242,6318),(11918.7,1476.16),(10689.2,2417.82),(13266,5292),(7748.66,2628),(8262,1314),(5976,2952),(6282,2538),(8098.3,7477.57),(6750,7289.33),(4534.43,6134.51),(3726,6012),(4104,5004),(3140.03,4275.23),(1486.52,2933.16),(1549.19,393.902),(1549.19,393.902),(4293.34,738),(6593.79,612.132),(5832,288),(4673.46,2512.89)
时间218,(9198,4392),(8262,1314),(4986,4896),(11242,6318),(9162,7146),(11376,6318),(11902.1,1143.24),(10381.8,2546.73),(13243,4959.46),(7740,2628),(8262,980.664),(5935.49,3282.86),(6516,2718),(8118,7668),(6750,7146),(4518,6192),(3979.09,5795.07),(4050,5202),(2806.71,4272.3),(1155.05,2968.31),(1882.49,388.877),(1882.49,388.877),(4626.67,738),(6624,738),(6165.34,288),(4590,2502)
时间219,(9180,4086),(7929.4,1336.17),(4662,4878),(11376,6318),(9495.17,7156.58),(11452,6642.57),(11885.4,810.32),(10188,2628),(13220,4626.92),(7812,2898),(8262,647.328),(5894.97,3613.73),(6282,2538),(8083.7,7336.43),(6743.06,6812.74),(4848.21,6237.55),(4104,5688),(3717.31,5222.79),(2473.38,4269.38),(823.569,3003.47),(2215.79,383.852),(2215.79,383.852),(4960.01,738),(6546.21,413.868),(6498.67,288),(4608,2736)
时间220,(9512.35,4060.43),(7596.8,1358.35),(4616.45,4547.79),(11303.1,5992.73),(9828.34,7167.15),(11527.9,6967.13),(11880,702),(10495.4,2499.09),(13197,4294.38),(7740,2628),(8262,313.992),(5868,3834),(6516,2718),(8064,7146),(6736.11,6479.47),(5040,6264),(4407.46,5550.06),(3474,5238),(2140.06,4266.46),(630,3024),(2549.09,378.828),(2549.09,378.828),(5293.34,738),(6516,288),(6516,288),(4941.34,2736)
时间221,(9844.71,4034.87),(7452,1368),(4590,4356),(11230.2,5667.47),(10161.5,7177.73),(11574,7164),(11880,368.664),(10802.8,2370.18),(13174,3961.84),(7812,2898),(8262,288),(6174,3726),(6696,2754),(7730.78,7137.23),(6732,6282),(4709.79,6218.45),(4500,5508),(3577.2,5554.96),(2088,4266),(961.477,2988.84),(2882.39,373.803),(2882.39,373.803),(5626.68,738),(6593.79,612.132),(6642,270),(5022,2736)
时间222,(9882,4032),(7118.83,1357.59),(4635.55,4686.21),(11157.3,5342.2),(10296,7182),(11609.3,7495.47),(11880,198),(11110.2,2241.27),(13151,3629.29),(7488.62,2978.85),(8594.43,263.376),(5868,3834),(6858,2664),(7397.56,7128.46),(7065.21,6272.74),(4518,6192),(4196.54,5645.94),(3680.39,5871.92),(1754.66,4266),(1292.95,2953.69),(3215.68,368.779),(3215.68,368.779),(5832,738),(6624,738),(6975.34,270),(5058,2916)
时间223,(9954,4230),(6876,1350),(4662,4878),(11142,5274),(10275.2,6849.31),(11644.5,7826.93),(11546.7,203.951),(11304,2160),(13128,3296.75),(7452,2988),(8748,252),(5922,4050),(6570.43,2495.43),(7380,7128),(7380,6264),(4198.72,6096.22),(4104,5688),(3726,6012),(1421.33,4266),(1624.43,2918.53),(3548.98,363.754),(3548.98,363.754),(5832,404.664),(6500.2,1047.49),(7308.67,270),(5022,2736)
时间224,(9882,4032),(7209.17,1360.41),(4716,5184),(11475.1,5286.57),(10254.4,6516.63),(11664,8010),(11213.4,209.903),(10996.6,2288.91),(13105,2964.21),(7775.38,2907.15),(8861.55,565.399),(5868,3834),(6336,2358),(7713.22,7136.77),(7397.83,5931.14),(4158,6084),(3850.91,5904.93),(3622.8,5695.04),(1278,4266),(1818,2898),(3798,360),(3798,360),(5832,288),(6408,1278),(7434,270),(4688.66,2736)
时间225,(9954,4230),(7452,1368),(4932,5184),(11808.2,5299.14),(10242,6318),(11330.7,8007.05),(10880.2,215.854),(10689.2,2417.82),(13082,2631.67),(7812,2898),(8975.1,878.799),(5922,4050),(6623.57,2526.57),(8046.44,7145.54),(7415.66,5598.28),(4477.28,6179.78),(3726,6012),(3519.61,5378.08),(1611.34,4266),(1881.84,3225.17),(3464.7,365.025),(3464.7,365.025),(5832,621.336),(6074.66,1278),(7100.66,270),(4608,2736)
时间226,(9882,4032),(7416,1116),(5264.88,5201.52),(12141.3,5311.71),(10575.3,6318),(10997.4,8004.1),(10872,216),(10381.8,2546.73),(13068,2430),(7740,2628),(9088.65,1192.2),(5868,3834),(6858,2664),(8064,7146),(7433.5,5265.42),(4518,6192),(3393.88,5983.53),(3474,5238),(1944.67,4266),(1945.67,3552.33),(3131.4,370.049),(3131.4,370.049),(5832,738),(6066,1278),(6767.33,270),(4626,2934)
时间227,(9549.65,4057.57),(7084.43,1081.7),(5274,5202),(12474.4,5324.28),(10908.7,6318),(10664,8001.15),(10944.3,541.398),(10188,2628),(13091,2762.54),(8073.34,2628),(9198,1494),(5922,4050),(6840.48,2331.12),(8086.17,6813.4),(7434,5256),(4563.33,6522.24),(3096,5958),(3577.2,5554.96),(2088,4266),(1962,3636),(2798.11,375.074),(2798.11,375.074),(5796,936),(5859.45,1016.37),(6642,270),(4641.14,3266.99)
时间228,(9217.29,4083.13),(6894,1062),(4941.12,5184.48),(12807.5,5336.85),(11242,6318),(10330.7,7998.2),(11016.6,866.797),(10495.4,2499.09),(13114,3095.08),(8082,2628),(9198,1827.34),(5868,3834),(6840,2322),(8100,6606),(7100.86,5244.71),(4608.65,6852.48),(2860.3,6193.7),(3680.39,5871.92),(2421.32,4268.92),(1632.35,3685.45),(2464.81,380.098),(2464.81,380.098),(6002.55,1197.63),(5796,936),(6975.34,270),(4644,3330)
时间229,(9180,4086),(7225.57,1096.3),(4932,5184),(13050,5346),(11376,6318),(9997.39,7995.25),(11088.9,1192.19),(10802.8,2370.18),(13137,3427.62),(7748.66,2628),(9198,2160.67),(5908.51,3503.14),(7171.97,2352.18),(8431.68,6639.17),(6767.71,5233.41),(4644,7110),(2772,6282),(3726,6012),(2754.65,4271.85),(1302.7,3734.89),(2131.51,385.123),(2131.51,385.123),(6066,1278),(6002.55,1197.63),(7308.67,270),(4356,3348)
时间230,(8846.71,4091.29),(7416,1116),(4716,5184),(12716.9,5333.43),(11303.1,5992.73),(9664.06,7992.3),(11161.2,1517.59),(11110.2,2241.27),(13160,3760.16),(7740,2628),(9198,2340),(5949.03,3172.27),(7434,2376),(8460,6642),(6434.57,5222.12),(4310.66,7110),(2441.7,6326.86),(3622.8,5695.04),(3087.97,4274.77),(1242,3744),(1798.21,390.148),(1798.21,390.148),(6399.34,1278),(6066,1278),(7434,270),(4104,3348)
时间231,(8513.41,4096.58),(7416,782.664),(4932,5184),(12383.8,5320.86),(11230.2,5667.47),(9630,7992),(11233.6,1842.99),(11304,2160),(13183,4092.71),(8073.34,2628),(8864.73,2346.41),(5976,2952),(7443.8,2709.19),(8128.32,6608.83),(6372,5220),(3977.33,7110),(2111.39,6371.71),(3519.61,5378.08),(3421.29,4277.7),(908.953,3757.88),(1464.91,395.172),(1464.91,395.172),(6408,1278),(6399.34,1278),(7100.66,270),(4134.18,3679.97)
时间232,(8180.12,4101.87),(7416,720),(5130,4968),(12050.7,5308.29),(11157.3,5342.2),(9296.66,7992),(11304,2160),(11637.2,2150.74),(13206,4425.25),(8082,2628),(8531.45,2352.82),(6309.15,2940.89),(7452,2988),(8100,6606),(6038.66,5220),(3643.99,7110),(1781.09,6416.57),(3474,5238),(3754.62,4280.62),(810,3762),(1131.61,400.197),(1131.61,400.197),(6074.66,1278),(6408,1278),(6767.33,270),(4140,3744)
时间233,(8046,4104),(7429.32,386.93),(4986,4896),(11717.6,5295.72),(11142,5274),(9162,7992),(11231.7,1834.6),(11952,2142),(13229,4757.79),(8118,2736),(8262,2358),(6516,2934),(7480.47,3320.12),(8077.83,6938.6),(5705.33,5220),(3510,7110),(1450.78,6461.42),(3140.95,5224.12),(4087.94,4283.54),(1143.05,3748.12),(798.317,405.221),(798.317,405.221),(6066,1278),(6074.66,1278),(6642,270),(4109.82,3412.03)
时间234,(8379.29,4098.71),(7434,270),(4968,4680),(11384.5,5283.15),(11214.9,5599.27),(9144.48,7659.12),(11159.4,1509.2),(11618.8,2151.26),(13252,5090.33),(8082,2628),(8595.27,2351.59),(6182.85,2945.11),(7506,3618),(8064,7146),(5616,5220),(3517.57,7443.25),(1314,6480),(3042,5220),(4140,4284),(1242,3744),(465.019,410.246),(465.019,410.246),(6399.34,1278),(6066,1278),(6516,288),(4104,3348)
时间235,(8712.59,4093.42),(7420.68,603.07),(5274,4788),(11142,5274),(11287.8,5924.53),(9144,7650),(11087.1,1183.81),(11304,2160),(13266,5292),(7748.66,2628),(8928.55,2345.18),(5976,2952),(7477.53,3285.88),(8397.34,7146),(5949.34,5220),(3525.15,7776.5),(1644.3,6435.14),(2709.18,5201.51),(4123.35,4616.92),(908.953,3757.88),(216,414),(216,414),(6408,1278),(5859.45,1016.37),(6642,270),(4356,3348)
时间236,(9045.88,4088.13),(7416,720),(5130,4968),(10809.1,5256.48),(11360.7,6249.8),(9155.9,7316.88),(11014.8,858.407),(10996.6,2288.91),(13243,4959.46),(7740,2628),(9198,2340),(6309.15,2940.89),(7452,2988),(8730.67,7146),(6282.67,5220),(3528,7902),(1974.61,6390.29),(2394,5184),(4106.71,4949.84),(810,3762),(246.733,745.916),(549.298,408.975),(6531.8,968.505),(5796,936),(6725.65,592.668),(4644,3330)
时间237,(9180,4086),(7416,1053.34),(4932,5184),(10476.2,5238.96),(11376,6318),(9162,7146),(10942.4,533.009),(10689.2,2417.82),(13220,4626.92),(7812,2898),(9198,2006.66),(6516,2934),(7442.2,2654.81),(9064.01,7146),(6372,5220),(3194.66,7902),(2304.91,6345.43),(2160,4950),(4104,5004),(1143.05,3748.12),(277.466,1077.83),(882.596,403.951),(6624,738),(5832,738),(6768,756),(4628.86,2997.01)
时间238,(9512.35,4060.43),(7416,1116),(5130,4968),(10458,5238),(11452,6642.57),(9150.1,7479.12),(10872,216),(10381.8,2546.73),(13197,4294.38),(8118,2952),(9198,1673.33),(6768,2952),(7434,2376),(9162,7146),(6405.17,4888.32),(2861.33,7902),(2635.22,6300.58),(2124,4662),(4120.65,4671.08),(1242,3744),(306,1386),(1215.89,398.926),(6500.2,1047.49),(5796,936),(6684.35,433.332),(4626,2934)
时间239,(9844.71,4034.87),(7084.43,1081.7),(5292,5058),(10790.9,5255.52),(11527.9,6967.13),(9144,7650),(11205.3,210.049),(10188,2628),(13174,3961.84),(8118,2736),(9198,1494),(7087.28,2856.22),(7443.8,2709.19),(8828.66,7146),(6408,4860),(2527.99,7902),(2772,6282),(1798.85,4735.42),(4137.29,4338.16),(1571.65,3694.55),(363.461,1714.35),(1549.19,393.902),(6408,1278),(5832,738),(6642,270),(4518,2934)
时间240,(9882,4032),(6894,1062),(5130,4968),(11123.8,5273.04),(11574,7164),(9477.34,7650),(11538.6,204.097),(10495.4,2499.09),(13151,3629.29),(8118,2952),(9198,1827.34),(7128,2844),(7452,2988),(8495.33,7146),(6074.66,4860),(2502,7902),(2552.5,6532.86),(1566,4788),(4140,4284),(1901.3,3645.11),(420.921,2042.69),(1882.49,388.877),(6074.66,1278),(5498.66,738),(6725.65,592.668),(4500,3150)
End
