  1.0000000e+000  1.3000000e+001
  2.0000000e+000  1.4000000e+001
  3.0000000e+000  1.6000000e+001
  4.0000000e+000  3.9000000e+001
  5.0000000e+000  4.0000000e+001
  6.0000000e+000  4.1000000e+001
  7.0000000e+000  4.2000000e+001
  8.0000000e+000  4.9000000e+001
  9.0000000e+000  5.9000000e+001
  1.0000000e+001  6.6000000e+001
  1.1000000e+001  6.7000000e+001
  1.2000000e+001  7.0000000e+001
  1.3000000e+001  7.5000000e+001
  1.4000000e+001  7.6000000e+001
  1.5000000e+001  7.8000000e+001
  1.6000000e+001  9.9000000e+001
  1.7000000e+001  1.0000000e+002
  1.8000000e+001  1.0200000e+002
  1.9000000e+001  1.1100000e+002
  2.0000000e+001  1.1200000e+002
  2.1000000e+001  1.2500000e+002
  2.2000000e+001  1.3700000e+002
  2.3000000e+001  1.3800000e+002
  2.4000000e+001  1.4100000e+002
  2.5000000e+001  1.4300000e+002
  2.6000000e+001  1.4700000e+002
  2.7000000e+001  1.6600000e+002
  2.8000000e+001  1.6900000e+002
  2.9000000e+001  1.8100000e+002
  3.0000000e+001  1.8700000e+002
  3.1000000e+001  1.8900000e+002
  3.2000000e+001  1.9000000e+002
  3.3000000e+001  1.9600000e+002
  3.4000000e+001  1.9900000e+002
  3.5000000e+001  2.0100000e+002
  3.6000000e+001  2.2100000e+002
  3.7000000e+001  2.4100000e+002
  3.8000000e+001  2.4500000e+002
  3.9000000e+001  2.4900000e+002
  4.0000000e+001  2.6400000e+002
  4.1000000e+001  2.6700000e+002
  4.2000000e+001  2.7300000e+002
  4.3000000e+001  2.8100000e+002
  4.4000000e+001  2.8600000e+002
  4.5000000e+001  2.9300000e+002
  4.6000000e+001  2.9500000e+002
  4.7000000e+001  3.4400000e+002
  4.8000000e+001  3.4500000e+002
  4.9000000e+001  3.5000000e+002
  5.0000000e+001  3.5900000e+002
  5.1000000e+001  3.6500000e+002
  5.2000000e+001  3.7000000e+002
  5.3000000e+001  3.7700000e+002
  5.4000000e+001  3.9100000e+002
  5.5000000e+001  3.9500000e+002
  5.6000000e+001  3.9900000e+002
  5.7000000e+001  4.1100000e+002
  5.8000000e+001  4.1500000e+002
  5.9000000e+001  4.1900000e+002
  6.0000000e+001  4.3700000e+002
  6.1000000e+001  4.4000000e+002
  6.2000000e+001  4.4400000e+002
  6.3000000e+001  4.5100000e+002
  6.4000000e+001  4.5300000e+002
  6.5000000e+001  4.8900000e+002
  6.6000000e+001  4.9300000e+002
  6.7000000e+001  4.9500000e+002
  6.8000000e+001  5.1300000e+002
  6.9000000e+001  5.1500000e+002
  7.0000000e+001  5.2000000e+002
  7.1000000e+001  5.2300000e+002
  7.2000000e+001  5.2900000e+002
  7.3000000e+001  5.4600000e+002
  7.4000000e+001  5.4800000e+002
  7.5000000e+001  5.4900000e+002
  7.6000000e+001  5.5000000e+002
  7.7000000e+001  5.5900000e+002
  7.8000000e+001  5.6100000e+002
  7.9000000e+001  5.6400000e+002
  8.0000000e+001  5.7000000e+002
  8.1000000e+001  5.7100000e+002
  8.2000000e+001  5.7600000e+002
  8.3000000e+001  5.8100000e+002
  8.4000000e+001  6.0100000e+002
  8.5000000e+001  6.0900000e+002
  8.6000000e+001  6.1700000e+002
  8.7000000e+001  6.1900000e+002
  8.8000000e+001  6.2100000e+002
  8.9000000e+001  6.2200000e+002
  9.0000000e+001  6.2500000e+002
  9.1000000e+001  6.2700000e+002
  9.2000000e+001  6.2900000e+002
  9.3000000e+001  6.3400000e+002
  9.4000000e+001  6.3600000e+002
  9.5000000e+001  6.3900000e+002
  9.6000000e+001  6.4800000e+002
  9.7000000e+001  6.5200000e+002
  9.8000000e+001  6.6200000e+002
  9.9000000e+001  6.6300000e+002
  1.0000000e+002  6.6500000e+002
  1.0100000e+002  6.7900000e+002
  1.0200000e+002  6.8900000e+002
  1.0300000e+002  6.9400000e+002
  1.0400000e+002  6.9800000e+002
  1.0500000e+002  7.3200000e+002
  1.0600000e+002  7.3700000e+002
  1.0700000e+002  7.3900000e+002
  1.0800000e+002  7.5800000e+002
  1.0900000e+002  7.6500000e+002
  1.1000000e+002  7.6600000e+002
  1.1100000e+002  7.7900000e+002
  1.1200000e+002  7.8000000e+002
  1.1300000e+002  7.8500000e+002
  1.1400000e+002  7.9200000e+002
  1.1500000e+002  8.0200000e+002
  1.1600000e+002  8.0300000e+002
  1.1700000e+002  8.0600000e+002
  1.1800000e+002  8.0700000e+002
  1.1900000e+002  8.1200000e+002
  1.2000000e+002  8.1300000e+002
  1.2100000e+002  8.1700000e+002
  1.2200000e+002  8.2200000e+002
  1.2300000e+002  8.2400000e+002
  1.2400000e+002  8.2600000e+002
  1.2500000e+002  8.3000000e+002
  1.2600000e+002  8.3400000e+002
  1.2700000e+002  8.6600000e+002
  1.2800000e+002  8.8200000e+002
  1.2900000e+002  8.9200000e+002
  1.3000000e+002  8.9700000e+002
  1.3100000e+002  9.1000000e+002
  1.3200000e+002  9.1800000e+002
  1.3300000e+002  9.2900000e+002
  1.3400000e+002  9.3100000e+002
  1.3500000e+002  9.3200000e+002
  1.3600000e+002  9.3600000e+002
  1.3700000e+002  9.5300000e+002
  1.3800000e+002  9.6400000e+002
  1.3900000e+002  9.7300000e+002
  1.4000000e+002  9.7900000e+002
  1.4100000e+002  9.8000000e+002
  1.4200000e+002  9.8200000e+002
  1.4300000e+002  9.8900000e+002
  1.4400000e+002  9.9200000e+002
  1.4500000e+002  9.9400000e+002
  1.4600000e+002  1.0020000e+003
  1.4700000e+002  1.0040000e+003
  1.4800000e+002  1.0140000e+003
  1.4900000e+002  1.0220000e+003
  1.5000000e+002  1.0390000e+003
  1.5100000e+002  1.0420000e+003
  1.5200000e+002  1.0470000e+003
  1.5300000e+002  1.0530000e+003
  1.5400000e+002  1.0580000e+003
  1.5500000e+002  1.0600000e+003
  1.5600000e+002  1.0670000e+003
  1.5700000e+002  1.0730000e+003
  1.5800000e+002  1.0910000e+003
  1.5900000e+002  1.0940000e+003
  1.6000000e+002  1.1080000e+003
  1.6100000e+002  1.1100000e+003
  1.6200000e+002  1.1110000e+003
  1.6300000e+002  1.1150000e+003
  1.6400000e+002  1.1190000e+003
  1.6500000e+002  1.1360000e+003
  1.6600000e+002  1.1390000e+003
  1.6700000e+002  1.1530000e+003
  1.6800000e+002  1.1680000e+003
  1.6900000e+002  1.1870000e+003
  1.7000000e+002  1.1940000e+003
  1.7100000e+002  1.1960000e+003
  1.7200000e+002  1.1970000e+003
  1.7300000e+002  1.2000000e+003
  1.7400000e+002  1.2080000e+003
  1.7500000e+002  1.2090000e+003
  1.7600000e+002  1.2100000e+003
  1.7700000e+002  1.2210000e+003
  1.7800000e+002  1.2230000e+003
  1.7900000e+002  1.2240000e+003
  1.8000000e+002  1.2270000e+003
  1.8100000e+002  1.2310000e+003
  1.8200000e+002  1.2440000e+003
  1.8300000e+002  1.2470000e+003
  1.8400000e+002  1.2480000e+003
  1.8500000e+002  1.2560000e+003
  1.8600000e+002  1.2580000e+003
  1.8700000e+002  1.2600000e+003
  1.8800000e+002  1.2630000e+003
  1.8900000e+002  1.2850000e+003
  1.9000000e+002  1.2860000e+003
  1.9100000e+002  1.2880000e+003
  1.9200000e+002  1.2930000e+003
  1.9300000e+002  1.3250000e+003
  1.9400000e+002  1.3280000e+003
  1.9500000e+002  1.3320000e+003
  1.9600000e+002  1.3340000e+003
  1.9700000e+002  1.3400000e+003
  1.9800000e+002  1.3460000e+003
  1.9900000e+002  1.3480000e+003
  2.0000000e+002  1.3600000e+003
  2.0100000e+002  1.3650000e+003
  2.0200000e+002  1.3660000e+003
  2.0300000e+002  1.3810000e+003
  2.0400000e+002  1.3860000e+003
  2.0500000e+002  1.3870000e+003
  2.0600000e+002  1.3980000e+003
  2.0700000e+002  1.4000000e+003
  2.0800000e+002  1.4010000e+003
  2.0900000e+002  1.4060000e+003
  2.1000000e+002  1.4110000e+003
  2.1100000e+002  1.4140000e+003
  2.1200000e+002  1.4210000e+003
  2.1300000e+002  1.4230000e+003
  2.1400000e+002  1.4390000e+003
  2.1500000e+002  1.4470000e+003
  2.1600000e+002  1.4510000e+003
  2.1700000e+002  1.4520000e+003
  2.1800000e+002  1.4660000e+003
  2.1900000e+002  1.4720000e+003
  2.2000000e+002  1.4730000e+003
  2.2100000e+002  1.4890000e+003
  2.2200000e+002  1.4940000e+003
  2.2300000e+002  1.4950000e+003
  2.2400000e+002  1.5040000e+003
  2.2500000e+002  1.5110000e+003
  2.2600000e+002  1.5140000e+003
  2.2700000e+002  1.5260000e+003
  2.2800000e+002  1.5300000e+003
  2.2900000e+002  1.5340000e+003
  2.3000000e+002  1.5370000e+003
  2.3100000e+002  1.5410000e+003
  2.3200000e+002  1.5460000e+003
  2.3300000e+002  1.5480000e+003
  2.3400000e+002  1.5490000e+003
  2.3500000e+002  1.5590000e+003
  2.3600000e+002  1.5600000e+003
  2.3700000e+002  1.5700000e+003
  2.3800000e+002  1.5730000e+003
  2.3900000e+002  1.5790000e+003
  2.4000000e+002  1.5820000e+003
  2.4100000e+002  1.5830000e+003
  2.4200000e+002  1.5970000e+003
  2.4300000e+002  1.6050000e+003
  2.4400000e+002  1.6080000e+003
  2.4500000e+002  1.6140000e+003
  2.4600000e+002  1.6230000e+003
  2.4700000e+002  1.6340000e+003
  2.4800000e+002  1.6350000e+003
  2.4900000e+002  1.6370000e+003
  2.5000000e+002  1.6440000e+003
  2.5100000e+002  1.6480000e+003
  2.5200000e+002  1.6490000e+003
  2.5300000e+002  1.6510000e+003
  2.5400000e+002  1.6590000e+003
  2.5500000e+002  1.6660000e+003
  2.5600000e+002  1.6680000e+003
  2.5700000e+002  1.6710000e+003
  2.5800000e+002  1.6720000e+003
  2.5900000e+002  1.6740000e+003
  2.6000000e+002  1.6750000e+003
  2.6100000e+002  1.6790000e+003
  2.6200000e+002  1.6980000e+003
  2.6300000e+002  1.7240000e+003
  2.6400000e+002  1.7300000e+003
  2.6500000e+002  1.7580000e+003
  2.6600000e+002  1.7610000e+003
  2.6700000e+002  1.7630000e+003
  2.6800000e+002  1.7700000e+003
  2.6900000e+002  1.7710000e+003
  2.7000000e+002  1.7720000e+003
  2.7100000e+002  1.7850000e+003
  2.7200000e+002  1.7950000e+003
  2.7300000e+002  1.7970000e+003
  2.7400000e+002  1.8010000e+003
  2.7500000e+002  1.8080000e+003
  2.7600000e+002  1.8260000e+003
  2.7700000e+002  1.8360000e+003
  2.7800000e+002  1.8390000e+003
  2.7900000e+002  1.8430000e+003
  2.8000000e+002  1.8670000e+003
  2.8100000e+002  1.8700000e+003
  2.8200000e+002  1.8710000e+003
  2.8300000e+002  1.8730000e+003
  2.8400000e+002  1.8750000e+003
  2.8500000e+002  1.8840000e+003
  2.8600000e+002  1.8860000e+003
  2.8700000e+002  1.8870000e+003
  2.8800000e+002  1.8920000e+003
  2.8900000e+002  1.8940000e+003
  2.9000000e+002  1.8970000e+003
  2.9100000e+002  1.9000000e+003
  2.9200000e+002  1.9040000e+003
  2.9300000e+002  1.9120000e+003
  2.9400000e+002  1.9170000e+003
  2.9500000e+002  1.9200000e+003
  2.9600000e+002  1.9240000e+003
  2.9700000e+002  1.9350000e+003
  2.9800000e+002  1.9380000e+003
  2.9900000e+002  1.9390000e+003
  3.0000000e+002  1.9420000e+003
  3.0100000e+002  1.9430000e+003
  3.0200000e+002  1.9460000e+003
  3.0300000e+002  1.9590000e+003
  3.0400000e+002  1.9600000e+003
  3.0500000e+002  1.9650000e+003
  3.0600000e+002  1.9670000e+003
  3.0700000e+002  1.9720000e+003
  3.0800000e+002  1.9740000e+003
  3.0900000e+002  1.9820000e+003
  3.1000000e+002  1.9830000e+003
  3.1100000e+002  1.9850000e+003
  3.1200000e+002  1.9910000e+003
  3.1300000e+002  1.9930000e+003
  3.1400000e+002  1.9980000e+003
