0,(8387,278),(9198,2214),(3525,7775),(11754,200),(11334,2282),(4086,738),(9054,6314),(227,539),(14528,7145),(6282,2142),(936,3756),(7427,5381),(9036,7989),(10453,5112),(4626,6985),(7560,272),(1703,5775),(7434,1242),(5508,4877),(9190,4266),(4507,3060),(7574,2957),(3924,5209),(1583,7088),(6875,7956),(1842,3021),(11545,7041)
1,(8627,260),(9198,1974),(3519,7535),(11514,204),(11446,2450),(4326,738),(8814,6308),(249,778),(14499,7383),(6084,2178),(1175,3746),(7414,5621),(8795,7985),(10444,4872),(4594,6747),(7800,277),(1728,5652),(7431,1227),(5324,5031),(9183,4145),(4349,3142),(7807,2899),(3684,5224),(1823,7081),(7115,7956),(1888,3257),(11490,6807)
2,(8963,248),(9198,1637),(3512,7200),(11178,210),(11782,2460),(4662,738),(9180,6318),(280,1113),(14458,7717),(6233,2386),(972,3755),(7396,5957),(8459,7979),(10432,4535),(4548,6414),(8136,285),(2062,5615),(7257,1361),(5225,5021),(9287,4397),(4266,3138),(7753,2678),(3348,5232),(2138,7030),(7406,7902),(1952,3587),(11413,6479)
3,(9268,243),(9198,1656),(3294,7110),(11880,198),(12088,2462),(4968,738),(8171,6284),(311,1417),(14421,8021),(6398,2627),(832,3904),(7380,6263),(8154,7974),(10458,5238),(4540,6113),(8262,467),(2366,5582),(6951,1352),(5468,4910),(9593,4418),(4505,3078),(7735,2917),(3042,5220),(2214,6929),(7451,7599),(1912,3383),(11345,6181)
4,(9610,237),(9198,1997),(2951,7110),(11213,209),(12429,2450),(5310,738),(8102,6569),(370,1754),(14456,7731),(6362,2599),(885,4242),(7380,6604),(9162,7992),(10434,4572),(4614,5785),(8262,810),(2706,5544),(6892,1083),(5797,4860),(9935,4441),(4715,2930),(7456,3037),(3042,5455),(2267,7089),(7400,7261),(1847,3047),(11270,5847)
5,(9947,231),(9198,2335),(2614,7110),(11550,203),(12767,2439),(5646,738),(8116,6305),(428,2087),(14497,7396),(6210,2312),(862,4099),(7380,6941),(8083,7332),(10446,4908),(4398,5714),(8262,1147),(1728,5652),(6773,769),(6135,4860),(9744,4428),(5052,2916),(7485,3373),(3143,5224),(2364,7098),(7177,7133),(1633,2917),(11196,5518)
6,(10277,226),(8873,2346),(2681,7110),(11880,198),(13040,2430),(5688,738),(7811,6274),(378,1800),(14537,7069),(6088,2007),(811,3773),(7380,6984),(8205,7146),(10422,4230),(4106,5866),(8100,1324),(2714,5543),(6691,1060),(6402,4915),(9415,4406),(5163,2928),(7590,3625),(3473,5237),(2035,7075),(6849,7143),(1306,2952),(11159,5351)
7,(10624,220),(8525,2352),(3029,7110),(11880,545),(12692,2442),(5339,738),(7464,6266),(318,1457),(14339,6840),(5868,1744),(730,3435),(7380,6636),(8553,7146),(10110,5250),(4128,5964),(7752,1347),(2368,5581),(6640,1264),(6328,5220),(9180,4521),(5507,2923),(7452,2988),(3820,5216),(1687,7085),(6744,6897),(960,2988),(11235,5691)
8,(10926,215),(8299,2357),(3331,7110),(11887,846),(12390,2452),(5039,738),(7596,6269),(284,1157),(14041,6840),(5650,1539),(658,3142),(7380,6335),(8855,7146),(10134,5249),(4104,5710),(7434,270),(2069,5614),(6713,972),(6028,5220),(9183,4504),(5283,2942),(7457,3862),(4119,5219),(1471,7161),(6738,6596),(660,3020),(11301,5984)
9,(11266,208),(8639,2350),(3513,7271),(11904,1187),(12050,2463),(4698,738),(7937,6277),(253,818),(14382,6840),(5626,1355),(583,2809),(7394,5995),(9196,7147),(10476,5238),(4266,5783),(7792,1345),(1729,5651),(6813,865),(5686,5220),(9184,4164),(5035,2803),(7558,3542),(4456,5210),(1536,7496),(6732,6309),(938,2991),(11574,7164)
10,(11591,203),(8964,2344),(3521,7596),(11920,1511),(11726,2458),(4374,738),(8261,6289),(223,495),(14503,6962),(5748,1635),(515,2493),(7411,5671),(9520,7157),(10800,5256),(4644,7110),(8116,1323),(1830,5844),(7005,1073),(5363,5206),(9425,4067),(4766,2736),(7745,3277),(4780,5184),(1534,7484),(6739,6633),(1260,2957),(11449,6633)
11,(11932,196),(9191,2448),(3492,7902),(11937,1853),(11384,2448),(4032,738),(8471,6426),(476,410),(14225,6840),(6002,1865),(443,2158),(7430,5329),(9861,7168),(10458,5238),(4585,5957),(8262,1118),(2171,5875),(7346,1108),(5020,5188),(9766,4040),(4791,2736),(7753,3266),(4887,5356),(1469,7148),(6746,6974),(1601,2921),(11527,6967)
12,(12276,184),(9198,2340),(3149,7902),(11949,2088),(11268,2175),(3853,488),(8466,6514),(818,404),(13884,6870),(6181,2142),(492,2388),(7165,5246),(10204,7179),(10799,5255),(4616,6205),(8262,775),(2513,5905),(7144,1087),(5186,5197),(9655,4049),(5010,2624),(7556,3546),(4568,5481),(1466,7136),(6750,7317),(1797,2774),(11433,7165)
13,(12616,173),(9165,3130),(2807,7902),(11932,1747),(10953,2306),(3877,544),(8603,6303),(1159,399),(13549,6935),(6197,1917),(564,2721),(6824,5235),(10045,7174),(10458,5238),(4954,6252),(8262,433),(2852,5936),(6888,1152),(5108,5394),(9315,4075),(5040,2827),(7484,3364),(4749,5410),(1531,7471),(6750,7658),(1742,2437),(11092,7170)
14,(12922,163),(9168,3437),(3528,7902),(11916,1441),(10671,2425),(3864,744),(8909,6311),(1466,395),(13248,6989),(6205,1712),(629,3021),(6517,5224),(9740,7164),(10447,4932),(5035,6483),(8102,284),(3034,5952),(6865,1457),(5085,5589),(9176,3915),(4842,2925),(7458,3059),(4928,5216),(1650,7559),(6740,7955),(1693,2135),(10786,7175)
15,(12528,176),(9176,3905),(2491,7432),(11893,972),(10238,2606),(3396,777),(9176,6119),(1935,388),(12781,7038),(6674,1723),(740,3477),(6695,5230),(9271,7149),(10430,4463),(5025,6953),(7632,274),(2566,5910),(6858,1530),(5634,4860),(8998,3618),(4637,3187),(7136,2751),(4677,4965),(1971,7217),(6271,7940),(1730,2359),(10317,7181)
16,(12330,182),(9179,4068),(2486,7236),(11883,775),(10318,2573),(3199,791),(9173,5922),(2131,385),(12585,7058),(6840,1759),(787,3668),(6892,5237),(9158,7233),(10423,4265),(5062,7110),(7436,270),(2370,5892),(6892,1350),(5285,5109),(9198,4392),(4698,3333),(7185,2777),(4680,4984),(2105,7074),(6075,7934),(1761,2554),(10471,7179)
17,(11988,194),(9175,3727),(2488,7325),(12147,697),(10634,2440),(2858,815),(9167,5580),(2473,379),(12245,7094),(6840,2101),(848,4005),(7234,5249),(9146,7576),(10116,4230),(5403,7110),(7420,610),(2029,5862),(7234,1361),(5522,5215),(9143,3618),(4824,3341),(7452,2988),(4576,5198),(1871,7324),(5733,7923),(1817,2892),(10814,7174)
18,(12095,190),(9170,3402),(2496,7650),(12471,692),(10933,2315),(2535,838),(9180,6318),(2797,375),(11923,7127),(6942,2331),(898,4326),(7558,5249),(9152,7399),(10116,4230),(5727,7112),(7424,506),(1706,5833),(7452,1473),(5627,4989),(9176,3915),(4637,3185),(7442,2664),(4253,5231),(1649,7560),(5823,7926),(1766,2583),(11137,7170)
19,(12446,179),(9165,3051),(2600,7902),(12823,686),(11256,2179),(2184,863),(9513,5274),(3149,369),(14544,7020),(7292,2363),(972,4669),(7909,5230),(9065,7146),(10376,4230),(6079,7119),(7318,270),(1355,5819),(7452,1825),(5622,5082),(9176,3905),(4617,2835),(7496,2368),(4065,5344),(1594,7877),(6173,7937),(1710,2237),(11489,7165)
20,(12779,168),(9162,2860),(2934,7902),(12971,506),(11242,1884),(2503,841),(9180,6318),(3482,364),(11905,7129),(7243,2358),(1238,4767),(7994,5226),(8732,7146),(10044,4230),(6412,7126),(6986,270),(1250,6013),(7701,1891),(5811,5220),(9170,3664),(4590,2934),(7736,2251),(4102,5676),(1874,7927),(6506,7948),(1565,2023),(11600,7410)
21,(12825,166),(9167,3176),(3249,7902),(12960,189),(11174,1576),(2818,818),(9846,5608),(216,414),(12219,7096),(6928,2330),(1554,4787),(7678,5243),(8415,7146),(9887,4047),(6232,7122),(6670,270),(1293,6326),(7450,1934),(6127,5220),(9177,3979),(4274,2923),(7723,1935),(4070,5385),(2190,7914),(6750,7882),(1250,2046),(11633,7725)
22,(12472,178),(9172,3529),(3601,7905),(12971,486),(11097,1232),(3169,793),(9846,5960),(3446,365),(12569,7060),(6853,2584),(1226,4766),(7424,5148),(9162,7992),(10112,4230),(5879,7115),(6966,270),(1348,6674),(7437,2285),(6382,5113),(9174,3840),(4104,2882),(7734,2196),(4094,5039),(2462,7903),(6750,7531),(898,2072),(11657,7944)
23,(12158,188),(9176,3843),(3915,7919),(12862,685),(11029,925),(3483,771),(10141,5935),(3131,370),(12882,7027),(6744,2764),(973,4676),(7398,4834),(8096,7458),(10422,4233),(5565,7110),(7280,270),(1728,5652),(7442,2152),(6402,4799),(9171,3709),(4129,3193),(7909,2345),(4184,5212),(2148,7916),(6750,7216),(585,2094),(11623,7631)
24,(11936,196),(9178,3992),(4251,7934),(12525,691),(10956,597),(3818,748),(10008,5953),(2796,375),(13216,6992),(7074,2832),(902,4347),(7235,4662),(8118,7793),(10434,4570),(5229,7110),(7616,273),(1344,6652),(7452,1815),(5634,4860),(9179,4046),(3923,3335),(8246,2357),(4074,5113),(1812,7929),(6484,7128),(613,2092),(11588,7297)
25,(12311,183),(9198,2340),(4626,7951),(12151,697),(10875,231),(3998,968),(9846,5764),(2420,380),(13585,6928),(6820,2936),(1259,4269),(6860,4662),(7923,7969),(10447,4944),(4855,7110),(7991,282),(1287,6281),(7452,1440),(6033,4860),(9172,3750),(3809,3029),(7902,2345),(4081,5483),(1581,7774),(6334,7282),(987,2065),(11332,7167)
26,(12605,173),(9167,3325),(4698,7753),(11880,679),(10932,486),(4046,1257),(9846,5472),(2128,385),(13873,6872),(6530,2935),(1552,4266),(6566,4662),(7630,7961),(10458,5238),(4726,7110),(8262,309),(1247,5991),(7671,1353),(5740,4860),(9173,3777),(4011,2926),(7610,2355),(4037,5745),(1586,7816),(6041,7271),(1279,2044),(11040,7171)
27,(13050,5346),(9163,2970),(4668,7399),(11880,324),(11009,833),(4030,1163),(9671,5282),(1773,390),(14226,6840),(6516,2842),(1906,4266),(6567,4662),(7521,7959),(10812,5256),(5023,7051),(8262,665),(1399,5820),(8026,1329),(5565,4620),(9226,4082),(3843,2946),(7439,2552),(3767,5976),(1835,7928),(5685,7257),(1634,2018),(10685,7176)
28,(12652,172),(9198,2340),(4645,7125),(11700,201),(11075,1132),(3980,860),(9364,5266),(1466,395),(14303,6840),(6731,2949),(1962,4266),(6875,4662),(7827,7966),(11119,5272),(5029,6744),(8262,972),(1694,5817),(8191,1318),(5269,4572),(9532,4058),(3834,3210),(7448,2860),(3918,5847),(2141,7916),(5816,7262),(1407,2035),(10377,7180)
29,(12311,183),(9179,2340),(4674,7466),(11358,207),(11149,1466),(3874,537),(9164,5396),(1124,400),(14119,6840),(7061,2863),(1620,4266),(7217,4662),(8170,7974),(10821,5257),(5037,6402),(7434,270),(1901,5633),(7849,1341),(4976,4629),(9874,4032),(3630,3330),(7256,2900),(4193,5647),(2484,7902),(6159,7275),(1066,2060),(10315,7441)
30,(11975,194),(8844,2346),(4702,7801),(11021,213),(11222,1794),(3854,491),(9170,5731),(788,405),(14381,6840),(7372,2952),(1283,4266),(7403,4506),(8506,7980),(10486,5239),(5231,6211),(8262,977),(2235,5596),(7513,1363),(5161,4572),(9913,4118),(3581,3330),(7119,3039),(4050,5202),(2183,7914),(6494,7288),(731,2084),(10322,7523)
31,(12115,190),(8512,2353),(4540,7948),(10690,219),(11294,2118),(3897,742),(9175,6062),(456,410),(14049,6840),(6282,2142),(958,4326),(7413,4175),(8837,7986),(10155,5249),(5561,6244),(8262,647),(2564,5560),(7452,1636),(5420,4444),(9643,4050),(3912,3334),(7042,3343),(4197,5645),(1852,7927),(6601,7136),(462,2103),(10296,7192)
32,(12440,179),(8267,2284),(4215,7933),(10366,224),(11586,2152),(3572,765),(9178,6388),(300,412),(14354,6840),(7394,2930),(956,4598),(7407,4357),(9162,7992),(9978,5113),(5592,6552),(8262,321),(2887,5524),(7452,1853),(5360,4547),(9319,4075),(4126,3215),(6805,3563),(4079,5466),(1592,7864),(6927,7140),(787,2080),(10610,7177)
33,(12807,167),(8297,1918),(3849,7916),(10000,230),(11304,2160),(3207,791),(9170,6754),(665,407),(14115,6840),(7092,2727),(1031,4957),(7459,4662),(9527,7992),(9994,4748),(5607,6917),(7929,280),(3042,5296),(7452,1487),(5638,4515),(9405,4068),(4167,2918),(6468,3697),(3950,5208),(1668,7540),(7292,7130),(1152,2053),(10975,7172)
34,(12811,166),(8008,1898),(3548,7902),(9699,235),(12252,2127),(2907,812),(9163,7054),(966,402),(14265,6840),(6914,2678),(1069,5150),(7760,4662),(9430,7992),(10007,4447),(5611,7001),(7629,274),(3042,5443),(7271,1362),(5634,4860),(9705,4045),(4469,2931),(6168,3727),(3649,5227),(1874,7320),(7412,7339),(1452,2032),(11276,7168)
35,(12474,178),(7774,1891),(3844,7916),(9361,241),(12590,2110),(2570,836),(9167,6898),(1305,397),(14525,6992),(7227,2800),(1003,4818),(8066,4662),(9158,7922),(9993,4782),(5597,6663),(7290,270),(2769,5537),(6932,1351),(5900,3964),(9937,4183),(4445,2930),(5872,3853),(3524,5392),(1458,7092),(7530,7604),(1558,2024),(11564,7124)
36,(12132,189),(8114,1902),(4185,7931),(9020,247),(12931,2093),(2229,860),(9174,6557),(1646,392),(14506,7325),(7450,2941),(1262,4769),(7725,4662),(9147,7718),(9977,5123),(5583,6322),(6950,270),(2430,5575),(6655,1334),(5918,4035),(9800,4038),(4518,2934),(6060,4053),(3629,5716),(2446,7106),(7870,7641),(1218,2049),(11486,6791)
37,(11954,195),(8286,2051),(4512,7946),(8802,251),(13060,2296),(2452,844),(9267,6315),(1972,387),(14466,7650),(7441,2614),(1564,4810),(7434,5256),(9215,7992),(9907,5274),(5329,6219),(6623,272),(2104,5610),(6882,1242),(5792,4331),(9474,4063),(3779,2953),(6387,4085),(3709,6010),(2490,7398),(8040,7659),(891,2072),(11412,6472)
38,(12278,184),(8245,2357),(4705,7836),(9127,245),(13058,2240),(2775,821),(9590,6306),(2296,382),(14427,7972),(7348,2368),(1550,5134),(7410,4985),(9538,7992),(10229,5246),(5013,6260),(6566,498),(1782,5646),(6839,929),(5584,4581),(9208,4083),(4518,2934),(6709,4050),(3386,5982),(2497,7723),(7717,7624),(568,2096),(11339,6156)
39,(12674,171),(7848,2343),(4672,7441),(9522,238),(12806,2099),(3170,793),(9632,6305),(2692,376),(14096,8041),(6953,2332),(1200,5197),(7559,5249),(9597,7687),(10452,5070),(4620,6206),(6568,877),(1533,5825),(6977,744),(5491,4356),(9603,4053),(4518,2934),(6862,4050),(3200,5966),(2497,7684),(7432,7723),(486,2359),(11253,5770)
40,(12953,162),(7909,2345),(4648,7163),(9802,234),(12527,2113),(3449,774),(9353,6313),(2971,372),(13816,8038),(6840,2156),(1238,5195),(7838,5234),(9619,7890),(10442,4792),(4541,6366),(6464,1136),(1254,5815),(7256,728),(5605,4222),(9198,4392),(3182,2927),(6584,4061),(3478,5990),(2490,7406),(7353,7956),(545,2631),(11192,5497)
41,(12615,173),(9198,2340),(4346,7110),(10154,228),(12175,2130),(3800,749),(9001,6313),(3323,367),(13465,8033),(6840,1804),(1549,5141),(8118,5291),(9603,7742),(10429,4439),(4589,6715),(6482,1092),(1150,5501),(7223,730),(5795,4050),(9905,4096),(3425,2981),(6401,3930),(3693,5912),(2428,7104),(7002,7956),(619,2976),(11168,5394)
42,(12307,183),(8568,2352),(4038,7110),(10460,222),(11868,2144),(4107,738),(8694,6305),(3631,362),(13158,8029),(6610,1722),(1563,4834),(8118,5598),(9379,7650),(10324,4230),(4631,7019),(6596,806),(1728,5652),(6916,747),(5741,4050),(9643,4050),(3731,2959),(6636,3852),(3598,5620),(2121,7075),(6804,7956),(886,2996),(11236,5693)
43,(11936,196),(8940,2344),(3667,7110),(10832,216),(11498,2154),(4477,738),(8632,6303),(3594,363),(12786,8024),(6239,1712),(1242,4767),(8118,5969),(9279,7650),(10458,5238),(4364,7110),(6554,448),(1165,5563),(6990,743),(5601,4296),(9273,4078),(4100,2916),(6290,3913),(3483,5267),(1863,7333),(7175,7956),(1255,2957),(11317,6056)
44,(12117,190),(9198,2304),(3645,7110),(10617,220),(11211,2198),(4771,738),(8926,6311),(3299,367),(12492,8020),(6181,1873),(981,4711),(8118,6263),(9572,7650),(10247,4230),(4070,7110),(6387,288),(1215,5777),(7284,727),(5564,4588),(9379,4070),(4128,3203),(7452,2988),(3210,5227),(1661,7547),(7470,7957),(1548,2926),(11370,6292)
45,(12447,179),(9198,1974),(3976,7110),(10287,225),(10907,2326),(5102,738),(9255,6315),(2970,372),(12162,8016),(6292,2184),(911,4388),(8118,5969),(9903,7650),(10427,4386),(3739,7110),(6056,288),(1139,5456),(7416,918),(5298,4772),(9708,4045),(4288,3348),(7452,2988),(2881,5211),(1529,7463),(7800,7966),(1808,2839),(11298,5970)
46,(12814,166),(9198,1606),(4343,7110),(9920,232),(10567,2468),(5470,738),(9624,6305),(2601,378),(11795,8011),(6289,2173),(1211,4278),(8118,5602),(10271,7650),(10440,4754),(3536,6974),(5974,288),(1104,5306),(7416,946),(5634,4860),(9948,4214),(4108,3395),(5912,3468),(2512,5190),(1459,7101),(8118,7924),(1749,2476),(11217,5610)
47,(12805,167),(9198,1682),(3528,7902),(9619,237),(10291,2584),(5769,738),(9822,6186),(2301,382),(11833,8012),(6028,2205),(1262,4034),(8118,5302),(10092,7650),(10451,5053),(3594,6680),(6274,288),(1173,5598),(7418,645),(5658,4830),(9808,4037),(4135,3695),(5949,3170),(2212,5167),(1572,6959),(8118,7711),(1700,2179),(11151,5317)
48,(12446,179),(9198,2040),(4674,7466),(9261,243),(10414,2532),(5535,738),(9829,6122),(1944,387),(12191,8016),(5682,2299),(1308,3734),(8394,5229),(9734,7650),(10284,5244),(3663,6328),(6632,271),(1242,5949),(7433,287),(5634,4860),(9451,4065),(4140,4053),(5838,2940),(2247,5037),(1926,6907),(8022,7971),(1482,2029),(11210,5579)
49,(12134,189),(9197,2352),(4700,7777),(8949,248),(10702,2412),(5224,738),(9944,6305),(1631,392),(12503,8020),(5530,2489),(1616,3687),(8705,5240),(9765,7650),(10458,5238),(3723,6022),(6717,562),(1284,6258),(7422,563),(6004,4269),(9182,4125),(4219,4269),(5560,2917),(2498,5189),(2235,6862),(7710,7963),(1171,2052),(11278,5884)
50,(11973,194),(9143,2666),(4701,7786),(8894,249),(11024,2277),(4874,738),(10245,6368),(1282,397),(12851,8025),(5541,2838),(810,3762),(9054,5252),(10113,7650),(9846,5509),(3660,6343),(6730,611),(1297,6355),(7222,730),(6015,4177),(9187,4474),(4140,4255),(5909,2946),(2847,5209),(1955,6903),(7361,7956),(823,2077),(11355,6225)
51,(12326,183),(8790,2690),(4671,7434),(9248,243),(11316,2208),(4521,738),(10267,6721),(929,403),(13205,8030),(5535,2639),(2031,3982),(8916,5247),(10196,7650),(9846,5862),(3592,6690),(7434,270),(1249,6005),(6869,750),(5910,4508),(9162,4825),(4140,3902),(5941,3236),(2882,5211),(1605,6954),(7008,7956),(470,2103),(11319,6066)
52,(12626,173),(8491,2710),(4646,7135),(9547,238),(11362,2395),(4221,738),(10285,7021),(629,407),(13504,8034),(6282,2142),(2085,4255),(8616,5237),(9897,7650),(10031,5950),(3534,6984),(6717,560),(1330,5818),(6843,939),(5728,4745),(9162,5126),(4127,3603),(5904,3534),(2583,5194),(1499,6970),(6708,7954),(692,2087),(11253,5773)
53,(13050,5346),(8158,2733),(4336,7110),(9881,232),(11284,2071),(3971,808),(10285,7010),(296,412),(13837,8038),(5848,2256),(2020,3928),(8282,5225),(9564,7650),(10121,5938),(3514,7314),(6735,629),(1663,5830),(6881,1263),(5583,4682),(9162,5053),(4026,3342),(5897,3823),(2291,5081),(1828,6922),(6375,7944),(1024,2063),(11180,5447)
54,(12620,173),(8415,2715),(3998,7110),(10220,227),(11210,1740),(4027,1143),(10264,6671),(239,670),(14176,8042),(5847,2256),(1921,3642),(8106,5046),(9225,7650),(9839,6036),(3522,7654),(6650,300),(2001,5859),(7128,1357),(5634,4860),(9162,4714),(3687,3330),(6219,3721),(2185,5101),(2164,6873),(6035,7933),(1362,2038),(11177,5431)
55,(12296,184),(8738,2693),(3674,7110),(10543,221),(11140,1423),(4070,1463),(10243,6347),(269,993),(14335,8044),(5533,2337),(1601,3690),(8085,4722),(9156,7893),(9816,6240),(3526,7825),(6351,288),(2324,5888),(7452,1368),(5840,4609),(9162,4662),(3456,3258),(6543,3690),(2333,5178),(2051,6889),(5711,7923),(1662,2016),(11248,5747)
56,(11969,195),(9066,2671),(3541,6949),(11880,198),(11069,1103),(4078,1792),(10242,6019),(299,1320),(14007,8040),(5512,2019),(1276,3738),(8099,4928),(9149,7762),(9846,5912),(3518,7497),(6023,288),(2651,5918),(7426,1189),(5979,4383),(9525,4413),(3332,3345),(6838,3546),(2164,4976),(1726,6936),(5609,7687),(1334,2040),(11319,6067)
57,(12173,188),(8911,2682),(3615,6573),(10955,589),(10986,729),(4106,2173),(10242,6206),(360,1698),(13624,8035),(5237,1908),(1265,4091),(8112,5129),(9153,7379),(9846,5530),(3510,7115),(6024,288),(3033,5952),(7423,1166),(5765,4700),(9908,4439),(3419,3332),(7452,2988),(2173,5029),(1429,7035),(5599,7305),(952,2068),(11348,6193)
58,(12472,178),(8614,2702),(3673,6280),(11019,880),(10921,438),(4341,2250),(10054,6310),(412,1992),(13325,8031),(5119,1852),(1156,4289),(8092,4831),(9159,7209),(9785,5288),(3803,7110),(6322,288),(2861,5936),(7416,869),(5543,4872),(9810,4432),(3716,3330),(7122,2978),(4050,5202),(1693,7085),(5604,7501),(655,2089),(11282,5902)
59,(12788,167),(8297,2723),(3717,6054),(11088,1190),(10891,302),(4520,2250),(9738,6302),(397,1906),(13009,8027),(5415,1908),(891,4282),(8072,4515),(9148,7526),(9469,5272),(4119,7110),(6544,407),(2545,5908),(7416,888),(5634,4860),(9493,4411),(4033,3342),(6948,2806),(2176,5048),(2009,7076),(5613,7818),(451,2196),(11213,5593)
60,(12794,167),(8038,2628),(3652,6384),(11161,1519),(10964,631),(4184,2250),(9401,6311),(338,1574),(12671,8023),(5518,2152),(839,3949),(8050,4178),(9357,7650),(9192,5257),(4457,7110),(6623,736),(2210,5878),(7307,1104),(5148,5348),(9195,4350),(4128,3614),(6618,2738),(4050,5202),(2250,6881),(5609,7685),(522,2526),(11144,5283)
61,(12378,181),(7857,2628),(3572,6792),(11251,1924),(11054,1037),(4081,1899),(9176,6123),(285,1162),(12256,8017),(5533,2568),(1035,3752),(8067,4443),(9612,7828),(9606,5279),(4872,7110),(6470,1121),(1796,5841),(7452,1368),(5238,5243),(9188,4235),(4424,3754),(6739,2874),(2393,5183),(1885,6913),(5598,7269),(610,2932),(11235,5689)
62,(12086,191),(8103,2692),(3516,7078),(11354,2158),(11117,1322),(4073,1608),(9171,5832),(258,872),(11964,8013),(5542,2860),(1247,3829),(8077,4589),(9616,7864),(9896,5277),(5025,6967),(6454,1162),(1504,5824),(7184,1092),(5511,5214),(9180,4527),(4716,3764),(7452,2988),(2685,5200),(1596,6955),(5599,7240),(588,2830),(11298,5974)
63,(11973,194),(8118,2912),(3240,7110),(11656,2150),(11183,1616),(4146,1375),(9166,5531),(230,572),(14544,7020),(5536,2671),(1268,4130),(8057,4288),(9680,7650),(9981,5032),(5031,6667),(6566,882),(1219,5794),(7416,1046),(5625,5024),(9183,4498),(5017,3774),(6757,2605),(2985,5216),(1508,6968),(5885,7265),(524,2536),(11364,6268)
64,(12300,183),(8267,2725),(2914,7110),(11920,2142),(11254,1935),(4470,1330),(9162,5307),(231,581),(11629,7684),(5526,2344),(1469,4266),(7903,4104),(10006,7650),(9996,4705),(5038,6339),(6584,571),(1144,5475),(7452,1368),(5625,5023),(9417,4406),(5166,3601),(6475,2439),(3312,5231),(1832,6921),(6212,7277),(455,2216),(11438,6587)
65,(12626,173),(8592,2703),(2589,7110),(11595,2151),(11399,2157),(4792,1286),(9168,5633),(261,904),(11594,7361),(5836,2259),(1794,4266),(7579,4104),(9162,7992),(10005,4511),(5238,6166),(6549,283),(1123,5200),(7416,1045),(5622,5092),(9742,4428),(5112,3334),(6476,2440),(3637,5227),(2154,6874),(6531,7289),(643,2090),(11513,6903)
66,(13050,5346),(8925,2681),(2712,7110),(11294,2118),(11733,2148),(4848,1278),(9174,5967),(292,1237),(11588,7299),(6149,2145),(2080,4226),(7246,4082),(10306,7316),(9990,4845),(5238,5940),(6882,270),(1457,5187),(7154,1088),(5736,4860),(9940,4441),(5085,3336),(6764,2609),(3971,5206),(2051,6889),(6196,7277),(976,2066),(11640,7157)
67,(12609,173),(9166,2759),(3063,7110),(11218,1776),(12083,2135),(4500,1326),(9180,6318),(340,1585),(11625,7648),(6335,2354),(2011,3882),(6999,3964),(10080,7175),(9974,5195),(5238,6129),(7234,270),(1286,5194),(6888,1152),(6087,4860),(9589,4418),(5166,3601),(6845,2420),(4107,4937),(1703,6940),(5845,7263),(1326,2041),(11989,7120)
68,(12293,184),(9442,2745),(3379,7110),(11150,1468),(12398,2120),(4187,1369),(9173,6633),(395,1895),(11658,7962),(6250,2058),(1974,3698),(7434,5256),(9764,7165),(9983,5001),(5238,5957),(7318,270),(1058,5095),(6759,1341),(6401,4860),(9274,4397),(5302,3780),(7055,2341),(4123,4622),(1415,6982),(5606,7187),(1641,2018),(12303,7088)
69,(11956,195),(9776,2692),(3717,7110),(11077,1138),(12736,2103),(4073,1603),(9165,6971),(410,1982),(11633,7721),(6131,1741),(2040,4030),(7319,4091),(9427,7154),(9998,4663),(5154,6232),(6981,270),(992,4763),(6429,1391),(6390,4527),(9163,4651),(5519,3780),(7392,2372),(4050,5202),(1750,6933),(5875,7115),(1723,2317),(12639,7053)
70,(12143,189),(10111,2640),(4056,7110),(11003,807),(13025,2089),(4082,1941),(8997,7146),(351,1648),(11597,7383),(5992,1502),(2068,4168),(7428,3886),(9163,7072),(10002,4568),(4821,6233),(7434,270),(1054,5073),(6637,1279),(6390,4188),(9253,4395),(5180,3780),(7442,2672),(4123,4623),(2085,6884),(6214,7122),(1777,2652),(12976,7017)
71,(12470,178),(9940,2667),(4382,7110),(10932,488),(12698,2105),(4080,1870),(8670,7146),(300,1325),(11585,7269),(6204,1712),(2004,3847),(7101,3858),(9170,6744),(9988,4895),(4497,6185),(6315,288),(1041,5009),(6716,961),(6166,4063),(9580,4417),(4853,3769),(7441,2983),(4106,4950),(2126,6878),(6499,7187),(1805,2820),(11574,7164)
72,(12811,166),(9602,2720),(4562,7110),(10935,214),(12356,2122),(4071,1529),(8329,7146),(268,984),(11621,7609),(6546,1720),(1837,3654),(7279,3873),(9178,6403),(9972,5236),(4169,6087),(5973,288),(1005,4830),(6736,882),(5887,4140),(9922,4440),(4511,3757),(7452,2988),(4118,4716),(1788,6927),(6415,7126),(1750,2483),(12961,7019)
73,(12753,168),(9252,2775),(4208,7110),(11289,208),(12002,2139),(4277,1357),(8069,7057),(236,632),(11658,7962),(6845,1668),(1487,3707),(7422,4067),(9174,6587),(9846,5495),(4486,6182),(6044,288),(1075,5178),(6650,1226),(5904,4095),(9740,4428),(4157,3744),(7452,2988),(4136,4362),(1437,6979),(6061,7119),(1693,2133),(12609,7056)
74,(12435,179),(8940,2839),(3890,7110),(11608,202),(12219,2128),(4593,1313),(8091,6738),(316,412),(11635,7740),(6282,2142),(1312,3733),(7697,4104),(9167,6906),(9846,5815),(4556,6475),(6363,288),(1147,5489),(6833,1346),(5651,4050),(9421,4406),(4112,3443),(7274,3253),(4140,4043),(1686,6942),(5742,7112),(1706,2213),(12292,7089)
75,(12102,190),(8614,2911),(3557,7110),(11880,259),(12552,2112),(4923,1268),(8299,6625),(649,407),(11600,7408),(6844,1682),(1641,3684),(8030,4104),(9254,7148),(9826,6147),(4602,6805),(6695,270),(1728,5652),(7167,1359),(5583,3804),(9191,4282),(4340,3348),(7125,3551),(4136,3710),(2015,6894),(5599,7315),(1759,2542),(11960,7123)
76,(11975,194),(8302,2966),(3562,6844),(11880,577),(12870,2096),(4733,1294),(8303,6626),(966,402),(11645,7156),(6568,1721),(1956,3636),(7742,4104),(9572,7159),(9828,6135),(4642,7099),(7012,270),(1541,5826),(7484,1365),(5545,4061),(9187,4207),(4465,3197),(7452,2988),(4108,3392),(2230,6908),(5608,7632),(1811,2856),(11644,7156)
77,(12302,183),(7977,2927),(3625,6523),(11890,903),(12903,2095),(4409,1339),(8091,6728),(1294,397),(11970,7122),(6240,1713),(1900,3320),(7434,5256),(9900,7169),(9846,5808),(4598,6774),(7340,270),(1726,5657),(7811,1344),(5303,4272),(9339,4401),(4498,3339),(7129,3543),(4129,3629),(1985,7077),(5614,7879),(1772,2616),(11515,6914)
78,(12646,172),(7985,2928),(3691,6185),(11907,1247),(12559,2112),(3960,738),(8068,7072),(1638,392),(12313,7087),(6002,1519),(1834,2982),(7476,3764),(10243,7180),(9846,5464),(4551,6433),(7423,520),(2064,5615),(8155,1321),(5530,4064),(9683,4424),(4446,3342),(7283,3235),(4119,3515),(1642,7086),(5605,7535),(1716,2276),(11437,6579)
79,(12947,162),(8308,2966),(3697,6157),(11923,1572),(12234,2128),(4014,1064),(8080,6895),(1963,387),(12636,7053),(6246,1429),(1580,2923),(7682,3632),(10316,7454),(9694,5284),(4540,6114),(7421,594),(2387,5579),(8044,1328),(5415,4160),(9198,4392),(4494,3157),(7454,3013),(4118,3504),(1413,7002),(5603,7211),(1683,2076),(11389,6373)
80,(12616,173),(8633,2907),(3633,6482),(11940,1903),(11999,2139),(3960,738),(8097,6646),(2293,382),(12965,7019),(6207,1435),(1250,2958),(7491,3691),(10196,7650),(9363,5266),(4620,5832),(7439,270),(2716,5543),(7713,1350),(5136,4293),(9677,4423),(4509,3039),(7482,3343),(4131,3653),(1502,7319),(5845,7114),(1737,2403),(11464,6696)
81,(12280,184),(8961,2834),(3568,6811),(11947,2045),(12335,2123),(3624,761),(8074,6982),(2629,377),(13300,6984),(6029,1562),(916,2993),(7478,3754),(9861,7650),(9162,5120),(4528,6155),(7776,277),(3042,5499),(7452,1442),(4990,4506),(9341,4401),(4366,3333),(7500,3557),(4106,3377),(1458,7092),(6181,7121),(1791,2735),(11541,7023)
82,(11945,195),(9034,2818),(3510,7141),(11930,1709),(12671,2106),(3289,785),(8075,6974),(2966,372),(13630,6919),(6177,1862),(641,3070),(7703,3634),(9601,7718),(9162,4785),(4813,6232),(8111,284),(3042,5277),(7452,1777),(5634,4860),(9186,4200),(4114,3282),(7472,3222),(4137,3713),(1596,7892),(6517,7130),(1647,2916),(11381,7166)
83,(12184,187),(8673,2898),(3519,7511),(11911,1340),(13040,2088),(2921,811),(9180,6318),(3335,366),(13992,6849),(6299,2211),(728,3429),(7639,3629),(9620,7897),(9162,4908),(5036,6405),(8480,271),(2904,5523),(7690,1892),(5367,4314),(9194,4340),(4357,3142),(7582,2955),(4478,3756),(1542,7527),(6613,7136),(1280,2954),(11012,7171)
84,(12482,177),(8382,2963),(3525,7809),(11897,1042),(12762,2102),(2623,832),(8397,6635),(3632,362),(13794,6887),(6462,2432),(799,3719),(7434,5256),(9544,7650),(9162,5205),(5030,6702),(8718,254),(2608,5555),(7732,2156),(5298,4286),(9165,4637),(4344,3142),(7752,2912),(4511,3757),(1485,7234),(6316,7124),(984,2986),(10714,7176)
85,(12822,166),(8654,2902),(3279,7902),(11880,198),(12421,2118),(2283,856),(8474,6364),(3622,362),(13459,6953),(6757,2604),(739,3473),(7597,3625),(9202,7650),(9162,4965),(5023,7043),(8377,279),(2269,5592),(7583,2358),(5536,4063),(9195,4348),(4117,2997),(7482,2980),(4171,3745),(1653,7086),(5974,7117),(644,3022),(10374,7180)
86,(12757,168),(8986,2829),(2940,7902),(12219,696),(12082,2135),(2410,847),(8202,6286),(3282,367),(13477,6949),(6282,2142),(659,3143),(7457,3861),(9153,7370),(9162,4698),(4749,7110),(8484,271),(1931,5629),(7621,2353),(5581,3792),(9178,4008),(4361,2927),(7811,2898),(4447,3754),(1992,7077),(5635,7110),(561,2707),(10557,7178)
87,(12369,181),(9164,2997),(2552,7902),(12607,690),(11694,2149),(2797,820),(8421,6297),(2895,373),(13859,6875),(6849,2498),(692,3281),(7489,3702),(9326,7151),(9162,5086),(4605,6829),(8624,261),(1728,5652),(7729,2070),(5719,4050),(9170,3621),(4614,2810),(7847,2628),(4451,3755),(1917,7274),(5983,7117),(479,2327),(10944,7172)
88,(12060,191),(9166,3307),(2759,7902),(12916,685),(11386,2157),(3105,798),(8464,6551),(2585,378),(13917,6863),(6847,2455),(766,3582),(7475,3770),(9634,7161),(9162,5117),(4563,6523),(8315,284),(1999,5859),(7594,1898),(6027,4050),(8864,3618),(4518,2934),(8007,2628),(4142,3744),(1706,7500),(6292,7124),(449,2186),(11253,7168)
89,(12010,193),(9198,2340),(3071,7902),(12990,932),(11092,2248),(3416,776),(8239,6619),(2275,382),(13611,6923),(6769,2612),(780,3639),(7475,3771),(9946,7170),(9162,4806),(4521,6214),(8262,544),(2309,5887),(7445,2076),(5937,4050),(9051,3618),(4590,2309),(7751,2670),(4447,3754),(1638,7572),(6519,7246),(514,2490),(11565,7164)
90,(12324,183),(8854,3618),(3385,7902),(13006,1247),(10802,2370),(3730,754),(8109,6430),(1960,387),(14544,7020),(6498,2453),(705,3333),(7256,3871),(10261,7180),(9162,4833),(4237,6107),(8262,860),(2623,5915),(7434,2360),(5799,4322),(8974,3618),(4599,2624),(7890,2911),(4525,3757),(1854,7342),(6579,7134),(581,2798),(11267,7168)
